2.002802797567169
40.55009491126918
5.411543098297823
21.481389001121645
4.289433205636056
2.4478262079068838
10.124570560454227
0.5276329545376552
5.840729731883786
3.5727081167496135
14.440715372117502
5.984328349957415
6.611904999391452
20.964570400759268
24.09730125674328
1.0766584909757613
0.9216104199016892
22.19892574308962
3.184244231828158
4.829985171073197
1.0787792890834051
0.2606388889367998
7.8000965775137745
0.6793253828996603
2.891577987328071
0.0763267420670606
6.250809162235568
0.16249140847242236
15.196665719214797
5.09543055484679
6.236916142431002
2.352314957791572
4.871667901881901
3.6606584214592344
8.875186140711666
1.9183785652514371
5.153468954049446
0.12764975272826204
7.893056197375259
9.82494832406936
0.595073275668663
2.1531256150850773
3.78894518483498
5.485214733009501
17.03573392707252
21.63413192913596
1.2904652649067656
33.66563778785985
2.954550654579285
1.0425899243254126
9.525057707565594
3.949677482609759
4.9312992103761655
14.887116693747638
8.725534237877081
1.6253384545935563
12.701047272879803
0.9217008137930157
8.327275523284648
10.558367215402123
7.185518207675987
1.54589550949942
0.8688798216228172
5.796522860411432
3.4627645947555474
10.066681645742184
4.78560417287738
5.317587311189124
3.7046745317436742
0.8258206235140718
12.764426674909812
5.742591031095115
