96477.24087454208
28270.40279847023
42515.89477677077
90472.38765296816
57425.03478358799
254982.54437776282
99212.59637721557
41482.918445911855
48265.86096622972
65409.77617427123
426057.2639971073
865025.5505328202
103026.19058447552
17950.392257397467
246330.13324230502
185355.30595066602
49700.35779999625
324137.4470138179
840538.736346755
105852.28471039963
15654.0103527787
56457.823735311475
339617.927624286
33122.28301742618
305043.3659876077
90835.78434606321
270310.86155779444
449133.4769293007
213457.1270605544
89591.1370808626
64855.747094388236
73701.95945370957
85245.26471192045
289397.7268306261
149006.06980325075
80974.45356690422
87899.04344173851
45790.365248398906
468328.1154816859
236838.83586311416
166517.68390195468
104292.62051107436
159870.80795321814
43395.374890816776
76432.97684611581
688203.1372104862
161513.2084538237
7170.948099866893
401682.4430549197
37342.8068813852
165954.02530689404
19512.84928545105
131258.50223865232
176486.94989786186
208499.4742282466
162740.6162709279
38542.878826725944
31629.96496943174
391731.7053851159
160092.98156476885
267116.72788929805
87091.19667792587
73216.44437741699
277799.33971822134
307697.858068013
428706.44027226494
132470.81365398885
31560.073084116775
120957.89276483585
55222.125382202976
415779.0161246278
112352.72511702453
