3.68535726890695
10.656109530738307
7.942967105087616
2.467205796665222
15.53776094063645
16.139615635091786
4.313422282545122
16.50948086762936
1.7285634969836208
6.777105713373002
34.35732248993255
42.405011067539256
2.720120344036806
6.417636154041196
109.13473752610092
15.066109428106785
14.23355819171411
8.1248784169311
46.01799745526797
74.65808475284331
13.545778360816144
91.22759235812227
35.23661503251945
17.02183665200852
31.390628947481485
5.025683851549255
2.234335101533425
105.08398819451641
5.152177890290648
35.71770295950268
0.0029131875789906265
174.82494374797494
26.961668233885458
0.7259957498441122
5.589592845324396
12.808862765844827
10.299064767872961
67.11673870711947
6.628570317111536
9.655673718549666
34.29804576739013
10.796288713195604
21.0209822824468
47.314837378894154
15.197742345077263
106.50500356762296
15.820175710970645
7.745262224609712
2.5747518171985946
26.006638432115096
18.56263464587028
0.11337292019542716
44.35702559312502
40.02403769869726
70.61520753727717
10.962640929186547
20.38300060362202
11.629389469097605
63.21446605207499
62.19762239164986
9.836717993160882
1.2701317862651123
40.22457673216335
12.982170327961375
65.98690687517391
21.980927628563666
15.012929486710911
118.63071467371492
80.0612552206084
5.560223811758271
21.58479140389681
0.5442102434951273
