6.423373992439254
2.072754113376501
1.079439807789975
0.23359120137375647
0.5529298716999688
1.3066305734287567
17.568353128821144
2.058326313746895
0.7015941236849593
8.736898917860195
0.9998594262628
0.6778700781986493
1.7787706388813285
7.620523848056731
15.647631879155979
13.839835432588073
2.289068798775009
5.039967425891102
0.9179473170431471
8.38246573917065
0.4888800260183071
2.3231087749618524
0.37555723193642493
4.4701935737897776
1.5742886893010308
1.225591597797337
3.370801912539121
13.382182956138754
0.9055767494392686
4.105680018194619
4.478101855220279
6.496680271262594
1.4471339821164977
0.43570177735985033
4.37935128933628
6.194006442390843
1.167140898917086
0.7241940433556564
2.6592641302041153
9.426128038626421
4.823595288599802
3.907291201549184
2.780867576691112
2.026197599852209
2.8558844192200605
0.4513653040135491
7.8906763290732105
7.350833762581777
1.2448417893291945
5.341410827479406
10.817688080737973
0.12171950724774422
1.261544753323866
4.000996085175442
6.623664162050287
3.8742377834222257
18.998315935845106
1.2998423464657842
0.1895938858248417
7.331193205818606
12.457492874872731
0.002946498533451209
0.03437730678815454
2.702324927239222
1.2819485052745079
2.868271925180928
0.4122034992252824
7.602891864695689
1.902327254730128
3.1319264017023207
1.4896700326986232
2.8233828991722114
