20682.641601465377
430948.40821274545
18672.77415121159
204312.1868797844
152313.6980462571
951526.1956643559
649453.6377121828
1402439.4603521577
57880.05151564767
1575048.8223224026
889018.6953401928
933054.5012566298
228505.8764537145
176942.15311923096
6891.147802197218
138062.27185482648
26146.98144525177
83657.68701660771
194218.85931527015
202158.46775068127
385525.8824950331
673086.2320028401
445687.8956538955
573534.3750265847
200338.37326520053
301109.4643755315
683731.9111593346
20548.602300740295
655480.9908190254
275442.49267140054
304513.1505853544
173511.27634317102
517586.12655557954
195201.57624850882
279065.0086308789
328780.83221809287
717512.793055757
883450.8593915263
830241.1841969631
26387.58773863962
33543.436964833476
1325200.9567767438
107207.15594164422
237130.53684073852
82281.58314461603
189845.2502709479
2906.4077073742765
65908.18726024001
57380.488280261234
1029442.0397806931
16940.718035798498
582228.5716152751
10371.875302154675
625955.0460189917
20807.978512190275
569943.6962430709
215805.45356206232
56555.04504562242
44137.97375626253
442905.9655097036
254263.1271182938
209790.08442851776
259515.82153977396
294869.67908354406
1590.9425538949597
875716.9311699396
318689.20955592825
125979.2950250962
161641.7995399878
577456.9573078578
147763.2457865394
23583.040017800227
