132272.96397603417
17991.470845655993
40559.13361436355
63953.63827795092
12739.784775122873
19135.537506756104
9114.91690101363
28941.885605774525
3574.267738692201
50744.79068295035
47803.47288423929
5579.307764402307
5740.4288639702545
94475.43072238675
380.1483604998762
8004.62691894787
20479.60481969175
45771.3169231162
79357.77723411199
5318.21401371739
4769.92231949412
59908.21490963489
22628.583675518552
21662.218760924057
25224.877101442762
74485.80247412574
43405.03819179999
10883.878952012723
6693.385933705962
1907.9750048283897
10778.82312579503
54296.150339619504
1690.9659367516444
28778.526393306824
15118.802976902067
72612.5184417245
80591.43145956116
11291.884938856652
42015.40580457255
4341.860113636713
55077.25347160225
25909.49893800641
27381.13975126532
6217.430193667035
52979.55752805662
14550.199417495816
4761.205450712942
71926.42634228214
20311.763448940557
46776.251420244276
104113.59428967544
26284.40342375556
48798.57007382998
22069.369269064424
16252.06389668928
85751.77863879049
10328.79805596992
94141.18594397587
3741.0175336792163
20457.266746980767
50449.507711757375
4783.718462704409
14261.289849635787
47201.55935845766
6263.276163920379
23429.891213250397
6239.52199212327
3476.251601624782
25393.024732908914
883.4262056954757
14109.617890737976
12724.141117814152
