128897.52033437874
186653.86756293642
124533.0291923774
37100.03102460773
96820.65094134539
569454.2052195746
39645.905532704935
352231.86322994414
27683.685536879704
71828.4887354431
127508.37446156993
246308.63381776004
9946.176211387788
39234.06848532918
74730.64716742636
250048.96671260096
227864.64036915897
736856.5264815916
177583.8203561009
607230.3772111458
7517.174785302729
62494.26177427545
181657.19680981128
388078.2075252494
295691.94437683496
75022.50408891063
794968.6204234965
30124.33428923727
167633.97506476927
434598.4134779523
53485.33242158671
51640.58530848535
364992.13206808415
498355.90293795406
167803.45387158045
58215.15620777764
294056.60970448604
325291.8694481
345789.28151013685
25355.13098774856
154302.0783057433
42705.93341969878
117396.9504278063
77950.55525441407
263405.08179017506
27425.631289353085
279436.24401838274
19509.14767801265
317395.57091547525
135385.1355094742
266240.3835654493
82082.245630051
143985.17708323905
86221.54754897936
66141.7937177377
122290.05428360609
196445.2002532629
200772.28874114255
18539.728900211136
137379.10244273124
73198.11142084085
441272.83026887896
436237.08434582
378680.949367086
253749.66700829123
409227.956394763
217169.07141683256
153894.82182550925
270094.4996829227
302374.7634194686
333568.9632004531
98802.16417114154
177357.50414190153
10026.941081840754
237101.41888997838
6794.152478970106
228216.8963903645
296314.46445331856
226137.02446262335
241165.11866570896
630182.3185849485
149888.79870055194
64063.657839613494
227109.30418385242
231869.21402196572
86012.7895602147
203252.98405410448
373659.4696029971
215214.4260716812
370914.36792412354
16494.04497809707
30173.16887243922
79171.80364343699
402962.3096736893
657888.6964661293
101276.32544978234
38614.53978361997
675862.610673665
71067.59691330393
12791.93115081765
59345.84954928185
84086.88722573046
57137.72184050331
476851.1504952988
158696.73802577445
211961.59456577987
333792.5638842603
219453.1525931546
125764.9467910293
135885.99617160822
212223.5875783754
453796.5714911562
124769.78909297589
89825.75256495956
149868.15955215239
43266.72404707834
298601.4101083507
429826.79823082266
99170.22760279788
13016.289388904017
210784.5134799005
71168.59709643312
195250.26168676539
77944.72265294904
39194.88904501942
201107.94841376634
558059.4233603901
275644.7068945999
152885.0760275753
10972.795468368611
115975.89490146702
186867.17659692938
146237.67917916743
100348.88054389281
298190.50934209017
367242.9095224132
113636.74797718841
133422.4978653958
120829.86799352433
102312.23651949913
243483.53423002694
96897.15710267745
413299.1587674527
193625.5430500368
175860.22659284182
266564.40039505996
146008.30898196323
44213.29572821892
103048.8069471292
73537.00409352753
630405.5863563789
160976.9351948726
26995.601250568416
132771.81696836356
18413.888233443155
273269.56318471686
179258.1126273893
145328.33532636205
347169.0379777746
6654.13290807422
52215.25225035922
232898.69845731693
143078.90473453293
32173.512560368952
1421284.7199254928
55392.04618151301
79326.19627896188
83345.54732391646
18167.390726298847
264307.518212702
155247.32315569033
62172.97856443405
463942.569142397
12336.233200020537
105675.8052493547
67442.74602810064
235050.03089264742
82303.84766843804
15899.595334579004
540011.9016951768
27419.652909978497
95592.98687972884
244746.12005338562
176460.4443619056
235039.58434056744
1132.3940714053658
51188.64317028185
671617.0389702852
401.6928024228919
11006.935485396045
311939.03456680255
94173.74445760275
7060.243607658247
59101.30139357803
31245.27840881834
230380.49922729464
67792.68404405614
44846.190817700604
291143.9580720152
137499.27666853287
98520.67149363314
165607.58168484716
63482.63464858801
220518.6015735133
240427.84392901688
218878.08492669402
46240.28663103434
20458.51819193756
10698.469350253405
44832.94708722697
199802.65131936478
82650.3136638193
13755.884498831754
306013.3330577717
303152.5322718677
65374.557724515085
307915.236499654
14931.045915242008
39417.7479477356
105534.95984820325
34858.175705342066
105587.58006706809
177089.77417827726
119305.46405175993
82804.6585566451
303666.25350591284
114061.88864957847
9505.115321527264
329995.8363180356
352757.5419310211
741739.6064783138
477907.28266306326
334594.144918491
134345.29345164564
393574.5541335344
262399.92339235253
25160.7680805119
268537.77742663777
134192.57249361585
54241.79063096761
