109244.2697078598
283754.3689753333
53671.40543004894
34732.18686202757
13798.651682173058
355722.27951219387
26843.891608657887
97382.48386610168
45057.00415900773
91215.80304541696
149159.8851960572
90711.09053074312
15777.000666527758
9564.237377628997
114846.58934265481
190787.4673391739
22162.1095971857
97310.31700914478
8358.56367174157
109278.2913752081
81267.89351663647
23827.7146593484
101826.5134913748
161934.6310445932
164438.2484579834
15714.172464336081
39908.75781522246
47484.20464308025
209068.16339151963
36316.932621319975
143108.72131835803
28016.220548150905
15571.282829548145
99716.55785055557
87490.39825119199
525076.2968135049
69804.8969606185
634.0302051848507
4149.805602565486
309674.5937879432
25200.07439983509
198020.96728860453
28932.41735508951
15609.832042337188
144125.49197611422
50111.25530716146
15840.223458468308
22794.657587786045
216218.69914195884
45225.22424274888
208594.77354594058
303158.78895138204
33875.909789762474
55081.44309755982
38208.16331346632
231013.40374798983
172266.59756572265
119743.9850236311
90257.43206549481
24545.803715646063
40194.61101528439
26832.69349559808
8674.349219532442
228400.5274634479
82302.01211006565
336898.0057291766
8092.655833164095
50877.22848477083
80588.88686321277
245804.01763883798
154674.50171737187
107732.8018054743
