3338.79806983
5327.87117255
1942.77941432
17941.5185377
3566.65592856
8415.08208131
1508.98348776
3190.20978325
3400.37671128
12490.304823
460.34077431
6317.02241962
4995.81744027
1182.96553142
4654.91789746
375.713171685
19292.1833934
1841.99952552
7130.6108907
12289.6431808
4685.86067516
10307.8740314
3204.56325824
13422.1693471
5116.89590572
3976.7405473
20786.8160136
7260.39901373
4701.029977
21196.8934305
15955.9661763
2770.15594847
18312.8057539
9340.09625153
3384.50326274
3871.29688934
3020.7033574
4255.09479994
8234.17456616
6.29163722908
375.698734064
4335.73130301
6315.68830308
15645.9370961
3460.71176181
1132.14874964
319.003914713
11761.9809601
21526.4141774
15083.8768863
420.604401285
13285.1373913
20908.6592552
121.450440488
88.0731895625
692.802890206
9368.36353627
1045.38176851
3635.30360696
4030.2411804
96.1227718627
2410.16963689
1252.74705843
8424.42161615
1094.45546934
4719.53404752
6448.91416549
5224.21782304
125.357745164
3968.9651135
2079.86856392
9499.70372155
2832.44378509
26210.1715196
2523.34394018
554.1167536
3981.45461024
6251.29909134
16730.0110106
5110.65802418
2569.59003184
9675.62269807
1376.52130635
286.608784834
11535.6078956
911.704569904
12389.9078507
941.723074245
4046.52784721
462.548758255
347.749666136
1463.04390939
908.45039821
18124.9205074
740.368924552
3423.03533606
10268.8648339
5142.06894779
3041.96660412
4839.823974
18513.0750251
1898.67263937
16111.2057642
454.213554879
1086.9069447
13702.7751636
7351.10332821
33314.8307696
2840.81823796
540.448161919
9164.39601014
547.326829195
9251.67907057
2045.13451892
2013.45571453
181.230555472
9100.63010212
68.0775354947
1623.2777158
31421.5496351
8181.00379409
2437.59710264
2615.32025375
3237.41047471
9690.21015851
210.40937684
196.521925795
20104.4235366
9142.64285548
24131.7034905
3704.51640895
17747.301083
2376.45674798
20023.3511823
1708.30571765
7656.45489086
10850.031888
10650.6673224
2331.09163303
950.193547584
7552.95207427
2600.68897482
14296.5687461
528.478360921
11344.5343431
4938.31569908
786.824178008
10395.5962221
7982.41120778
4944.07585883
11349.7726908
2318.98666941
2935.35333805
10513.2979274
1788.98783718
2377.1289264
1750.66650822
201.178295293
1713.07231946
1903.6769946
8235.06486957
3737.17164722
7469.02314734
7823.6268631
11867.7489489
1420.46914084
10695.5380612
357.347267304
6166.92161623
5947.41403027
899.567449763
5878.92979321
10780.7719027
1601.93715009
45187.1719865
1110.58692014
1104.44876962
804.18068091
334.967644672
2500.68888273
11510.1855447
9001.39035661
5912.96905579
15294.2820839
2008.70233264
14461.666044
7531.65107216
2956.86361522
4580.40224372
22712.0444373
3060.62036855
15336.3646212
14925.2020279
11315.6412638
2136.89588586
4392.93373124
16693.7817244
918.227385246
13360.0970834
2500.09902162
5645.19379208
7726.57442428
5578.68145265
5345.29045804
4395.36858666
454.218701995
13128.7333082
3336.09752359
4246.22307795
1525.76450073
2390.94976725
6192.85522025
4522.59597478
553.068513344
14907.2462805
9437.09774471
1724.5127937
757.519354166
2685.74282072
5389.53251119
150.409185594
5646.82141862
2226.32905765
1232.63265966
4471.02063131
1212.71946965
716.700132976
14606.7036572
2272.47822115
4887.6681439
6638.37767014
3785.55648713
9747.9275665
7872.89867366
1025.37858653
3026.51121376
2040.84624655
40346.4844307
3785.87649448
20208.338518
10398.7473399
7265.61918847
7279.11214794
15578.3484519
22257.3523967
3506.11174598
5843.05863708
9629.26367405
15789.4628377
14648.6031471
6091.56163435
11535.4027228
1212.87654522
2784.87035557
2820.64385051
17777.3128537
1364.46886015
5463.34109298
11034.8292955
13433.1345382
8859.56936075
14411.0846403
7555.48104641
3814.59596478
310.492525049
968.055351248
198.900504238
18456.3966215
6985.22581543
71.3163315045
4468.64664751
15237.9399763
4359.77373197
5220.31103466
331.120615006
26268.092752
13739.2259454
6798.38658353
248.102254488
2433.70511679
26828.5946817
4997.16844257
2883.30613341
2635.99401182
114.950910233
6684.35536213
6539.26360676
16504.2444794
7340.11800546
4856.46981959
4019.84018924
1699.64504069
6099.4625866
7082.05071486
8731.05256907
693.680933479
5626.55085169
1804.02653925
349.084026566
1942.44866148
17552.7383471
1381.01408049
9556.7220094
8916.64890532
22278.3951976
1274.47008183
684.629149576
2636.01102794
3200.95054012
3935.6882745
5016.14998107
1206.88522528
1152.27777293
1970.48829595
555.768207857
7603.76162776
5298.78807944
6405.82104048
905.127090804
501.401963382
5999.06058763
5829.42341109
1960.29329298
4027.51216913
8631.34726818
12780.6289503
5425.23140835
6392.71839472
4862.75178756
194.254785542
4968.39037528
3107.37053028
19162.3808174
4925.63979008
844.019436408
13504.6105897
5681.79021953
218.984980554
5584.30136227
6524.67018083
7425.79488844
1892.42141091
3349.32872037
351.277199001
16674.8230252
1834.17305207
10415.5611675
4505.70938616
6922.3977089
14765.3780451
9947.21380192
2816.38442302
12366.4626877
1841.80416082
1089.89975416
2037.19469356
11232.7198555
11150.4181785
1950.33724978
5935.61487662
12231.983472
7458.5617388
1161.85679256
7207.19186984
6772.21952664
3018.8105336
21094.3461136
3641.37585244
1625.9383986
9838.61126716
3027.27997792
15681.8557554
16922.9551048
3026.63055688
9970.10810677
5233.88406966
15853.3074326
11292.6984765
8253.88546066
1221.33887627
3702.46861422
5166.841114
5813.9117675
2407.39898945
9827.06314639
3880.23441762
6541.69172376
1673.71744743
8359.54495991
5380.59415704
13130.6755841
20325.2649521
131.882328709
8199.0292137
18146.0023284
4374.76773221
3327.70090296
1266.9631754
9501.30123514
5520.32030261
4560.32549135
11935.7332491
5647.02801755
855.133471098
2336.33907435
1314.13079694
2814.7135729
13513.980996
2403.39231774
2135.65537375
4224.74253825
2314.42821803
30676.4600351
8458.00427654
382.169550481
11770.2300583
2331.77995725
6582.33116591
3235.28659201
10356.4709268
14880.8811083
922.991317415
2359.05392862
6492.42078025
3151.44185974
26741.2641222
561.146413023
1926.32895639
796.059598258
16046.0435416
2761.17875954
16721.8385432
3532.99412059
14450.0567036
6493.5715033
7853.46494851
37924.1243944
1137.54702887
12382.3556758
2357.60431918
5183.03736675
2209.86507336
8159.0003115
10146.442683
13517.5943364
26532.6456251
6085.50230004
10.7408620662
6700.84083177
2152.84149266
1756.34463749
17065.9304608
5833.64999789
1581.56889383
1515.38734221
12396.4039614
53.0273753173
6836.46253655
5675.81815969
7161.11499165
1808.89438889
5706.39802239
2373.07502349
26489.8953941
4153.02993978
14630.340762
3109.41347804
2569.81544001
18957.197446
420.62311636
4107.51513426
8623.32678049
2000.70428566
24718.0415522
4784.48684332
9990.80430071
10275.7022071
923.711123105
2139.87621743
35348.1919112
8295.32959475
1164.81977972
4483.49680839
3353.61117577
5626.12332739
7825.05549735
6096.17435575
505.512452915
7330.72853902
3521.5446835
2346.61520529
1294.62385673
6093.6674273
3799.48447896
612.138295328
6426.87610966
8867.70200853
3583.11378706
4514.10004742
5262.7247367
15231.6148429
536.02436142
6605.98256598
4824.58071622
8489.06876237
22452.7410645
2486.98277971
16700.1256201
16032.8840438
13511.1808902
2277.59569763
28611.7768353
21214.0426491
500.19002361
14521.9191272
3747.19391354
13690.2407085
2625.43570655
833.339541314
506.735696746
9350.71619868
537.337364268
3329.07473566
10404.871798
589.856597751
8761.10952713
10161.1002575
9477.8872264
2009.48470495
11029.9512207
15007.3932352
1306.36867017
7249.37042149
2353.92013706
7577.43424048
2913.36079728
5558.09501739
24496.2938805
4110.34427559
652.225499641
29523.082684
8503.91012529
13224.6142586
2013.6208407
2164.1713886
16025.6944802
12958.8719055
22229.5041332
34533.0723378
4224.91613262
21353.5649237
3114.07784698
1197.90536302
1229.43100187
6187.20665013
30429.2217296
2969.07256576
23462.6817519
2397.66620256
16581.601879
14121.3744109
15483.4122838
3219.16607768
915.560233678
1486.02641338
225.227141464
8862.48337815
2534.86503872
10822.8928084
14583.9766147
7598.84476675
631.330718174
7387.96803235
8830.15718161
4955.01034835
11470.1454154
2641.88413249
2096.97689263
2157.01944529
3289.47279087
10771.952435
3909.84437182
6507.81483851
3528.56418349
1826.05407699
442.145625509
15177.5338258
3261.52290007
2107.20416753
3662.23096126
8984.26557131
14164.7789661
165.959489492
1526.86762992
2856.35743863
4235.47024345
12343.420294
356.509139299
13622.7056995
4606.61723372
10288.1107845
1725.12628419
4687.97587155
2505.541706
459.945945177
3329.0746256
6219.73491805
1267.63876909
765.006027512
1169.81272184
132.57693096
4314.34139137
25310.5211774
6168.2515529
2154.45897313
9017.643755
17105.7001508
996.586834947
9935.00804243
9805.40901096
5727.64146784
10126.9607717
21913.2231251
1026.07510636
2843.66970579
1351.65202819
5173.39199806
1350.77335821
89.7823493818
6298.99373475
1090.07023027
5758.22302266
12466.2383274
1409.71612628
1288.70833938
10037.1175532
1222.07861544
3581.225895
14761.0650188
7093.21650354
2278.85782474
310.662505266
8394.28298181
14269.290214
1266.55552395
235.192879328
2954.84197593
1200.78849418
1578.26012597
3851.02932317
5280.03257865
1067.69741835
7071.94232001
13149.1525579
92.1188456664
259.333352625
9881.75766067
2403.79189073
3349.45103918
4538.04533617
1236.78352459
2124.12808412
8901.98878706
6942.73120264
23702.5797477
9367.08246333
7248.62356479
4885.0339318
1391.34636245
3735.59498841
1064.96212901
4075.57659988
4749.55104743
8156.88286047
11673.9708115
38474.5046162
10608.3075433
9916.7391083
7383.51962843
1853.00712915
9849.57973221
534.394621099
17203.3634417
2671.11614583
43.4068954834
4687.29430535
13984.0788851
20635.7190639
3150.12567318
8331.28129082
31456.7111914
19295.6950229
3838.91895513
6723.43845225
21423.3105284
4688.59872691
2215.10231399
2363.53027059
3446.78542485
152.379259376
311.380643233
9395.55642104
10265.2307325
6088.15737786
1755.57945851
7174.15270106
10107.483098
3799.48933872
8043.3566722
2662.84027285
300.775284126
3021.71487472
1178.95282984
10378.1569483
11618.3428677
575.604802535
8730.92224696
259.808094694
15001.5876202
14237.6440993
743.349691482
1245.27092872
15821.0282279
4946.64902969
5802.21350062
9520.28280089
3557.92541517
132.596227505
759.21341972
3695.34853072
208.911681932
647.051953353
10909.9311066
2960.83966003
5014.07032032
626.210529307
137.300442953
368.077811316
2719.42940943
2932.47295376
27904.9702044
20020.1545636
16817.8633891
1174.83943884
6583.81372043
2711.47579876
447.074330698
3075.58746388
527.84681679
4444.7636918
7459.16351789
17231.9800108
1825.14668053
6156.50422043
904.415091551
16499.8038625
6263.39010885
6525.25597532
6712.10562499
20660.4915017
11262.913523
615.790184342
6635.13869916
4234.97540454
2400.69377604
869.607677358
5454.2130283
5860.27083308
21927.0654404
12317.6085242
7817.21665896
6516.41098783
1449.55056529
3263.22947219
340.663411796
4456.16710489
10870.9349051
11053.4632125
3430.19187379
22255.6737196
8021.3618428
3009.47727918
2897.13930582
1056.20180491
77.0863856734
12929.223914
12590.6164987
7224.18969514
838.109345575
16195.581275
7691.534783
6399.47571435
5812.36087241
9374.71779807
8356.33852831
13857.4195328
7194.12408111
2226.69615367
4114.11599219
5436.69756206
