112.99290743060943
35.164355122310134
57.54308042628519
84.22093887119479
58.300042434538504
88.31664140712031
32.13831745086712
50.4895568242874
49.553977253475345
17.16197297452098
10.952330720759852
55.18959681126542
41.64878583041663
52.166202739606405
9.218689451591121
19.84885376338957
103.43415782147821
49.785064617307
12.010204648459041
92.15534924731423
103.0065469190803
40.13830866757915
23.161037590575404
82.00578816825396
23.285396830694843
38.29357945954904
0.4028212204009334
0.8565018289320221
9.628753965991928
23.905815719361005
16.57500669665381
74.45612808639837
10.601020455790271
24.964131835786183
12.803782204924875
72.28368168166105
20.076046639471222
3.1790422372806124
14.73127008430887
145.4483470349548
31.895978409831507
18.571572908627658
60.514392815774556
0.5764354963517254
7.8774401942018155
21.009741472390402
47.98203033955645
12.009341869296971
50.32737653120836
20.677944277117376
118.61126796226061
24.32676987165442
6.3103230404907125
31.10115335393051
81.6612014656828
46.38128746689552
57.364936194077224
47.52027320184519
14.484185311017995
24.974473524564008
41.521460372955985
21.70942620934428
6.830583972318749
50.45856069550271
11.34382701605742
124.9009273708128
84.93210553851608
22.524700159557998
17.01366059510963
43.85007689103984
43.46226227327883
33.274674247691586
38.83198719900024
10.050495725236372
53.71110409462422
1.4315182552030739
113.12350881730293
134.3177640088
56.215873473230474
22.962811047889538
49.81351469769243
73.84676704021928
3.477514658477217
56.97004507749598
98.85711777288384
2.9322109688476354
26.474476418777908
9.97326253000228
26.609540636068076
60.2203028733902
41.98620014905338
22.44142241883216
11.069129512759575
98.13233846527231
92.29170700607828
42.41335160509436
43.52481442131869
37.957610221610835
1.4632097474169394
9.469478527661376
14.525417775860232
30.92058883729554
73.48519160760002
7.161047067112987
9.81379790049667
4.8906466637958435
14.62298664004849
45.44004726314038
1.9759446315359883
4.080427149661828
63.900446198844094
74.94045536842586
5.788756553812687
218.71797723895875
51.442153564275
21.83737626864063
37.5707581611121
35.879376900382624
18.079448204030758
64.13228712972749
45.79121265471891
94.95445381335949
120.87452154753795
24.902658711026838
9.816962269428487
20.906393573371062
14.365327974671665
83.50967305027488
122.61865571889774
110.17243897990518
48.980694767151036
91.88890923535905
77.3563984975536
55.354737201937404
48.399599758685035
46.60921748043493
52.43251937257964
9.850626365267257
31.23493866054856
68.10180687246603
120.58990566346644
55.803137224463434
62.76041269569125
23.540431793393502
6.595959259096057
61.02509354176214
8.863473480880442
100.34072604428428
15.764425351505455
34.4707650810944
14.223161891531896
51.449167565066254
62.82511164298358
4.470978428757069
86.34134232670068
80.60887955169771
49.193306365453445
32.41615323486273
27.236430730483676
41.8151455512374
27.28010209168326
95.37680104374736
9.325758624743312
81.11061676068674
16.31522105211616
40.78034370326305
8.674217116916777
68.18335581254523
1.0035346838972532
64.09624228815811
4.902198787541598
38.337486852950356
86.63703089945871
8.395796147383004
86.77414448716397
94.14365603582874
0.34000684798016617
2.586262627354186
7.529048480730747
7.549511907192732
49.062447280809415
12.254904635280383
25.353564446795005
5.217249731522427
85.4611774951807
59.232687281748824
45.691138857422004
294.66983566735
3.613639160608191
1.7079565847631282
62.17221549072048
15.580075950229777
212.69592305599102
30.1336557272553
50.95716736202281
77.87971233093383
122.91878247123384
26.25746202619258
15.06089093365761
101.4129815293202
2.416704733394032
22.656363217172412
161.53455302475817
47.075497901799544
30.361739293714074
27.250241055683006
121.36770740772594
21.26176502882635
29.772149620653156
73.05614810123195
9.660727094891945
40.15935981028254
4.58562306379133
18.047391218052173
10.233594152496975
49.14873573499046
122.358847133578
12.721263394781458
1.8892211639824048
86.90055296962984
72.18751699202986
117.62877268906884
67.33789616002197
24.458099268823105
43.512069303073474
107.25223325117611
7.376933304507313
22.882065000295174
13.171319196263152
108.85961236594189
11.536410826261983
30.06646475358267
4.803308214221055
45.77181893692935
14.722383812576169
98.44535454650318
5.609445122330754
5.880633186482479
87.13967745452115
7.055632919539115
