98120.87068125723
348743.8323906472
158717.10095832503
49.04927975680305
424493.72813010827
130723.37853460018
220219.86794162253
75119.47126871343
43577.789440266635
53488.76988643291
164117.17278885344
183757.9213673831
453793.7500351565
168936.51664306864
69383.94552901208
201129.5978008776
276850.2965025435
519748.40336477855
271976.63557779964
87087.90772845913
285843.81017161
189443.333804233
113031.80968727
3618.231199785408
119994.70670588192
106127.51826461511
221266.38033633548
64191.66348350856
113246.69001239105
10996.128226974874
235957.0382920064
20956.15207098285
376144.7347327106
192268.4753626797
176417.90677582516
63677.56150959098
101597.76916471901
104827.3487527361
88423.83611687139
50821.48031846558
120654.4276851894
2668.6758792654955
46815.286094246374
58592.71703962171
401137.4211220545
26973.453599451117
99658.52858471235
95437.31189258318
2049.3760949682473
143805.42343220854
157662.20312695508
20697.55971503617
69715.35296941127
21740.475004012733
333212.9415680423
143867.2578166495
162228.3091501194
59445.61938404263
52928.04951843495
223709.20385465247
56438.67966176578
43345.009449908175
182930.28076885542
500259.50808043615
41675.125542227834
145901.34321401577
52930.556670260754
4750.4207745332915
496.88993780939103
228129.71893907216
126463.38196411684
65385.69093066426
