47.28095913899934
2.5171633795252104
32.79040111311417
10.662690339212556
2.471980332499775
10.592264257689642
2.6628073603378475
7.7177390880761685
6.304322620118144
14.575366184785976
4.985512551314283
26.969284540382784
39.92837244634665
80.10144411042887
15.558881019912803
5.155325776220021
7.823094960440785
24.414650358412526
31.873698100810937
10.25669784451775
7.236308501117547
4.095663003001107
14.741682995822073
19.65934241668099
3.377151291462007
8.240761497628181
43.33046996049545
7.593724439596183
11.882723098725805
40.3526773599501
17.66859142491664
48.08991016101673
50.2125498165115
6.801059557495881
111.81478249835426
3.469382296959124
21.703307644311458
13.501047027015652
31.117333887797326
0.1371267061187982
1.739467564257245
2.5001918205810383
0.09576804159213849
0.27259209487972735
6.422384963353621
13.675811200865583
53.11181346377123
11.835793507903123
9.436975120777563
6.9181644656853845
19.201756334648596
10.843508448129729
4.415925414010321
30.058495528397387
11.901772038687154
82.19869986963754
29.049991938852337
2.60439239084967
35.662923898796365
0.7892469147035186
13.000068055988095
23.5770113601531
11.738851906140589
3.211593605309724
5.2395609513996835
97.18700436827328
7.835600395265717
16.046312682457877
0.45043917216191576
0.9240143492572921
7.604005778001785
4.688160001974473
