27476.06055164216
437111.3828817803
312419.7118454522
13334.530080751572
36392.21508176638
206415.35850143977
33616.8784627868
44538.41452638308
130823.86989659922
47302.62144766255
59245.73706875612
202842.49266092508
92265.8114198895
431561.8095869175
521507.34054410906
97934.37928385427
455564.0800071846
105518.4594956199
149836.1497294533
86185.89753732395
54338.66591833228
90527.22206714119
17048.094291025453
220894.87676003823
278167.0301312472
298481.2200473335
20648.345746653813
328310.38811210624
445889.2261147602
215065.05682252315
34704.72522400324
34319.27720702504
51405.27102992895
70542.38056631273
103809.20328301951
626388.5962921481
106684.48081639847
107200.68274092062
29869.563922850597
160142.83233731368
58376.28160089548
48092.85767250797
32002.357041538573
71744.25626227203
24688.361425558345
28907.414804869466
37477.05664986463
367374.8709150194
122360.87334170153
203723.48214386668
104720.22576825021
535288.4732492912
12046.133968809836
7939.910381043324
11061.486680979177
151011.68302857585
37892.471311945585
320467.21872338455
6942.758654342512
166463.01983835633
160487.6900830706
163889.36824607104
11247.283484664993
23245.78409746075
11697.209439087002
40837.324545397496
12359.845205996124
714421.3409289555
285178.21040369134
202978.128771034
47056.71159893567
101784.47131738809
