6843.483684022065
72158.56523332052
264507.73333864904
89843.26279223195
314999.458384654
244837.37626585955
202313.36965949938
92469.66717665837
140564.23116731385
201202.34770583533
177429.4357849935
263913.5679035631
23274.073803827272
273646.11173403665
138758.33723076642
3444.549426993092
400905.5407840355
65954.09311800216
459864.92449287337
175125.0233876445
37193.16262959874
67727.84854907953
125812.82180297839
94127.77337451623
321017.6752241164
48796.337060901686
68593.3850000515
50638.01727542691
182860.82292210212
177463.04603462844
110215.91941713612
10771.446826647483
210477.45141223818
34446.607187686415
113078.32461553696
6754.7969106400915
253221.5195440893
7322.023956312191
229320.41958182378
134857.16917540057
114907.68452235962
293338.55760753475
670631.45094909
90155.95311588411
115248.50492128101
277397.12345931004
93502.54791732902
146949.9942863562
144551.86517617488
32907.834522754114
22004.869729616395
435604.90302244364
349312.1664959004
114235.64727381732
364200.74761360674
129580.00253958003
2637.3702378362723
106922.67355621886
2611.6301134419396
671984.0857748467
259555.77009268917
638498.150723429
168506.9319595692
179572.64593425102
635659.0262593082
567240.2114813385
440292.18672418245
179771.21576257568
114814.26580045851
364565.7587252882
302478.17682697694
190545.80784528135
