220672.4253923472
69534.1092223778
134637.15449399478
1132.5964623944794
215261.46426468735
164621.62615408364
605261.6016803375
720890.3639249589
20323.52469855126
422002.46420347254
221157.59542369304
17068.140727568836
20568.402092351265
17753.896023436988
27918.646470442705
458238.37722463824
652478.2871066263
133760.61841866362
294060.95188789716
28481.6392997355
13525.849796154804
851428.0134636089
462323.2833872901
511918.72997494735
756509.7837385038
485430.85078366724
197199.1566371257
211602.52253118414
16574.4284983553
349276.77210034576
934021.5452881942
349256.9112510959
435886.7906340312
361206.08379101503
194509.22123390506
252910.93707154895
136653.85728239914
356148.9393686336
46542.44307786523
281679.2234276422
26378.14350369373
48196.56839550216
77125.8634027491
203146.40365906077
78417.9815638589
224374.7417931695
148180.55777283496
524548.7138482532
467254.3846539424
808377.7262675534
930554.2918893384
453279.4173077126
644569.7102534445
61073.00653375375
533167.6157897002
276835.72802041005
62106.90179454982
83253.8778888698
58463.74042248122
334817.2331670239
93366.00145656384
780057.3429582568
22044.263956222065
112186.28577707236
34632.66720986163
398032.55876314535
388951.5164779918
257943.23005015362
313877.9251709528
166101.76567506345
234612.66066886391
493745.6558099464
