67482.66087965995
209146.10650194914
130066.63060018056
97301.67323059843
446564.1277939519
25740.29392578445
277463.59186421655
271111.95703542326
12433.844031164212
36651.79279949331
111877.50155516563
67153.59683047839
127281.01351290655
200430.81539408638
87300.78936590975
64850.03283664575
87024.1436635812
66056.3265137044
234131.61343476354
145134.76510523807
763920.1132194011
109748.35994424415
379218.5192165482
347830.1682038029
120754.77248337775
242254.74368581313
289628.128398981
466037.9597032241
813644.9082275296
261976.24994601772
99095.75014505535
115976.16889571403
32103.717684828458
6331.727612513717
370119.97265963303
278584.2342406246
63443.196239523815
100457.59269857722
117386.8912859883
52409.21318929608
138523.17808044693
94875.90905256546
25070.537391360736
79963.39741057693
61573.48135097881
15135.125594229336
49698.39988552153
88925.08451124556
188615.63492800898
393410.12131186074
426285.56453580403
131162.00725460937
650173.1989885694
115882.33788852986
212715.43441628822
464719.17411671724
40536.73066401131
36385.56279695673
135430.59358721733
68914.00589899432
1390.3029722022948
4564.4551453207805
114312.82908173153
59419.35968934506
289723.9235990454
120138.29955552453
124374.8445948368
35256.00066195197
238470.88816306734
61054.32869199295
249199.47411099845
29212.296286373417
