1408.721681415559
212.8255565125893
122.17836576091156
3.2161475095626875
5.244983788039512
3880.1804036243416
280.664754504145
22.619521812232765
2423.6709727474467
27.25514633470353
122.96238636587475
23.807713213174743
84.43317552764738
8.25379980237585
164.96527265999813
126.62616250221794
9.482686009250475
12.929906355650285
148.21969167317596
17.223780448789267
28.482321496804268
113.49289929547525
742.3226956526186
135.24877195857061
72.49396824973428
1374.1576441526058
263.4660131486811
743.8161830082594
31.097116404848475
40.16104820939526
43.25941014509085
28.087913249424474
7.652049965158226
5.496174103471558
49.92290422890796
53.82148468612917
7604.737509723668
174.53757009463652
22.52316836474181
41.7810171797564
88.53145493039897
132.97552241080396
38.53308898948176
11.971260116892916
76.7763719491393
108.57078177687184
126.28572167671632
1999.836949736453
16.62899607335698
227.65028919666761
274.418057066191
113.64090780180952
5.4582205336785385
9.488335033724885
39.84213947467876
84.63983196816386
2.7074632301016837
8.025616193397482
1138.9759466218222
36.22030671515495
99.46545085419767
117.1014453000299
161.50585106125348
17.373482170219916
166.803795785709
21.403634446926795
78.65055842543194
3739.9227665856824
82.05661284360596
135.74321430781396
27.674822962092207
68.09316333786184
