5869.864166752453
3853.2130714428854
31047.6175641047
24181.962726133428
19723.469161074445
9423.694549190568
17318.579408397447
113818.75001235098
41653.42225432357
18340.005139795885
4879.219921356648
1357.5177122165842
15742.251671453756
5591.692634184084
5774.485487381648
6414.286771398231
26626.18320115293
3270.2132833728647
10282.150404480886
47377.52387325803
14048.111951032699
3290.7214958764794
3918.2671232568964
10730.987004266812
24667.208384865524
1736.782490589791
37448.79081010098
17767.78849710873
16398.320461081355
11634.92737810963
27757.233694836552
96075.65451277168
2769.7994232591113
11221.755133641518
14702.423370270146
6218.605963833558
10468.980962503514
14743.613762115105
18363.19503954569
21679.655837027272
1901.0656786331522
25922.613316648953
2264.386495061473
61666.35889774844
11371.490754939332
33536.00616425061
12025.373948335098
86096.86246162382
12188.141741274932
14777.075047638906
10102.070557169118
12384.247558215033
14321.276450553827
33415.86635565674
9779.241893442464
4253.555641726285
5589.156493537647
9710.68659458783
69025.60132347308
47521.33729223602
6265.877504313992
24073.966957358236
9511.567299841281
3315.5651261198586
5109.40997104135
35893.79928007037
10557.0555728306
38878.92543492666
11608.683036663737
55903.76188720641
29189.41413570688
828.9665373157474
