16238.958757043298
16750.475897560584
4559.800870518259
8376.9707111587
48172.74914254634
30021.58948904578
1796.0026257139732
2769.722036219485
821.5865654744894
5380.54137627051
84526.42184419777
33168.57034766399
2472.6521806288615
32036.962710643573
10914.864931522156
34690.854470557475
3570.144725077181
15221.777729663516
4738.54380082833
14301.89839392951
41305.01941957253
17671.092263131566
7398.047406056816
15572.493395283016
41275.71794565974
4709.250466533578
28728.671498240314
1633.0342638116283
40740.969165375485
17974.67689749346
3583.0936666466887
18947.71787832831
1527.5335064938072
4875.0941197026605
89380.15937410701
16232.902611484822
20788.704709181417
27680.777739910645
3827.7443184777167
44788.26227785746
35392.70468833857
308.4315078854261
8175.436114964224
4474.428334184684
9629.026359034093
3135.787856435559
72429.69330069203
9882.076943368444
3216.251328180704
27414.907213926537
16796.59091605002
3915.1847562014086
6831.523727118975
55312.09023458379
10923.018686509267
27496.347109469414
28922.544757449337
47587.788547211596
12180.088426536215
171.92330699607749
33299.88673388804
6485.390908736625
93259.00208931176
58027.49716172956
39449.837386420804
2224.6150225104884
17298.525980462207
3585.348698133582
13973.864475389639
19089.840673948795
90246.19243078759
32249.952603175254
