748190.4779315651
49011.045371395216
94435.25020842356
46023.24573564756
180828.9345509741
241967.04823874088
319669.6340477633
171044.06708499763
129491.07302624415
81821.44897823405
25282.212163453856
429762.2885369077
260754.3432301024
168643.53781943946
44221.12157889692
45664.941284688204
140025.61022697823
113651.27663294021
33894.49281006147
58712.98705695219
158921.11481007404
219433.08438662102
2543.770155721663
483907.35248594714
86856.73679295255
63726.2577502625
124951.81830735579
98329.04048745596
268799.97671859624
6070.711206171503
111953.29350926232
80810.72871883951
139340.15914315297
125510.25124074574
121096.49319571968
335490.4330547332
318123.6749856384
26715.170516781196
5296.900901348929
396950.27406640095
422556.42432509887
132069.60278149406
107984.94041264098
60441.53193054407
97515.97731093285
96605.8661046083
3835.0248547588285
156576.60474484775
140512.741072501
253463.0464130069
97650.19599828837
69730.87415686988
286624.0132199247
128287.0996045733
224238.6226309301
143590.85394927513
326027.8732662713
161660.2669172676
239466.3436169553
34552.552426680384
100533.04823434698
2291.004608852347
90767.56368358032
30511.66111574604
310304.8558648701
277362.1962335833
7091.0459654264905
494766.4067090819
139349.18111955636
103399.76019557416
378891.02127670764
19869.3005696156
