0.1086171510762938
1.0787093765979563
0.09569291407806335
9.301276001383968
5.339305722216371
1.2756682409751732
1.8734254737614486
8.678621134832776
0.1762882490040518
0.3194401974302025
0.8134084916382416
1.2096216160489597
5.8427100655302695
5.252050738844837
0.6268403764866914
1.2394831930604724
5.4093528345685495
3.0207700582178236
6.762724950062161
2.1739781500040247
1.776949577071017
0.5971212683906928
0.3768035763455594
2.9128996949242825
8.95184261308648
1.1644070409026381
0.184528893694424
0.5900266489820285
1.5317886877382105
5.118461178398238
0.6987760312546888
1.4519940299122154
1.6500373572220701
0.9529207055405614
5.302569386828188
1.5516212580932216
1.213719548025095
2.5605034998418494
0.7253301912764728
0.6867876525351928
13.612397273175674
1.1314362492358891
4.557067705382341
6.047440195310683
1.4771622340496169
0.977199076515832
6.128141720019998
1.2472416269854534
4.938144689430179
2.781612498889771
4.803282353812622
15.58917495813157
2.3116220661024043
1.8387126856357359
2.47905847471061
4.0258093809282665
2.3938576936077984
8.851781653085009
5.234275978816602
0.3636700754945269
2.651475194350142
1.6602640117234437
0.20910943119994263
2.9693599693488513
0.8305834011569921
7.061029318280923
10.384721983626735
3.8688031322622685
0.6003294271645119
2.3428797340117846
0.9350026848181908
0.7448720282704608
2.03019610867786
2.3493913029577205
3.0152397425233066
3.8774080864077223
1.1168228827825293
4.730617413630945
1.0708342405641655
6.127332651357559
1.606207991067018
2.153114170346335
2.652045459643478
3.6526360909721527
1.0919197848677127
2.841475684386083
0.02596381990641961
0.9967771726652788
1.6797566798465366
3.201062666750077
2.418057821378728
0.40627643133633035
0.33185383661619783
2.8748562227930816
2.2467771495100113
0.8100228703779415
4.753111661620994
1.4447196701893399
0.850653139818355
3.109817791634406
1.1054288123984897
6.509405131249341
1.9236004905760298
4.609258740672275
5.546779832736765
1.798251229055573
2.2292803648546315
1.130407121062353
3.1432904255840493
1.9966530409295582
4.899572159229943
0.16734994039402795
0.3554754255906689
1.1200131258234793
0.44570788134025563
2.373823892056854
0.8730358819364673
1.5278341687526669
3.0039603194658255
4.042255387065589
8.579713462013693
3.2782509531103696
0.31466572708914137
6.505928724823211
0.9406623207373563
5.532722591543456
1.3293946577970075
0.5824017132469875
1.5471801351968983
2.973998153735518
0.7347826059568537
0.5748198961334673
6.979855714726707
3.970528632992422
4.376738735160304
3.274886408052141
0.8622862707253471
2.742771375839198
5.719695511593292
0.8288127640096613
2.0341010894869447
7.017341788884199
2.1233769107982443
7.117635365422714
1.313016652514805
2.8725332871291145
2.574510599354869
1.5767572804046273
4.156248739803537
1.345469365464383
0.924089038429064
3.318210912207391
1.4592595801098822
0.6935412379560567
0.41240668033263356
0.6170802635138919
2.2010748376902347
1.474180338949126
4.499766022425481
2.2473502896818713
1.2949570510429127
3.2332123018391483
4.396362583808715
2.928855284131167
1.843477482973812
0.8129016469085042
1.65245474344365
6.671796536443938
2.667043803761248
4.288076971435969
0.4269167104259494
1.7598005271121606
0.89472275072904
5.864587699182091
0.3454201493016615
1.3625101603554357
2.9192631362135075
4.3436754134889
0.12298925877013135
2.3837441401474178
0.4294266082995215
0.6682728163389692
5.108594253772563
3.8836939151067953
3.48277929600416
0.7665500954922351
5.912197112783915
0.586370084144584
0.9628472115567179
6.841601726294462
1.7356657351527265
0.08494624756286052
0.258715835891231
0.3695746902832354
0.2165345378661664
2.1280929946126554
2.3146062954235305
1.2829169327956194
6.0167909863063835
1.618961585957297
3.8396569603024395
1.9175251186732807
2.4408208705890626
2.0339321835526265
4.9998092788890505
0.6666252463075897
1.7502643360619488
9.390049928903677
6.4096373616947355
0.5844679287829548
1.1427266457464613
1.3724189989281597
1.018474412093868
2.4517394331693865
3.4397163757651095
1.3281779053702243
0.9735168537741528
0.34730733912405537
1.9159213079703579
0.9464760032004118
8.610465393415128
1.6983428390159874
0.5223860511483921
0.3243901072481588
0.26840901482522617
3.0356685833302675
1.425696072669783
7.47566997581278
1.3873425947781293
5.822622771458647
0.18517988832330254
1.784644539298117
1.5089108124604211
0.5999091206158048
2.2450127058477807
0.7496893656567365
5.329778024128158
2.794743147926875
1.8297152772110474
3.1623866354575108
