8.102103528916228
9.403645102307232
7.287437101363276
5.666433385697495
3.289226577425721
0.37911218369316574
1.521421264222287
0.9856931488379619
8.040843752630526
0.12170240365250563
4.660596335445428
0.541115569703682
4.578045759524938
5.741319728310649
14.046181462043862
8.294901989647714
9.031000458132711
2.954128188848992
8.87755730590055
4.668713691801219
2.78277941213069
15.382377963637582
0.8186995727339991
5.511759345194123
1.9088008703635297
1.3999907221046275
0.5918841922603397
13.434228434318817
10.794527873001762
7.318829257653275
3.307799708540535
1.9246932295368218
0.5136933891817379
2.6660448420701766
0.03281073096297354
2.718561944789134
2.4798131021999397
5.158521641339851
0.7646049686938893
13.37347162086127
2.504660172893396
1.7671664949622623
3.6439236682298093
0.49974819564044476
1.7535474317785462
0.9669071057771502
16.59589910055112
5.601059077812124
2.155250057610741
2.8618057054701582
8.495432943937185
20.484387649151994
17.6851701876131
0.8685881876746899
4.44439319390908
1.6544412796327053
0.31671384476841685
7.515254208420977
8.195302022335783
8.980978735300003
2.6196769860035896
14.123405151867093
5.544569376165322
13.081631531771773
3.501821479135567
3.3633972168903834
4.906390422447443
1.9487366242947972
8.40809979985491
1.8245636585798253
2.0965027981056044
6.047717906878877
4.296781211467639
2.2296945360028264
7.392252727335057
0.3062458221256604
2.8315104657545183
4.131973532752084
7.616892066878852
1.7770892743684883
2.608240832724761
5.3403483845374
0.7662520314087687
0.4172387947552018
0.14369598780007764
2.8148275641445366
0.4340002646569316
8.12963807033077
14.438747279141337
3.9391067735741547
1.8410700855009299
8.204078630691427
0.7088700142408205
15.063035319008918
16.281936570577283
4.871779870287687
5.433030241361659
7.201493193855269
0.859445836543881
0.39572222097765775
6.977169943098165
2.071667314937359
8.330783049247774
7.088044651766054
2.1220794121741884
2.0322440853115618
13.058003320972814
12.282002343856801
0.2835231444657629
0.94473872218181
7.5024084755993234
3.102680570849612
6.026649347815141
3.792340340159654
1.0683954805649651
11.140002811680354
2.5485699473420746
0.3008789885888468
19.42567130297956
5.593763539614223
3.2652507463491207
9.079149116934959
2.3005350610848203
4.411103874962071
14.412341390169216
1.4011174770893133
4.944880179815369
0.18899768643258413
6.672144282448404
0.37439600688928965
0.3914852572441741
1.931738899861538
0.09278274451116014
1.7453793012820091
1.2330146356005116
6.824633972208716
7.1162914203423755
1.4028905923300314
4.356207573149974
4.584481769828482
2.337890777305379
8.372962512892515
12.283042792150114
2.2839433352988965
6.280939424834178
3.8951682520162656
3.0312024120703525
6.009288966998571
2.128156367516902
2.444196046021848
5.809558278613767
5.70256502444262
22.649910345516137
18.748629448491872
4.781435335324983
15.560292221590533
3.906396543079234
0.03627891967751893
3.531368120664351
4.847710171307628
0.6956811458447731
0.5157812212832055
0.8152192033695508
5.53697284477473
0.46478004322227634
11.732681194691624
3.2393282558949505
3.8216091693130236
5.898845497543734
7.654913545860283
4.259240071700918
0.0812632070196968
0.8439304512650223
0.3586902770737924
2.166592914854725
16.149861694066566
0.5128999363746779
5.674131308931085
1.7905432722854955
0.2673175498104158
1.968532737228752
8.518843384200125
3.653365706722099
0.26382118069794525
6.042182276024953
6.931618295876057
5.98743152159417
3.2304626702991843
2.5927085389309554
9.39893987444027
5.198723164817582
0.6727911630680855
9.502618097944822
9.14921421426595
1.4431119500073848
0.30890521474285726
3.437942427307615
0.9778619822276466
11.76970484762733
6.378388912932386
5.857177374548702
2.556259416171835
7.636093273651063
1.3563135464772749
5.5474806133406425
0.5474782284496456
4.7112483805590255
3.329311286309036
6.6414591484291705
18.904059875249693
2.824630796941872
5.251457528933582
0.5475928704864103
4.747551327711063
2.6248950439803767
1.2569340764320058
1.5934475854698127
2.2191903496015866
1.6077267475993278
5.965022849145855
0.4958540297719157
6.091484076923972
5.3451604654599
8.476968888420698
2.091941165176853
2.0067631569568416
6.596524064601769
10.964712160223865
0.8167854619136422
0.15536442093775502
6.498195157917794
0.48207570571765257
4.0578026387256285
8.438973734105607
2.2483998397607694
5.671283959365855
8.207278444424437
2.559109865335659
5.29085586409176
6.949710196147393
