12967.185179410219
8472.324435402012
25031.552652685175
9148.737145206635
17945.133576785876
91036.57659924621
42628.56376615162
11992.247559030417
96749.84078194332
12695.343299268721
42893.519414209375
21442.505003029903
6919.6614781943645
922.9929166819013
4614.97718993518
13993.772179909614
45411.1938022094
10678.975849120325
32374.02093336598
22970.013924529732
960.7652010414212
35501.37887296232
31435.46991756936
10916.62031050809
47549.606553119695
45194.87111517579
52852.23662356685
40973.478449305876
9614.29589533608
21713.28627188213
44529.179377881206
18932.11704823733
132917.96330338638
14963.200848952589
45973.91739766387
4922.805433766572
77736.13308281127
7044.451280813335
61156.77573121446
57628.57843887329
88311.46300782109
30786.602469351365
48126.68687058872
28043.853441912135
28654.43288726625
53797.615788738316
4139.000441598176
3775.775911115562
11089.467089303214
27359.507913068042
722.9185714476857
19487.38967474603
2402.5551542670073
587.2189464925253
16487.30991474956
33896.3529437133
24817.95413595099
20165.29487199863
13496.625327961083
5959.650683221018
99723.97878976888
7823.485338133082
21765.929911023082
2626.79114890568
54430.235037785635
23531.909649937654
7877.2368000282
22549.782894846547
12674.13184389086
3562.682158824805
29304.00171785756
44951.879972059505
