33230.51433573734
68137.44668036253
91580.8784221766
10455.271883700661
243550.3529959627
344485.76558274444
146874.45513546292
401533.2233902283
127697.88090682996
51116.005337813534
621010.1723466303
37333.78340700794
27456.689180400146
94355.47135687585
86317.201676898
111917.53364365544
153940.46904029447
56017.178446534985
275083.9676859173
187952.12452040677
28925.204798491814
321068.5572974942
124685.9976364829
102194.44538261608
40512.794384473265
532851.5954471683
325084.2068277053
412351.55669245624
109475.11455814801
418771.2323600484
392697.31810179574
13997.695714865386
437372.270605602
180490.56318709147
24555.822267291758
247582.39277623472
11156.854656501997
365724.52222032426
237309.0200631605
43242.80994843372
146360.99895433374
296558.9259332013
1431.5204803170786
151278.7719331002
86465.94080218233
109393.327938403
14215.719101704137
121816.94845439735
85015.03042650223
131435.06044691382
162533.83028879494
154871.46805801053
304978.0925451949
140918.06220746142
475599.8747093693
177415.43453197813
50470.05408911262
114829.32316930058
29703.227168449102
76159.1321958813
23849.688519221683
13752.320588484925
8135.046488912063
71320.4021630829
10956.66516881569
651.7008185398796
281570.5946501937
419977.25910155335
94392.02390938373
42926.958375508904
77850.1962721845
145795.9830521914
