27638.18738631835
216688.38296185475
119398.78124021637
17654.885510490407
31326.006548555182
71647.0183654977
301523.5581310496
340337.74187697866
170821.11288726432
206871.85469782876
89204.12331032661
793710.4112646885
94256.10318227432
191329.8865840074
32104.807106954275
556896.7880535044
119503.00250094912
263172.203454165
61004.32195965228
124444.90252362596
57781.193230737226
405347.6336466325
249476.18408923922
155272.22632937628
45304.36581598742
248404.5150074967
9959.638262697366
278203.5334269473
220674.69339847277
37053.69109076357
283988.4003298482
639292.5460021103
58583.099653624384
60335.93791039344
142657.43885139783
113354.05339295403
289769.368600404
126758.26277092058
136315.01416731806
119987.38931560778
2106.821671630016
97828.10175716324
159562.932593641
91549.58296308023
68479.0326485685
329205.88282470516
226640.10355027512
136332.92633325857
135625.55939392647
366913.2663211048
80178.81302530343
242026.92128381866
106331.3691123748
1040.996780811711
25326.660193670858
86464.10347171598
21102.622775770484
63534.25411075265
339924.63057113875
239249.43860952556
23823.18415408784
88770.0440945642
44052.01597843857
16656.68531754952
315762.1724397516
368737.2174169607
113478.45369864114
242882.8196891367
264480.96128786873
41472.31278335348
337064.2673541404
73245.00821756366
