51.2443063714
82.0669429548
70.3016075169
76.4892531294
79.0113717523
39.9393154649
50.6419896623
96.0477841857
117.787187665
91.0055485306
29.5968313382
126.181566412
116.581719776
79.9068048073
165.045095895
59.1753405054
134.626192207
107.478003336
86.7519942104
254.120678394
116.082454331
152.90850858
48.8723781185
171.214897238
100.814314822
80.3126430298
79.4902767469
114.666855698
193.470988994
74.1834072968
83.6205993903
27.3451027414
86.9353064808
67.7138507659
50.0812773268
97.6098429767
40.6317959422
181.315993925
53.4090046671
38.2592941191
52.2117369592
28.5142563408
48.6970949552
85.7432727527
62.857248959
102.057813879
155.622306308
107.39619519
81.8871244523
83.0329449918
77.6548908493
76.3333318248
45.3851051266
145.509999918
85.8266736857
103.181949383
72.3713373874
93.4795496571
37.2503021571
137.831464862
86.6942547827
241.558078725
11.5666537191
81.6934172218
43.5492985276
48.7293799868
47.7654385688
129.824032621
49.2300740441
220.795287534
62.3951489246
57.6208433781
182.682626588
32.0518682307
50.7021499144
34.4488537582
145.114351175
66.7017343867
89.4055262045
176.708819113
68.0866632216
46.1183741378
192.722902711
34.3863987195
33.2070057112
43.7203439602
79.1999137158
148.79239852
161.922268296
89.2810703675
53.987498055
228.002676163
234.641517631
91.1069058176
303.833619359
95.7378791964
81.0665966061
53.2913961292
45.5766357865
42.1893828604
33.6337030809
112.10177421
97.870457736
88.5358240499
86.4340068556
64.8641161793
43.0458650718
212.176092362
204.085627467
68.3901353659
27.3167843148
72.7298094314
112.813905532
155.394572128
78.1818161666
70.9896206175
80.3602358064
64.0634762607
38.7857899927
45.604212444
167.293632673
84.5758231818
51.8219528589
99.4072070022
189.743295226
50.7585679243
302.704705658
30.5913893131
69.9136119407
51.4150188368
101.678594976
32.9302651836
204.215201398
75.7968331744
78.3526394759
61.3795180671
92.3366128307
58.4257387853
302.405792632
73.7158627293
170.489319017
34.2898589039
133.279615312
76.5634717927
116.469654954
108.033439995
121.779370114
67.5708211813
243.563338729
47.7826206934
75.1971046398
107.075098328
96.4067477201
57.5598742638
50.1754832819
32.4100196016
184.435203143
64.5959652373
191.99276523
58.3023296803
204.823319131
49.7613490486
55.3382372088
30.6795197826
72.0018210601
100.582818603
111.101737174
22.7260874315
90.6059840827
142.175859356
90.1573908893
151.934070673
184.569885524
60.6950158146
84.1820535557
155.109631499
66.0282207825
184.601423535
189.570027736
70.3222686983
146.38609024
72.5858158274
47.736737847
114.397873933
61.8704923011
40.0638119543
71.635900351
63.1902129905
286.627924605
128.962361266
125.382270249
149.455689818
62.1106890128
50.5746420762
88.4671295345
52.4800339779
60.0646015936
43.743670007
54.0152864414
99.440910518
81.5599759288
41.0815240607
39.500694118
135.091103348
190.065559868
52.2495281518
93.3463434692
117.750292312
54.3538703856
59.2633769596
180.070482373
50.8125408314
52.3781240003
53.5442324302
66.5010529399
130.744220974
186.70660944
148.403515777
5.46067660818
155.114058428
83.3296161595
60.038762514
23.4181901636
110.218679806
254.573022817
68.0172787666
72.770031878
102.116711549
29.9703326258
39.4132856573
167.465268167
35.7388347414
61.2891584714
174.097658303
67.4948222108
49.9765005309
56.1965155677
61.8628517176
130.851197399
61.0970409478
176.033608096
122.361305674
227.032982257
81.0242563964
71.9574457118
15.2031420003
142.292012742
116.588351192
63.0921767702
36.4549490566
87.9527203284
65.7940369697
215.208945336
97.9524926262
100.983088313
87.579244871
82.0304612887
113.417197544
71.9819143695
77.6975999928
45.9100393445
97.3584262553
65.3594292616
119.656853843
75.6830313727
65.203008754
164.260984825
89.2349217711
84.8750994614
97.5934883972
56.7916494371
116.510954227
99.9471573715
142.974001139
75.6194735372
52.589915047
43.5077811037
70.5328805897
77.8746456137
57.1153746244
89.803173798
56.9649290178
67.3087582554
120.169814984
110.308988826
43.543581004
85.8198035842
67.0106174289
61.5191442331
35.5840725857
160.621003146
110.107885831
450.260291753
108.618285036
104.133132945
27.8991462311
93.1088384127
134.766267075
69.798652874
103.207716642
221.964183901
67.3247739066
57.7837583527
40.7033340618
52.6887962372
216.138170017
141.29446005
62.544454585
22.625066973
47.6675918243
257.924941648
53.5340562085
63.4938296733
131.498884439
59.0133949332
72.1605360555
104.698673221
58.0599778478
55.2840362895
48.1822313622
65.7445638664
111.974687649
47.9529269035
97.3011790287
34.4381983246
45.0232122198
127.293656483
56.5951742909
34.6699671943
85.0133511423
133.424100991
36.3227378637
73.088017043
91.7672501438
68.0876454652
97.931459205
49.9201677042
26.6453254673
156.476906876
31.9575587964
133.265599404
69.246594706
140.755225039
105.902413689
57.3304715585
56.6249734184
54.1414114504
95.3276450927
102.730016049
198.459821682
69.8099211855
100.653786144
141.833365655
228.217008702
85.7314451197
60.6037410435
42.4469373023
101.781276738
317.39269072
167.334426221
106.37310137
51.0034630633
41.9079911176
186.500796872
209.219859188
47.966196473
79.9904163526
59.033701611
63.92410087
142.076316827
117.358458711
83.4738725999
100.700258686
191.584511039
116.037197027
118.187068196
110.288018809
25.7327878685
20.1590770241
53.1489910876
71.4206391629
9.95118575836
46.4918221439
109.824300157
93.7030818165
46.6687056888
38.9440870486
189.335744196
127.70169391
101.825532879
43.1236090211
74.2332486201
138.06121849
55.6378553744
65.9585126659
65.2532615565
126.160272517
107.502429445
73.1216257885
51.5503133981
88.4091646159
108.878620898
76.1906439541
61.5464721635
61.5119226535
64.4957183119
123.275020897
53.2188267506
152.422752989
83.5936259355
64.3185196641
110.461802971
45.6327713827
86.9462356071
25.3864371914
85.3000623333
162.607080546
134.240386309
139.831678849
124.141867394
232.013046814
86.5641592245
55.8362803693
135.571832423
60.6725895769
72.2247959624
123.763132578
50.4853421598
65.9518824218
55.566368302
69.2493846462
75.3889949559
220.469068609
87.7508610616
59.6697593364
50.0274497854
56.026177102
103.236524468
68.3079544803
121.314035968
71.5183756728
118.940622564
59.8608880183
47.0824453798
65.5116904499
69.0614241394
89.3080462138
147.130329878
66.8431132396
51.0697430319
56.9038534515
50.3874972419
37.467671242
129.563841123
42.2415439839
183.847391323
25.3891186519
268.887301403
178.14932127
128.759357787
58.7385168693
67.8779482139
203.006406495
94.9203283381
92.2740978724
88.2296253729
56.5461017577
73.9236428932
102.287442509
50.0834601232
96.5126880265
69.030600112
43.6655809722
94.608223079
36.9759409138
122.644483068
33.6717426034
76.4833669061
49.5943179117
129.178195043
53.517281348
93.242068582
37.3255063493
34.8298661237
47.5874866639
80.5169537913
34.0792547523
110.8906287
209.500847267
38.9567881868
78.1809383356
311.704252525
74.2222514822
70.0074600644
79.030383781
87.9738566178
193.731482117
57.9399371827
149.874057309
56.1341509404
27.690403825
145.887607924
194.591638917
176.987544823
66.0024327948
63.334028408
158.579190517
44.7684382821
72.6290072918
94.3381325825
44.4374197005
42.459918872
174.836427039
75.7172150042
51.945964616
267.191314895
84.6231672904
57.8582306099
40.4428008702
69.0684848843
259.105928128
101.991684384
144.592979609
122.592055109
110.736834008
76.8279778741
102.314498083
91.4855015411
59.0231420398
186.39137237
183.92005083
90.2031972458
102.765856511
214.448164353
167.558314515
63.7629217071
173.383539093
57.4822734834
213.060849051
161.527801511
99.4390971424
72.8457623348
146.446474005
89.0889915717
55.16270079
90.3737299785
60.2991119791
108.001872409
38.6462514445
82.3773437934
97.5752131971
87.8704493764
71.4740190836
84.2477122492
66.2336848164
113.028646149
90.9458869457
126.136233873
53.9284845996
55.7447258182
53.4450730508
93.2506952008
161.762703294
113.679234298
58.1087239198
61.2226704597
53.9545617191
82.5521652788
44.7416392621
91.8638087402
49.8370684804
80.5181238742
100.522621816
117.137678962
48.3908915952
192.364325097
28.8092190944
28.175847891
71.9405009665
60.2245914427
91.5495455961
149.302558033
44.5924829211
54.0068162349
57.1768685886
110.915685489
78.9790873739
122.497865371
172.627597069
98.6437628104
111.001427058
86.5501166767
140.686349279
70.6520681843
40.9592187663
47.8044132289
253.152445965
80.3841988194
138.245160584
106.999378751
42.5090594587
275.491072467
62.7844353646
148.608449759
40.2922558895
71.0202162719
29.5801937673
85.8012363814
76.2401026268
79.2290567536
194.144515073
84.8580405817
82.9543896073
103.283313166
51.1896630077
70.2373029394
58.2171018847
115.073873811
56.621795403
71.2789694321
83.0639344743
72.2845685219
79.3966762209
59.7983590517
51.5372523554
79.1295283399
99.0073706905
55.6712611505
159.267303345
120.515754005
79.8857449007
119.266929077
43.9622923432
45.6551007718
99.9924145693
63.396904121
68.920386261
54.6960325769
59.7041537389
163.208433123
194.128527341
70.3325079526
49.6325919123
12.2834467249
159.270721553
50.2342469896
49.9635379951
110.363161204
24.4213406252
57.6557224496
382.584150547
124.564236472
111.094981761
55.7625910235
168.886752006
232.05256286
153.356215418
82.8598344906
55.9010003399
102.638787562
50.4913764431
66.4625608903
43.6560212413
83.1742120178
233.643994664
25.5944360931
126.756173793
140.390179383
142.926949491
119.810732909
26.8095961779
86.4675688619
55.0185104571
87.5368172035
250.820333975
26.8520652357
44.2096151517
67.2132101701
33.2223551185
125.547371557
113.71595195
168.915445249
48.2367763056
40.2924689213
80.2435082067
79.2238539752
50.7379604306
93.910244921
249.198034153
213.630820264
143.958405877
54.2450461088
99.4084137951
68.837858194
75.3870503552
103.577778175
62.0636774947
39.5370115713
69.3945250821
54.8642766522
117.431182631
108.252259719
38.3562596727
90.9040273478
33.0361228155
167.540460949
64.2807852103
44.0438939604
112.038039918
134.322262794
60.8798924954
65.7658767971
44.6508020125
87.1501324683
59.300789984
97.6431335531
86.1693316077
122.206696563
99.9983411156
93.0634952428
111.540192928
179.230249588
80.7493462498
55.598324902
97.3381278666
132.284315558
84.2421137314
110.374450087
101.172339448
80.4053018317
136.935868844
70.9625278529
77.8713924105
73.2855760177
111.804136902
35.6397105065
141.529619514
61.6830403232
64.5627108209
36.58571836
139.591971459
111.571038447
26.1556048322
230.539553515
20.2723539553
283.883117872
27.1112022356
29.2960874287
61.2570553247
36.1200763852
68.4509421188
64.3133896404
53.0136089953
55.2966523803
40.6812864628
74.527740365
36.5507332619
117.751942907
36.8900565038
42.2263848017
38.3312799149
341.752421241
26.5521478
86.2962309913
59.5604623656
57.7416804206
170.870107956
78.3742847833
104.874967076
50.3004615351
39.5044127178
70.9687081396
69.7582593422
150.919334356
53.5301947127
171.739505826
124.161765807
128.243232253
54.2534432725
125.83946348
80.0609557921
51.8370966454
72.8246670747
37.8492355534
83.9552173297
140.967004419
69.7146289934
95.6422253566
129.127759395
95.8487205492
86.3178063607
88.5846133304
56.7949376682
114.613440964
125.630750103
58.9104160486
102.228229099
48.2332913023
145.947410784
194.197773754
63.1366726988
53.3554877414
388.464473113
65.7955179178
59.0641813277
129.229462928
120.848821681
56.5021161996
90.1384449193
55.2787885215
120.938825279
54.7408372974
60.01357357
21.1928904503
67.3182254309
49.566407312
87.4091923926
82.1438481625
185.73232624
202.189405216
238.90300614
72.9684880595
94.3120237916
97.0090465554
100.795027045
160.862288516
42.6215748168
95.335406851
59.2713313492
78.5887863535
78.4455947326
74.6207674447
163.780605976
36.0153773216
68.1224633542
55.2308944527
29.1848927349
75.2331382449
63.2238586959
314.654019728
45.1905967666
109.014469744
43.5403439532
123.293198176
259.138871322
70.5301950934
47.1561126593
139.682852028
167.662595279
37.2618700042
94.6387040605
91.3012074434
57.1487871403
131.164112073
58.5917998801
50.4724133248
66.7341993905
55.9572273728
45.0503631129
74.5732648091
109.0784312
50.0698690087
119.408423461
38.3044694233
89.675417502
60.0060542436
75.916304758
184.274551848
122.01844504
260.925241929
103.738758782
133.798662282
101.898641643
108.482500265
70.3614084823
89.3007443761
98.3566827337
29.1489535998
56.5654692267
46.6411728045
91.7766426499
125.368836386
249.89339632
69.4221060071
81.2295208298
75.4402724973
101.53649398
299.523225975
242.462163805
154.509290539
126.09894198
122.480425877
284.673102461
332.040415608
125.596943922
106.025923356
68.4518023007
119.857073156
208.000117266
78.7970025262
102.301114088
192.00442791
85.6177623139
64.9253263419
168.581293875
63.5699628099
39.9248679484
42.9354349189
31.0234448566
27.9633806949
121.378468429
72.279476518
101.977205895
68.9192272334
54.758441688
70.8873120308
53.5832408292
254.763728525
60.7896269634
128.227139011
104.277297775
54.3840660732
127.199182553
100.246789864
107.589250933
67.7053293318
161.380274048
399.524725996
75.9021175659
160.009022138
65.130739213
55.0566111932
78.0604167922
43.0835834763
180.484170534
90.9014673552
35.3306347496
47.8944963019
104.071012131
38.2267909637
79.939834278
121.377599197
194.49272598
54.3824374358
31.0653046302
110.292624485
70.2930543471
201.199377893
97.2678273966
109.358825133
56.000334879
54.7415488315
52.0778754817
70.9071425198
54.7114815686
176.173869712
115.560723824
40.476507781
118.919432662
135.34198842
42.0762516097
65.2856278293
222.143514674
99.779268517
168.5615188
17.497070705
56.6659126501
52.0114621719
70.6611385595
64.3449576987
39.1739244657
99.4804751436
129.888730083
54.6939011552
57.7733896062
89.832356273
61.4115121276
95.1312792011
83.0565771928
48.143846828
97.7250923539
102.43869476
56.7289438784
48.3820754918
37.3381227558
57.5854302549
167.837730059
35.0815325761
157.984430851
57.7706031669
42.440924143
44.2508335013
214.106693659
52.9565180432
63.2384168398
92.3170268672
134.490663194
85.2011279894
90.303507673
144.711660867
52.9414029051
82.6808202205
78.5996477114
89.9952491899
83.9251718405
82.599865202
119.384814711
76.9808694874
67.349556476
90.0945931
125.245856382
62.9705624513
88.3098162321
103.967979949
39.4007753546
59.8048272998
88.7237787012
132.908133045
120.424031736
255.681077175
56.5230321966
55.6839054683
48.0361720607
135.319190348
56.1260840849
51.7041600821
181.720219027
55.3414503955
71.8049258905
41.3004109322
68.1589187573
49.6374340532
66.603678438
73.6417597848
75.2916078269
88.7279286391
71.949634609
144.877395885
179.845720028
87.7080988792
105.14418208
45.0578089702
95.1020262222
67.1992683302
90.3577127938
53.2248101201
18.5601310288
42.4796010054
78.3875474776
70.6864927165
73.7373921736
106.23025096
45.1605974939
104.170899216
66.9368141955
29.8393128989
