104106.9637350301
201914.8439509445
579831.5469503179
108984.43996299739
27277.980419313077
248810.7402654689
122692.04488549018
156154.4591516141
569675.182545196
109116.48982113723
163644.62829272167
91036.97406931905
59287.966005903734
214947.36574422754
34330.03774309072
89185.56936569107
292424.5372159931
252159.07581819355
411818.83290770743
89659.4331202335
513946.81726178806
135098.41867019463
580372.753417674
42300.75619021263
328267.44875087193
29259.215515397926
133412.88198260363
200945.6997750712
233888.57208658365
104347.72284091274
475527.58015203965
46959.88342333041
162325.8990785928
646268.3137419601
13823.140261517356
252049.10769907886
278533.7949567088
128595.48592605836
93340.9441396704
140327.2705792182
258970.83042220253
81232.92571643347
367054.16217179515
473297.0501311907
88359.00135466283
434057.55193241563
17751.17814996392
171198.5159817135
286291.67931561207
75042.2902435742
161804.68670608572
123272.24873133923
302008.99176142184
343353.84257089614
317706.70082491805
8772.102717228743
84772.39350763168
184234.49510857608
194082.4409446968
578151.6479600521
4182.336564144403
687729.8653412483
129153.83621087013
190666.39755970205
102866.48052190007
201468.11054732464
173586.78517709993
77892.39314911947
213026.85254045195
162210.94413072866
68311.98817574394
788332.6958199712
