14.244764964988683
7.978537502646222
32.05727905342482
6.819602935613195
7.328932572351115
12.516795315637022
21.90367723245326
7.971086608417578
8.577087024909785
12.077487731798135
1.1193393035040757
11.138221883465798
18.8666067701523
10.724744794346076
3.4509408461039444
5.1188878555302555
9.355402084569828
17.242889745917367
16.516827125863767
2.122665641188456
0.9801128289204016
26.30792851235645
6.532357807132144
7.5393845118469764
0.9827811727642729
16.932962028502722
21.744770661413014
4.314733001438144
7.128801197099126
24.005928561036654
8.864545564409815
1.5240060265078421
9.511868188831528
24.813772408313955
0.4994976062676582
3.9794628200258946
6.507302525598866
1.9319272476250298
3.358727890552661
3.42256250990043
0.19085170584738292
38.58812300672011
7.478132848535751
3.751095627642134
6.051500578539098
2.597899135705164
2.8922178345307654
0.9267793179233663
2.107724835100688
1.3476458738770312
10.243621386479845
3.3700477496997303
14.794728185016636
12.18214305708539
2.7052616818291133
24.113020114631503
2.860613142677656
11.445675731371082
5.939397745220898
1.756722896712952
17.442655061339046
38.25864484099792
1.8733040369414642
11.37392317789744
12.86801460512862
1.7887218395345732
18.429954335629652
8.649211154692024
7.295918977918244
13.142393613036703
3.133117059879247
15.231087242706723
2.8038644339555825
3.1128159950171095
5.094866500630124
7.384950619223186
4.21646546401425
15.145528029464803
27.931275979839636
1.0740346917575674
2.6766392070044494
7.0501106519065075
10.905495272636918
1.8868524130701039
0.5973586767807509
11.604046491075435
5.866629295283621
5.4125654253484194
1.7306218250792087
25.184910640398797
4.425480128539733
11.461691287244292
1.8739251440333695
4.330632067359705
4.758677551349968
2.947258514088084
1.7913048030517225
1.917271337436939
8.599888842400393
1.7021969699034494
0.32323798284980315
5.798709310033667
0.16971338795447874
7.724624471992699
14.406732290062731
1.928369333744064
7.3021574390834685
7.746401972689682
9.249353939694803
2.772776176302101
57.91295382126915
6.459184402827815
0.22037212671945486
4.4697143980270395
9.785830967251744
13.030044998383557
12.907476392610022
22.368531077286782
9.390805035543318
21.39151069242112
2.7549506267926636
14.661951159576702
2.3605820545451883
13.231297526806566
5.6814154278067015
5.357818397094679
0.41344213697171983
7.466396063590493
5.243119505775325
2.50978427550227
18.579001567105674
6.482303719201896
6.377639080350971
0.0012951774925022447
8.93231561652709
5.05327266978783
4.06652292486644
9.42772343440723
33.694339948750454
12.406244507609058
5.552324821960214
28.15187056121189
13.574420848874656
2.2200704503295587
19.539369346212094
17.480163486701947
33.04220919300675
1.3107613867111023
1.515297146374924
1.6904436825404883
0.48539249560038644
0.3914166667713746
21.492200967532288
16.645297334294582
1.0976634336526538
21.517427843583867
30.02647100564331
17.322223652206194
5.064431035409866
1.6097965197793067
5.414050457101534
0.7221269586557757
2.7757527616470195
3.078354481597937
11.621183150233398
6.439831482326586
6.390859931276011
14.300615249448132
3.5895844100572463
17.711473929273353
3.560479528497776
6.727385697363152
29.190964846858865
14.377598662114517
1.822746080657607
3.573724405251491
15.45609820594124
4.293822730484171
30.042744353273278
5.776461224158436
16.24194657610973
4.426967755646932
1.6714857339273654
13.597401387116262
8.538706577604039
1.9735113237084594
2.1851317559806867
0.4018475401565973
10.04404421520688
19.051933355336917
3.2056713120775435
4.7532338562479595
8.233701556883865
24.777475638935123
12.261165402408189
2.094990256163807
27.43212150373279
8.68056728196151
4.24564910869711
1.4751817115023693
15.047095729035302
10.411199473840883
34.048006712567755
34.1703706122152
0.3325056413319448
1.024358192703352
4.1013931429070904
8.310002284769991
15.158759570009568
29.214784669500336
24.265129234912326
0.15799456943561077
17.759056202127898
17.613365429934646
13.025317324017816
25.261146666852873
11.014824078888683
3.6338813581294893
12.796040214961744
16.20088893725038
7.807388830971808
7.481330981522369
0.5868769678264383
1.3756680774444676
1.457516714755101
4.7600256475156835
1.8520956458205873
5.603045043518514
10.043986597917336
12.595765753802915
7.945519798477905
31.562961602786093
0.2655164938445996
11.225697993647584
4.8042882369477615
5.0831990693614735
0.5996770993245083
1.1686302939472688
4.391707452522309
2.845332166719047
