0.9156265387079808
25.600632853369934
20.388855829066856
3.605361603597456
10.407857453994906
32.990001833485394
4.3556172225573615
23.221871150418348
16.51044793197372
0.823375329104003
16.539508720824315
16.707216659667928
0.38841773820041187
6.290064417097496
3.1250903578170606
4.8259859959701235
6.311658978237296
10.889827689016991
81.26067436678561
8.681865941037952
38.22589087624767
2.7938928926194704
5.760733212216474
14.055532715333234
9.242665658978988
17.83680632237324
17.600400019537048
10.298142576501311
10.977888339104004
106.98687879859045
13.758451306990391
0.7091658858842442
19.395370082468364
24.669663608193964
47.50651043174912
18.592214077205
23.436284810669065
35.46187483384194
5.702842486531215
2.061316699779313
1.2100245716916072
48.24970313785728
33.40412074887165
32.46309979242418
108.19895224601015
2.6832804437402156
36.82950672093329
12.592651156974165
1.2396789620729038
11.965769323741377
12.282752742650583
19.46945140894492
12.346824536125075
29.205937895497144
1.540360119159692
32.21247205718383
8.759178990006077
1.9539333393584362
10.050314179001191
37.80204769510258
7.406581727545241
5.14382688428778
52.073979362912134
4.378673610069395
10.013905198695948
14.484397104648409
14.914174982884951
20.83477263762143
103.53068778685191
40.45283036081492
11.52363642815772
24.13673828675953
15.613732978779646
1.2143815065559993
2.105619161656945
1.4998790607333392
30.44421177487155
34.9396290336118
0.7773845950589812
3.5096149395124834
2.6022407441821356
11.902793999444222
5.514835912914347
5.791031737051081
33.64148258068817
22.47882798692656
13.544848290311354
5.2898616397713925
25.818789155607927
8.659596671985879
19.93877527231581
78.23526407399372
26.23416860657905
2.3482156800130967
40.73716782948876
12.226971348398969
4.770724200974037
8.129952599922742
19.72705038451629
40.72254913699857
24.455153599121918
5.435913548551298
1.950484912030984
4.2288110270253805
1.185287657631815
5.388468751170244
9.628532591624495
57.09389465793689
3.9973479782405765
11.874408324806502
8.489928595096234
1.7049415010698263
79.09753313689865
28.219576900104514
15.667349642779072
19.8537237385835
26.268863404020664
11.422321578829038
5.569825643359005
0.10108901858738599
2.9311565435094193
11.59651349208575
1.5286799763717418
2.235504200892975
18.981644392236603
20.86577440664226
10.186868183957094
18.88474550616359
7.6958396991647575
25.700283684912172
0.013173559694941528
10.017796857381212
9.932288585062189
26.70112148082143
0.6846243351050683
33.04791309959646
1.6385710578305388
0.09410565135243897
1.076614788711174
12.797929192496243
9.48997682525255
6.521897248193486
10.838272267012016
12.68891479242487
4.224724493431837
5.733199824334439
6.710753159631664
0.9202587630769691
8.153320177593518
19.98114858653222
4.845535907514419
8.4690984917448
72.12218854657624
14.17433644961533
41.563657739321734
10.43129119117549
16.269224683322786
6.3996774022234355
44.773511529735806
3.783559076660066
7.786906178945009
13.67924738015149
2.364054214781972
10.853765469006447
2.511530679415232
12.589421674215375
2.214982791156292
3.4783245578391835
0.14158447469887744
12.503689036697121
24.15187628881841
3.169505804206419
45.9211521656656
11.645286044032582
3.1856195191089687
9.450197378359825
0.46401969904132495
31.629470949647178
6.505537638489322
8.836077468846995
1.8385148930083781
39.64604083379215
23.275734100390725
2.9387969184799645
19.14737474656044
35.60228526656767
2.7360258285582666
5.039918358054531
8.637990380527443
47.49634280027074
44.795845596980385
2.152507973031938
42.5990662934771
24.229286852725345
0.382887130278633
1.3299755200968615
7.034791434582517
2.932671008915821
18.065940631565454
45.12916936694933
7.896368272057896
22.113839003370583
2.9505697910663673
0.1712907504690871
11.892981541632995
0.7969650688917853
0.26273145009304083
8.758630077805819
9.342190138910166
2.4629862000970406
23.64757924048588
18.172547810400552
20.5586702478154
2.8189889002148565
6.463516782118152
4.890260852607211
0.041680568332901576
29.887561369567774
12.580539145226922
22.86131947266042
0.798261757228527
18.761080756013186
2.138091016112263
37.19177956639588
40.82458225860884
24.189340925299256
12.868145838400672
7.618809003172769
19.66804677896586
5.933880173738922
4.788015393483128
14.391892119368478
4.614762828876014
12.626905903556233
3.7817623582941837
14.301372877784704
4.912172840028237
6.846411097929512
9.464646993910412
1.877679024730668
