30886.39650490648
45765.92360205406
4.8483224125928635
329180.07123581955
64308.51178654986
138196.20239511714
17481.15211290341
15287.053166559823
2512.692999244871
12600.056201616915
40983.32231534236
36464.47847167291
69954.6499603089
12435.55275376567
179717.71293334718
220429.56043205346
77752.08847484505
58221.790891769786
80.33243767414417
50239.785658778455
142854.1652441204
109511.58915101297
60750.08223451972
219213.01644020734
265.5949449637862
72695.23991678438
46971.63850120296
155507.33046854282
62327.37880458128
157861.27855137584
30142.473659691987
48105.35732225311
164013.60443293638
92.41116548164673
70876.31126620124
6455.388063458938
89095.6149191577
122933.23004566593
79108.12193448709
327018.53259360173
32048.577110357808
64.85534236566446
143964.76026642215
3409.476248542885
79630.04324926593
40039.49835913651
12908.911207575313
17707.409102990456
4381.431341912421
46899.57474865823
7619.9327664703505
66591.68833252853
0.823119024043544
300330.57857706
3486.7030060633438
28704.025509224906
60140.19850386992
118166.6881159919
2.7927108357020196
5.524480016970065
166435.01090634943
194666.53870837472
21169.97516667748
198519.22543538595
19564.636256156864
13415.28145449901
77219.08789265798
32274.829059239422
1832.1497059148508
104879.92868644628
30450.91904414756
18691.17762415231
