25627.579377032736
270757.32809661166
30546.02378761112
13084.414809172742
107564.00609358346
412297.8466199952
292172.45269612025
39574.99505871652
210544.65621885168
53196.02661152794
385606.0374664949
842939.9894437254
253543.66518449388
84369.94783351423
93354.70454574501
45516.39577253788
50248.47886498051
76811.1003441098
124141.81235616792
290612.3168697096
20781.51282581471
292404.3877310961
103344.16129427921
43489.90957344098
91517.07831418219
20041.583521989407
157826.34168673548
145888.4596617509
388823.82830086956
443124.5249157315
175530.58373565474
2603.6221035779213
384225.3100954616
26449.67456927017
145903.22275210533
93158.96852566456
173206.69202391538
50289.072775131026
202765.79890708707
8309.706257376138
133533.27004503325
195289.49742126346
62106.798227823296
258728.2295034305
215333.32945785526
28334.05545952741
10038.5890022201
93878.76611099156
483.9984639107284
15907.458931541894
58394.87691425514
9467.603888281512
120625.38207025977
101505.32098528031
80212.24052578094
14714.250490986266
154237.94519323693
91625.52998981993
44990.33226887859
142790.3197320545
6942.359520134488
139977.26986695782
73245.60497257742
47472.33098420317
3633.8348339184067
338888.927258145
15032.112292802414
85191.56492900946
98353.79314932405
204514.29622299393
214908.82329755186
167167.54621563698
