97941.42006927663
32288.033792006612
38430.88548477324
308778.3618682952
46303.82074230286
45277.45654026938
49897.64028271958
243862.9596879655
44992.50024434238
155545.8749780075
12459.61673180477
60531.89208320973
2713.9732550874637
109965.91585899655
13317.242891800875
122948.68988116579
230751.97951312046
49133.77082289282
521891.87771308044
4064.872421927041
37374.0581306813
98833.1744674494
64622.524725630385
33663.069682866684
63587.43012815601
37942.54735628361
522628.07971601706
105530.08604742948
306025.2060565746
98230.3759789574
56206.217447998526
56879.36892638955
62096.629205692385
113989.33662877325
137285.49286482632
142863.83332994988
352962.4762278594
231656.5969165832
91423.99409758531
90175.31659919617
430732.0120092655
98542.24943253264
246541.34058548734
79822.05008107277
55363.70409720808
154158.25980323504
97801.06237030288
30916.621301839445
12086.535027109636
78383.43893843032
33500.391550044296
30737.252683101022
169554.58012476278
205841.81954400666
97603.56442877141
82828.6056169121
141304.57684368867
77111.02790849817
52265.010369243944
56189.89236330269
171019.64125200792
162136.39931878768
70013.14414938055
374351.76051243534
98264.54915709038
239426.8104828701
10810.008381177498
284476.52171580255
186761.22759385762
161213.5960480811
127948.58859529115
77987.6589105609
