16772.54795976554
24320.09465773795
622625.1540088474
315898.34661593975
311036.93018576485
19108.40089588206
39999.408361295675
172791.98101717368
123727.1356927302
90377.64622135127
21643.314694983987
162577.33105173832
42157.66207694773
38715.19846872556
3285.443195532695
171139.59115138918
20674.602192170674
20032.650528774633
127639.1479910189
174167.42897979333
11409.022412798076
22104.572717354724
93623.5766147981
68637.11222931901
43754.099014874744
11709.870838590215
275825.3093244703
26867.440778484794
40724.104126039085
34717.44403507599
28109.21729730053
11990.305617039474
14448.125018855848
13734.386771600972
9137.165103228079
75028.26846377314
29292.560359675987
588145.6922827899
63595.05870865678
17388.871035632576
29600.959702714048
2012.900758992073
192186.28062992508
101359.36537686171
22646.51849631425
10740.07821506818
46881.94048376005
152358.16920834783
190285.8803046601
68418.16621238439
44144.07688912729
26774.760486718948
64815.56464564929
304485.3023722723
253983.09091826197
90928.22825054025
112401.17834479785
221834.78318004866
15858.936066714334
487649.2006164135
9418.820934666743
13861.720843724148
190150.30889789097
30957.805171677624
100850.34031709965
137456.27447324118
197302.9243817078
65601.2166189476
40619.30450354014
108852.1793661636
142300.0446172148
86135.84193867333
