26.900058551892048
132.5836658074395
91.05397272342277
2587.4090493290882
7.465987985643971
348.87888609153936
226.9494349425946
61.4237179140948
24.48955201201309
7.900759111544684
102.04430385647518
80.29251541969278
420.6340676882228
55.53982927733561
220.14287885954568
5914.046832839645
13.115572978841467
158.50314219789203
113.45933082615849
118.32162583669184
262.0810319024045
7.427889507172855
208.31557659458107
0.03235090771289048
17.2821095903401
5971.353240370879
39.37237866834891
13.427350890737443
116.43659318081613
2376.332255191623
49.57767744990116
49.267771669726116
0.9925737116485296
381.7989039410429
2069.2335008944765
24.19890008394659
95.28578440742139
2160.0092682577674
56.14279848815029
20.24052722492314
42.09117722180207
33.315448908351385
1623.882141754881
95.48495900526889
527.448217777597
103.18634857994384
2293.3010144593004
106.3108534158919
3854.1479645708337
28.482177106876836
534.1230470763032
88.60242403817692
1775.7096813100259
25.388178617039877
27.128872013959523
73.61874273014372
150.39698601045393
549.8401882947687
80.48726313832434
13.268244220629898
90.70973392878297
71.58963929952782
117.47592951830214
41.028664147028
99.48512605235894
56.82958754662131
689.4504968012975
59.74076788918737
226.8113851431144
130.754380274861
2112.3483111390483
58.87480146494573
