0.0019479784771507629
0.00030580006331989794
0.021838674719187958
0.011468490247896472
0.0025258797125839116
0.015123115378310563
0.011000169672846982
0.011107010781664131
0.014019431043354978
0.00045028561780571704
0.00785653759256629
0.024916262156302747
0.001864851706433424
0.0013666619546051253
0.018530420804724432
0.037510648546854757
0.028142835418213306
0.008372376567036365
0.004488897628216039
0.013218335452837808
0.018021257483774793
0.01204817223149698
0.03936675298593015
0.006035062289221405
0.008343318217125587
0.002357614694349009
0.011726989390601272
0.06530160083115734
0.005487483708917243
0.048022763158196945
0.0032759318045350286
0.008714611242405452
0.05661460606050249
0.0014362382677613659
0.009390521535490855
0.032874838426182613
0.05151828195294048
0.03589034386269735
0.0037535744700280304
0.029493846862438302
0.028148777463035932
0.038228253104150754
0.0038612087359322206
0.03024826579860706
0.006047698637619145
0.005730880218120864
0.011671013404327185
0.039250182738261266
0.01541493754760368
0.027544015952326868
0.007976922204841393
0.01665492876276497
0.028134052769006237
0.01720491241835899
0.02044112236638898
0.019279258686836897
0.03937962798348522
0.010523587304861302
0.008009757769948845
0.007951280510822363
0.020532034803834875
0.05577318324255896
0.03443723074274423
0.0007968788866590332
0.008776135405848508
0.009852262710843085
0.003511682992262572
0.013164568366306209
0.036543195332765586
0.011818110636122899
0.02116931925452586
0.03632505490669548
0.003886558657792731
0.031975541978296815
0.010014800819814082
0.007682687923684841
0.009134970912341032
0.009206578270169238
0.02199627108104388
0.02856510199559335
0.04083192857003171
0.03317882352708017
0.08517557047084882
0.0031495380033367136
0.053183242167409286
0.054595190835081006
0.03998606917275327
0.005658951806266699
0.0036728163592901347
0.016656872703495976
0.011252816553217013
0.007142991865877865
0.007400698404734107
0.0080659082013249
0.04110961796077624
0.010442369846399407
0.004070450326290364
0.03197188346495143
0.0025623916365953483
0.07711498378600264
0.02350996717795292
0.00783038326566385
0.017430280551641145
0.009653095521694261
0.019359130297935814
0.01776354436912345
0.040506005069637946
0.02941414090764097
0.023668566313490888
0.07413278658747177
0.0005765341376667965
0.0028578305211994963
0.006799146590201001
0.0022923406643655525
0.06437740418961506
0.03136411818694709
0.003981225918757056
0.03186255164045432
0.039630559592377344
0.0011235455528341687
0.004028243718755416
0.027511940084117406
0.017828760710439477
0.0074742112638090915
0.012481863711866744
0.0037748338227333537
0.004795151907276492
0.008167357190705797
0.02650478928279086
0.003986203724103237
0.0008578068531725643
0.004069393249374725
0.019655120339737226
0.042612946135916846
0.009967356244756644
0.0041769717305
0.04576561085573809
0.0113731957195082
0.00018603663499436212
0.027830102996405457
0.001166996196252043
0.04927915048917898
0.008504184043770272
0.015808488578163683
0.004276321282819205
0.0008244789559538211
0.019259895613910526
0.0012848144515730873
0.006541726420160708
0.010276538549773213
0.015006652282939724
0.008918079461207696
0.04647562919166776
0.02226842426041318
0.02884241387968005
0.008032897462196903
0.023089282690617583
0.01764694088419552
0.00042919101147869006
0.0243933969177247
0.006537892190444001
0.09841612331816188
0.0029369740429273095
0.012614275013568564
0.008034003510920214
0.01626219773857113
0.003393194617625372
0.004921772436462161
0.07281493001235362
0.006088276724953245
0.03288449628482266
0.03159091455816315
0.008382990252132108
0.015008065456092387
0.03469799750363759
0.010465776440339008
0.010313941955097088
0.0027854529419047945
0.044330693154623964
0.05140862075438398
0.009814083058819948
0.005213381318552966
0.013145712786720233
0.021702392056732862
0.0019311230537981537
0.022794071690762138
0.009459777906831425
0.038067884828001275
0.028858588236978077
0.03913812447807724
0.02550891287605746
0.06076781598440724
0.023692567701949677
0.008694765256672779
0.012704392579280632
0.05097884034323931
0.09201471422952344
0.019263723101616836
0.035817571943323294
0.0013692288428200693
0.020452588261326676
0.025180208701932248
0.030088497664726856
0.0069333298935885124
0.012787921527596523
0.00422805257145422
0.018260698902567995
0.005283662284672747
0.00526615990880509
0.015291360014394706
0.01750810481278625
0.021428963563310532
0.004972654729435733
0.023655085387205375
0.09476646959768205
0.018169285554374755
0.03407592287651761
0.0011842473941860757
0.01046034646357579
0.04394434092995792
0.0728620315822428
0.024877328121644955
0.07385696940141592
0.004794803443565868
0.028341316167752904
0.0004150858041093457
0.03995222129153911
0.006187079148986373
0.03150895202764042
0.024092351465725546
0.008361827937885478
0.057718470282328925
0.04173074040029886
0.030565791956463372
0.019334579284224076
0.003443781499412572
0.014603102875066849
0.04421691397011472
0.005454166979498269
0.09702064137853023
