0.03226044709939575
0.008171817206222181
0.0025339722506938075
0.027078018310102137
0.06529241381200555
0.0621946287711006
0.024352534461508014
0.004318381494521505
0.013702347651508648
0.022544369802994887
0.019532081412218055
0.05729357446644966
0.02408277845026637
0.04411275797962122
0.025808667637386918
0.018830417687189332
0.01608416929511854
0.016735902385615325
0.07089487535261599
0.006437863250676176
0.05177879574039975
0.0008006677724195646
0.005982452115114861
0.02057731356296555
0.021525003782925246
0.0039327781422550815
0.028752600949404766
0.018060650969839907
0.07899963496670548
0.06953947415047182
0.14570369875840025
0.09823490468617824
0.018941301130303193
0.11280920933114302
0.045295285722627414
0.015912348865246662
0.09066764989051976
0.047387531622835606
0.0008253149691049783
0.014093976774592754
0.023283868992127487
0.016819479572965916
0.013156288096611797
0.004791188398717641
0.1001454759384724
0.23796927761769143
0.018116925211621136
0.015705705136889105
0.10827407066492914
0.09597744041820382
0.01648330606560546
0.0376807226406555
0.017073300305544138
0.027556140630579783
0.05430353776205232
0.03586751687651604
0.058150054493247734
0.15415928042484858
0.0011728921973937034
0.01610363838920202
0.015818891510315798
0.013639933710744144
0.001171997896743046
0.01215652048444311
0.06952377948840603
0.003118728625441675
0.0026647650099388786
0.052022755922063235
0.0012571646250946996
0.14698302268894328
0.04107321945014476
0.06405876841161567
0.005365837168478805
0.018245031047832386
0.005716975111517043
0.060400208528992624
0.04308068202873775
0.07004974461277283
0.03424361563394548
0.04308404201760386
0.028020165011324955
0.06475880752919519
0.007866137603916126
0.019821381035289617
0.00016653022230219035
0.03556062556107666
0.04280645968696764
0.07077828614779161
0.0076051315630078446
0.013716046964836415
0.014814158743863493
0.03612348228126667
0.020910917401056526
0.0032120614436791342
0.02194077898489146
0.07353301636098489
0.08439765244110697
0.0034804487488789408
0.045345549880686405
0.0011325108536855075
0.02079910963647574
0.02505742265125562
0.04616956754819908
0.01816887001461739
0.02675785940823046
0.01228011343871284
0.011849583077381634
0.022159085982971664
0.005445886272717779
0.03166928421492936
0.01238497748080448
0.0052964150957437025
0.0018890986877701567
0.021874169928272777
0.0108685880233505
0.04828945067114281
0.03026752120296562
0.0026330435790301466
0.00221172031128201
0.0001796461164790611
0.05789850056361605
0.001233695318538491
0.21621209950605536
0.01140963144148006
0.044965012207430585
0.08642581277327174
0.0132084004458726
0.028966800374810097
0.054502451430533755
0.049914292381775194
0.09236841338386524
0.01006939288728097
0.0179510233379402
0.025998151231741276
0.1481491499708078
0.12196629789983081
0.017397549462243325
0.025493883075036323
0.042334993709390284
0.028218665905664138
0.02596295934490865
0.08166775301870469
0.009883233708405883
0.050286387716767376
0.0519392594013069
0.006306378201874218
0.0009371655686964156
0.02975861085689665
0.02108525740694947
0.009857000351256674
0.01149641554079725
0.13836370891144906
0.12895772696648872
0.03523580662642365
0.1325256516803659
0.1217623014620815
0.016686674408053045
0.003112279461463535
0.04363503980679666
0.03877457258661039
0.0003308963862305168
0.004190617898573067
0.08576433029975139
0.01302094852043446
0.03526512208097673
0.012560921361440026
0.027944801889229855
0.023984421693682596
0.011853795886309219
0.035940736362381535
0.005473388485067413
0.011048114130501406
0.047276578356215154
0.05870206788042501
0.006526726386746678
0.034200726735728
0.031224992504106246
0.07628653427625821
0.11483105649884535
0.0011964527053158005
0.046125602905026694
0.024920662989978144
0.03222823791679758
0.010351309276081844
0.0016735517068347694
0.019653235981912282
0.011979929608685875
0.08161892636582764
0.025061491277630864
0.05975031291555505
0.10514908532257389
0.013766946826734619
0.005088406844159736
0.010339148134756346
0.03166087273339025
0.06496936261265676
0.003453310329212216
0.01964611010997976
0.0007776514043705467
0.008669129834294416
0.021746319115915864
0.02714268477662665
0.018734406397980644
0.0421627580186536
0.03339477121726955
0.031938561932278835
0.008732562213699824
0.047590962721300756
0.00470423799747271
0.04199044930364767
0.012161644129832087
0.027801963571213863
0.04644565271397015
0.059263496726370296
0.005289176168082726
0.014313178563318691
0.01539513444274834
0.004711528309179577
0.007374281504934357
0.056482910536616845
0.1746259792512636
0.04163388546014096
0.026805783540669027
0.0028449924649180647
0.07301978161613042
0.012842608563279958
0.17135305067381693
0.06546846905600395
0.01284981357762505
0.005206567573221815
0.10546512189291779
0.00880365620333973
0.008080400033500305
0.07792953754917988
0.007888810496938148
0.0003935881907128274
0.0024623615312644787
0.032480715324657024
0.016332438079718955
0.029491843262455665
