56.16165649650387
1.1701220326368007
3.792132376437104
2.9778582301943155
15.532556568633778
15.396960863383798
5.593131332073079
0.2569118910010674
0.15731373298278845
1.5639094038641077
19.78860726157795
12.237858244339815
18.649764940566506
6.677572937832755
7.9134997735587875
2.741701606828306
7.523435343399001
17.73591130073995
1.4000596119073239
20.248313440743974
17.778348753778456
7.219222066292627
16.24296057962748
7.929506275554368
16.659059949568146
18.090687041433405
1.0450707906933654
0.027736428640962627
6.338369707649723
12.549867773488172
0.21091223767934797
2.7156280697122823
3.1814776042188457
9.557284978465557
10.297927532829702
6.186619470607323
7.8048068921704346
5.026527422827804
3.472230632521658
6.288548032204405
3.562851132335548
12.681825756570586
3.101073330516906
8.647286778963938
5.224261710220293
14.498691798638779
32.424929605143305
10.457213382252155
13.32850578172529
9.976680221589184
1.6076432129377791
3.457048595968594
55.10136510073415
13.267068082103824
9.962640169624928
18.190797289920567
12.278421037348888
6.756555823351981
21.05783407230253
10.344613957238135
15.236704276984218
5.205926907559342
5.978881692662442
0.2165423304364198
0.5442699686021726
6.383371339134669
8.488534712988544
30.946223085815863
21.20181547190179
3.1892607554956958
48.10331157995418
18.384138095453416
2.2537224186139984
38.7239156730791
9.263864171369413
12.954951039293361
21.24113780155908
7.721884524305164
5.171518279720837
19.164431632737035
5.287616282157478
49.84557539257662
3.9365217503194674
8.30263957821427
3.5884842745072487
35.58522330700557
17.06746618255595
3.747824454546639
6.393365276525037
10.41657119560952
4.548457270744754
2.0109525940316386
6.866916688422113
36.050297947446886
12.111396873434838
4.9742807088379415
2.0258765980373905
16.52802934373133
21.41601589467714
12.247479067182445
5.326862435658169
5.731716554592122
11.367766290964873
52.45402561116131
4.401016735397549
6.638250395228562
5.08378282413923
21.923711417644892
4.944230619357034
19.572151890074064
5.711203648533234
2.4276992799372037
2.1296277725882633
17.14033251434269
1.710161296554237
40.05422299734171
46.653736511598275
1.494836763796999
44.68216271878854
19.841111436274204
19.308658871776334
15.27901357106614
7.015764104212269
10.265854122187204
4.92145405664297
5.044465954521263
4.894555400798393
5.974715942920999
2.634454576554279
25.865951170671
1.528842216338104
9.57151804615759
0.6682028190851895
36.31882816148563
2.829643950373405
31.129029189861217
20.768621278156463
3.798194135919524
8.660833260067035
24.818718368726508
39.06571443299118
50.97841739021489
23.473397805836864
33.89539555124412
20.07935259106908
48.61922382189396
39.905763169621466
3.345294667921817
62.049633438888804
10.062675175519356
19.004868113256617
3.1598271284163553
5.6289829971117635
3.924833479375728
18.429366442035747
23.500932268051194
12.741930444501579
7.209589277445693
0.8055855201392552
31.865573821827148
44.45715603809012
55.785058415149415
8.702416586621137
16.38550180391503
16.015261215491098
56.88623174590118
19.564463994339448
36.415788741765006
5.611017649151933
31.259542408293832
8.797692003116644
1.6404400239570847
1.9819083425637372
2.9149682396015173
13.27904454180158
5.754180997285417
35.93122686072744
60.01147193568773
16.114515255998555
19.40235083990473
1.3508846864419806
14.066253118202203
2.628323044588008
39.918717053738256
1.7237401612761105
3.6668147537799065
19.873019317585143
11.044501677397975
22.377707328743053
1.7836589735996906
13.654468090300563
10.991989740666897
8.119546289175307
6.754521096359636
5.948343827798859
1.5495855369636076
14.565097954337514
4.438369740108756
6.44850426209146
23.625261797483482
0.9078592663032004
25.126412596679515
2.5436957851598323
12.467697668564044
5.5429168384260326
19.308284440382568
31.002211023575097
8.6600586353693
4.888568965275407
45.90427172435983
34.847998418860634
6.444248549018218
38.058083448876516
11.704249451618612
0.8027877244331354
2.437750977158858
23.911794206114973
7.500332708277153
13.533240013274488
10.26424014239942
4.7481153690103675
6.045478840599357
1.6100113531858613
9.01164518683623
0.3381404876009039
4.688665709303264
8.642012972696541
1.073980996873791
12.744600341224146
21.463497044340237
10.689086652888381
33.50665737216792
5.424716952402312
28.413450461941288
32.78929485000992
6.891404669908557
20.703956360122547
22.109419260048888
4.5472739770173245
8.136411126390533
