475569.0476184965
179351.95984629978
1334363.9003136326
95529.69297859163
107940.91376685722
4609.367711391421
36104.485996918505
471954.7050477654
725948.0505363373
20641.00672513106
252163.68624531294
10833.181556733443
207280.8215834854
504244.3128506261
820311.24527576
535757.6108696942
208003.9049981166
95718.5810444249
282880.6264625796
70075.83954010626
399866.65466045536
184675.84469518677
170350.8202117797
156491.96728777784
33681.070534195125
124818.81572311102
548162.7595766443
49818.754192786684
281425.10831902776
205999.40342237608
173385.11335405504
226628.11071027903
192530.0001563706
65315.76575528423
5261.220767942397
512394.9630906579
144572.02767359116
434313.84638919827
19592.58197417414
590017.6593723898
820772.8533403294
191053.96527900346
103952.74761141495
60100.09246080829
51722.34494510649
240308.52494133322
430001.03509644396
251193.39642788528
711128.096102781
205447.7034817601
84212.27059303633
298006.6417783844
182569.43698684225
676476.5102683405
149376.74649439778
210891.76321042623
65241.63222917467
288206.65509961615
138634.13590767086
898986.4857680498
15998.606560477056
377847.3470155798
8898.974752315213
2064.1278021721423
291090.7334097786
480596.0609769795
310929.68740070367
20827.974436383774
1237115.7601914958
274268.66763039737
273294.34847076534
145209.81142797228
