0.0008787370735258143
0.04995570478335478
0.016928024690730036
0.00403795200272873
0.0006121297959888234
0.0458260659973713
0.006268632815154663
0.008377079016015143
0.016156193207203486
0.015833470995369237
0.0014190063181118667
0.044677538879891635
0.0283085385373784
0.01953845288239722
0.0035846478953899734
0.0013779497216357133
0.002405155427888486
0.004084612904806358
0.008967910554856033
0.00820203321588415
0.012241201605839303
0.0292617895650298
0.010606587928316676
0.0030372005732669047
9.922318511504014e-05
0.004297501385193243
0.014225576063517289
0.01166833710147156
0.006830902815498822
0.035522133181568154
0.006086765702428948
0.0018621792933346231
0.0508012381160557
0.010033507670444726
0.004140832742056114
0.038156385379017346
0.006233058485838847
0.005391273643230614
0.02263680177146592
0.008361816221430835
0.011256975599401543
0.002021716547017566
0.02358164403870656
0.021812283245848108
0.004419990619447335
0.010716088379798688
0.0011464339423915978
0.02795874395694794
0.015994018231703294
0.04470542219487425
0.0033932424204523737
0.007621719476756623
0.06100556235845656
0.01569689733300658
0.008032158911671835
0.010045422923677896
0.03253545000039987
0.0026045651281474806
0.06605971033329491
0.005563276519864983
0.011103649132494389
0.003453208945780903
0.000238193067911795
0.006811901035136076
0.048033090226282646
0.004127024377616228
0.011711709025720924
0.011841807668759535
0.0011069547681155708
0.0006513874930554517
0.00039358290460878893
0.013233935662286051
0.0026564240707397323
0.015323163748456286
0.002860406187902797
0.011532490265869704
0.005276544562741184
0.005310920001081328
0.0001055103523997927
0.009846514542564326
0.012329753314676208
0.021689194230648932
0.018495925159375745
0.0061648184039917574
0.04439765140435388
0.004220523822246878
0.0006248792122677371
0.0008282061799466745
0.008373294777787572
0.015640682846813313
0.022912552560135926
0.010560823839100366
0.0022603808979037494
0.025063384241998696
0.012480383433974082
0.000949115444362832
0.013172903296613789
0.005011915093014653
0.016949995457336657
0.004973811675610602
0.0061361102570471355
0.006110115049035699
0.001431704519238571
0.008769264304283264
0.011415408959311531
0.00829168217210076
0.00091268638859841
0.010603474876749092
0.0037529018383165172
0.03145855216922037
0.0032106712112171753
0.004516263238466127
0.010795902596542617
0.00461744604647587
0.004961236640818134
0.004972781879463376
0.006392652281419406
0.01339758494898801
0.01299477617121469
0.013095756974171617
0.025134901820254425
0.005625994038664456
0.043392460651635927
0.006942727270044993
0.0013519822583451886
0.006631492785777903
0.013942996504904567
0.031112206177419985
0.0006523109726411002
0.0015116032319519171
0.01798363380134279
0.01833755630906446
0.007350221084984894
0.00231313861415975
0.00683564878027784
0.004458561239955896
0.00689088145799728
0.01498106128201055
0.007297970531706656
0.0036238750996063556
0.030043707555926787
0.03169225928740816
0.01432522008596938
0.006996509637653173
0.013888823759562382
0.008129458719933293
0.012663365617179493
0.015440398117561205
0.02213168147039833
0.009192944500998905
0.004794966857179254
0.007346458288807769
0.007124605974367667
0.003778738125032049
0.01763725917559356
0.005582085424029746
0.019022196716143448
0.0023192535194034598
0.011079282922419786
0.0058745106154363385
0.020210906581116985
0.022537855447842054
0.02158870251781135
0.0026243003357795634
0.0076935608002641955
0.018245917761609245
0.010825358954010312
0.003157142869904712
0.01061029068203862
0.01022395018270596
0.003764711127497377
0.01057285363673342
0.005128074164524915
0.004420116553020865
0.0008668586421299646
0.015335109024749802
0.004028277238114962
0.013011134124776516
0.007283342570491053
0.009316444603251255
0.0012864460836360917
0.013231022193810024
0.013608928554995238
0.0009952666521540726
0.013694423044325348
0.0018741006069948843
0.014919900855108909
0.0049992850665280045
0.005090507483576218
0.011135339916793057
0.015919230842608267
0.01911712001835513
0.028948582114290862
0.0037193664965588
0.01989534144133497
0.002652087086129559
0.03604382991053597
0.002169206267660699
0.0006281168113314465
0.015855270526256387
0.006119433080481841
0.004527889615414302
0.017191318074355873
0.020970041069136962
0.0017036345997878215
0.00846707848046637
0.0027551197830804116
0.0027149881912487215
0.0022990644035160187
0.007962106403117676
0.005389944072842801
0.026339773531721025
0.0021641376794857103
0.02248740429071801
0.000284221313202757
0.02775350286512985
0.01756015646438876
0.007301389923446471
0.0014412407752646566
0.000675884071198023
0.0044888956483440075
0.014326759432781982
0.002758776726628956
0.028477218154534183
0.0015033425283537463
0.010280463668331807
0.008713007788243814
0.024465977093704305
0.023085337297253254
0.004252131214536451
0.003709925254940364
0.006011114196799304
0.0015503926931124499
0.0017199065027330865
0.017521913387092112
0.0061440411302949765
0.013690664066089108
0.0013316721062836333
0.00391532027627986
0.0017715503033666215
