0.0025910480704607335
0.008848546828685267
0.0020518666726882756
0.0066445537594163155
0.0008595353245938262
0.008146847684554254
0.005090657353204622
0.002199904166697367
0.0014690213031190711
0.004455360111370494
0.0005074934049827288
0.0017647985339740656
0.006659853990952487
0.00017286451608409018
0.0006940254029103534
0.0048485813844446005
0.002549797715841266
0.0007498888977918822
0.0072447514387571224
0.00019634607130544096
0.0053504166549096744
0.005414008264241559
0.0028905741974138907
0.019694680185773947
0.000788511216467359
0.0036963365302787755
0.03169010713130846
0.001326290384898531
0.00032460234302872864
0.02053246154842213
0.0062902635615633565
0.002132391833903607
0.00046221533062960787
0.0029716158004467145
0.0011517794535867616
0.00029231907952306877
0.0014429486208520313
0.006637043723584571
0.0005080585432618521
0.00019329981386162023
0.004465080710351725
0.0018525577586128944
0.0228066848796266
0.003678363770422725
0.0013679989589109594
0.016559776862475502
0.008306613814413269
0.015633000926147413
0.0028887618010415917
0.001337688498640374
0.0004790474830525176
0.01358663901270858
0.007340140483101571
0.0013740894533012967
0.0024258984846223944
0.00038729550546217457
0.012479696962517974
0.004448909628717877
0.007699925363580812
0.0010934845800427205
0.0037771981768259188
0.004248398856236785
0.008893996707077438
0.0003263994363334203
0.010940933907247388
0.0025759222840446316
0.011404321012528602
0.00018099531511254032
0.0012490280848048852
0.011562858761940463
0.00834729465050483
0.0011100389561153087
0.0003631922377773306
0.0042913327171289805
0.004436382634954823
0.006590856288243821
0.003245230723848011
0.03697132677573475
0.024001990284925948
0.0053530495813454435
0.005367699496898562
0.004441436126549695
0.01162219788720378
0.006972321674229118
3.1050738120242366e-05
0.008427669129393797
0.00020342652867451312
0.02650990299315565
0.0015547745039053724
0.002351157143357188
0.0012904975169625774
0.0040882356027787175
0.008483070591067773
0.003392931627857405
0.014089158950492155
0.012544371720923517
0.010486516043000728
0.022533170774862138
0.00045969101615882143
0.003596337477015826
0.0011755348130847438
0.004063096341065966
0.0015386216982634356
0.0026547041448561873
0.0014037730423876677
0.0023630029344798545
0.004066520214110384
0.006243145106723457
0.001597872343981142
0.015260593258278294
0.001319385560855304
0.0012151714632266258
0.007548744711734511
0.011196014343929642
0.015255437924668927
0.0024901226782587066
0.006205419095860833
0.019301439758523085
0.004063696068448832
0.004228105032717853
0.0023532640009424005
0.0003586991331779144
0.0011524665973845923
0.0013898624032468976
0.01432601683189755
0.004141575491374615
0.022316175348994948
0.03738347059697205
0.004971208921892023
0.0161827598994641
0.0013107545459503883
0.004387957490527374
0.00436848227809731
0.0024701089504749686
0.002053879901838491
0.0054176321381908445
0.0025542356770094643
0.011871758209326656
0.0016284960320911543
0.002350611830672753
0.0032759921513715855
0.0035660142416428925
0.0071296523087372304
0.001688115139320733
0.0066187950019293
0.001517418423662845
0.001265893894544625
0.011331443485215482
0.0012193581322482421
0.00212515413880258
0.0016935307212353715
0.0014343468676449506
0.004236572034223432
0.006276991952589179
0.0026794725243608915
0.004433708093717488
0.0006822680326737855
0.00040713907162935305
0.007861393152226817
0.003013555458003682
0.011220906513901433
0.004746817325100781
0.00165160344697587
0.004977707601743007
0.002070654090808823
0.005245533532897735
0.001250247490900591
1.2247541197199905e-05
0.006730562277744152
0.005089615386926942
0.005100780734625341
0.0008460895507003334
0.002132610058250102
0.007181385382291179
0.003489459341134511
0.0006755403489651816
0.0023289485765483767
0.002093267236243936
0.01139701032044357
0.007194725754794489
0.007256531569879588
0.016518751887379928
0.00032953296900733054
0.004442009834570186
0.010296832172031962
0.001559685240753864
0.0031995969058135456
0.005591928392403915
0.014160329488040937
0.003675512533451824
0.004232303367790987
0.00014626159250548214
0.00376770389200175
0.011284755854035825
0.002292840264687575
0.0035994086941077354
0.008661941469434128
0.00801626768945918
0.0032871660623220913
0.00898418674143596
0.0017373190818762453
0.013453026094152618
0.0009828049182034806
0.003917614806107521
0.002526462950364284
0.009568134747004055
0.009227378189509026
0.0005337439495797381
0.0028250693022321906
0.0067375120649992674
0.0028570392741714542
0.018733651366896857
0.002446429417117271
0.001531005022091288
0.0006540854519903273
0.0008317012823530881
0.004230426033964482
0.003092620292261891
0.0027590532553179274
0.006384850613596046
0.001544362424424442
0.0007952496041975892
0.007915743685613567
0.005353048485556751
0.018257879060387377
0.0015788688690169888
0.0015040977579881415
0.005934732259042288
0.0022140699155701856
0.000727887742425936
0.005432933949139861
0.0090144083344726
0.002147875450160084
0.01402488405020193
0.002475228091701815
0.002567986521928332
0.0004121366319519261
0.010376040342564431
0.0032273596416518865
0.004818591669361677
