173700.73967708476
182337.76154945916
81522.87717522167
436795.5367020276
109768.72303984733
8641.236578205047
6337.041578853288
62980.42857525971
225105.8556915029
426022.8180019239
487555.7685337464
404200.8706459444
580692.179088268
299037.8749849222
1093634.0110035497
465437.89569199586
524640.9160803006
213619.2756885043
77178.5594290364
313113.7067856873
89316.24787784944
108582.13636374654
95290.76376761912
424091.1504642835
378470.22302879684
173262.5862405152
142947.88296216453
60133.674603116175
22699.18314174426
1015.3838713469465
96389.125278256
166188.55612031228
303004.81899396155
92355.30680360213
663841.1153410986
106830.16035327
51863.01067312847
377682.4011110751
283712.8871965378
82258.77250171737
245391.2813113614
249722.2589078429
261694.34948825953
340897.3669418091
233718.29244903155
9792.928423344036
6899.8489000353275
606531.9796581063
292808.10943935276
179005.54045809063
450718.9283222735
534726.4951386299
253435.30619116285
664141.3935344612
284776.8063583416
26093.36479479994
582054.8392197863
709137.8498989054
184305.04592152752
10357.91871961575
365370.019519028
27796.571909462826
332328.80524999136
33757.107003938
84366.62126555343
437764.3404018459
434047.1025958663
324090.9568431005
86654.35317761253
369980.1404363813
113809.46029944599
68693.1962966845
