46.102905216348404
139.76255973422911
214.21777996388255
385.4957415015219
725.4230322609724
986.5138015431495
253.58925546854533
197.0722517278594
182.7721082226386
162.45076272601344
2098.2950425449867
908.3575729162455
44.10231069627966
121.32653959595305
75.98772561519957
97.22451053879689
411.76428848685373
627.8393340869362
2823.1552352158506
618.70139293836
1396.9885269568142
824.7805985324517
223.82376709027176
1125.261972192308
100.58535342501213
304.96027142457064
30.24183768990107
722.0585159063481
923.59936810628
291.38545559612686
346.4080826349944
864.41692269127
117.58694850308427
1420.804269279392
72.42663522274344
93.71860989665458
978.9996377428827
705.3434518908741
672.9918436387736
141.66508836514444
129.86364553117363
148.91770400807533
1893.9359869308096
132.15383468791836
445.8795731747457
206.1923389887055
1075.1274418354358
1791.873094636602
1241.7730738342452
671.3347739721823
181.1451319502647
231.75538004546755
24.308751779255218
377.7808153937903
388.34996469835306
637.0861460469645
45.74961315004142
365.85260822802445
129.2978668269907
480.8386313526731
99.69092435068943
775.8464949359008
153.9095977790843
24.07339571089864
952.6319266943539
778.9579670334201
281.5833360011141
945.3226353579179
214.5587635196508
806.2102917488702
1047.3733110544829
258.1550232828071
232.28004251629415
372.82010605589016
1817.2646031917736
539.4527214109079
1973.5016307472579
34.80041983822243
115.0913774732353
421.9516616811561
1665.078392784586
266.69593548223776
1347.5951184763912
100.53692569723601
526.3629267507424
871.927749052589
411.24106037862623
439.778220383896
187.52884070996757
606.7640253602785
155.74299669484753
61.62934223106292
96.15611223251017
295.68085515886963
148.19028504082922
1500.447536618978
143.67950140784828
464.5820912861052
858.9722906466418
26.50929870277853
86.11927645948143
892.7250917557618
853.0680181882154
897.0411876498442
205.61949081254286
223.29514129196787
993.7116742182889
489.5171942144698
573.0795819328549
83.03575798498274
862.3971268804568
160.17455909006824
22.349370249359207
577.1447002275521
134.87631173478977
45.65725284553936
633.0799241601891
1167.8755514514648
0.982679068156529
68.8475669997743
23.771505867580196
829.3798157343341
460.8106939136862
197.2903780836374
1291.00333394677
377.20998601036354
500.3547003120516
1312.3348601429445
557.8129061255731
265.33767658328526
395.1918704710248
573.0191003666424
298.64436686276883
993.2258599905887
670.7352829881004
75.07364263585096
758.8251192159042
475.1029761237665
867.3151435345192
309.1351208346405
435.6668611126153
331.7399240919124
6.018572169992706
4.187905200815079
489.9184081685617
148.6817138811035
38.991214269236025
1159.033253221761
502.44169377721
430.50090143864594
60.04134044287553
51.4429452521448
390.9293458133282
105.24910151375339
1541.2313929294417
68.18527757144719
636.6031372438873
1443.9743075824135
94.7592329170937
1149.0589788019545
404.85913762135283
1365.7729473676318
459.7964882694697
1860.801739113097
306.5990430547609
863.4211021061425
857.8811737741706
1111.4202060615469
785.086503343542
120.41594084256043
846.5619646052303
908.0213276846986
1766.2961220221714
54.89375138978868
384.7306771782835
780.5035763110061
416.4866900367497
123.06776194596732
1395.8276496470212
525.7376390969406
146.77905553774545
973.6934737632431
563.085119840151
386.8812895146875
123.58144256548651
126.6583645478629
133.58980981203226
334.43391476152834
407.6662557103868
27.658309399175216
90.83069668028786
26.429081167181597
1256.043443361185
98.85620199632693
900.4256860140757
826.8197659627065
10.173917309949424
641.1817203532345
314.77687589468024
49.500087890125755
528.465705858721
236.9996216838355
283.94489558946066
388.5165580479126
3392.7966503044067
371.50245953181457
256.43325899714245
615.8158106046823
1039.6136114275798
177.71136754705716
168.39547974452066
1128.0143581408095
436.012015775597
273.3744698375694
209.49805127150887
642.3700484861359
172.2854548306302
166.82950374757476
350.151877317558
972.4132522447767
199.29019003167966
48.40179333434723
81.12461884796136
232.04933753714494
663.0705418983383
492.12456368878276
524.3965008234088
164.22468655952758
16.411803658752195
1518.987480225735
358.7041643511236
596.0437619579736
569.4750572379505
965.2558902638661
1785.407439947149
62.403702266092914
482.8135569314404
994.2569707401008
482.1156011456505
394.0219143123169
