66.02285270303351
66.63274252173021
7760.8406783909
178.01635725834248
38608.82679576642
27983.063805815833
28.328072165679057
127.6900031315194
30.242950470409657
19496.620662738933
18342.163048694983
17180.419169526827
122.45165538420069
147.5298512974244
26004.594240193335
122.36036936296689
200.8480752186959
54.197719308275715
199.23759762674072
465.76134682218077
39.952395310538094
320.40565792683645
14955.40345369824
179.75102503333176
42.19317586454498
215.01207536258693
10576.879281328977
4616.179719438182
243.47439655220992
190.43304667500834
168.35278752154318
39.13617153240794
6570.115707669172
150.32720762248871
8085.912145379883
8932.683739892294
83.40442056260767
6276.5293257623825
22112.068983894023
1469.1302260725006
135.66749815787415
117.5417241509632
5515.326018724055
81.75695392866011
41.47499745892875
1357.171117213407
60.69206781596472
9223.562794313853
19778.52824391592
81.14934842772135
155.43573592621735
5359.045358239072
9.032435687342414
30.16083980273567
0.6125735448246803
70.73273461118592
204.32745591792377
14344.834726890635
30.007551555579447
7157.581853263274
11337.14081959472
6906.366832850568
84.45391032464435
3583.4297142448704
98.23362078314186
153.13316982817875
5147.152112157594
6.080349841930408
7514.097191582324
17178.316041992388
5947.346908198053
117.03783360849742
130.44707502486224
131.6009196330107
26.690451597214697
19.078763077769686
1998.1525966122094
7867.503686420672
12.128223502359466
21960.751879606792
401.5257247663449
249.72921448894357
133.47630855413283
50.04344669269623
11773.160147280672
160.93747820217442
128.26537616237545
108.3884279214759
113.55245220621165
338.0423293716308
16635.686685956553
0.5146878435004513
70.36062280340761
35407.81573916019
16646.453086421825
87.02937486864106
14391.244248186498
50.77306032168548
183.26486320713124
32.19582456452105
6089.871417387804
36.72649740921211
22.630781959715275
21216.5595334608
83.45173299041655
20886.145944537406
211.71202939949387
21734.657085968553
10849.168982388592
5596.150756676219
0.9733045579760977
21442.410418435746
219.22317531482096
139.05948273589948
19.42876575031685
109.56328024164972
124.98945309724051
4415.6503231729
164.56714812435916
444.904538454251
170.28856784069643
304.8156607249673
0.8514067358068893
8084.38696063144
162.9054206263842
335.8098827732062
148.37350624580685
122.19416321972817
39.12419600590657
44.27032636513017
3665.1995540853677
52.93254154504757
28855.269330151976
1562.2591942350866
363.10252410895407
237.79891170566324
536.528973704994
11.168294332492716
136.69607220381465
18.908575402360672
9883.785863512074
310.58333634578054
78.90476161175427
110.45432736637456
59.39803816280696
9150.868942583917
70.93221325703787
22014.09094861262
297.478540713791
83.7844690208415
42.300531165021816
276.26484856121164
243.68836094005894
10.848031152843399
143.00288225893067
41.26376046574699
147.42651111166012
39.037602602299586
18296.34130504323
184.84942528940275
235.93982302627458
19.784615995442664
25.783368352069534
502.95191265689704
11898.017587624785
132.02288806295667
56.180959371998625
71.88304122880157
184.72643603641546
80.57152630894763
59.68992543262027
18708.007442939386
7707.980788309787
30474.74706218653
23.871390509700994
28.197207820662587
0.4819630195051599
58.994296038787915
71.75669979704605
62.17291271929874
191.41132910819252
15.774273103385568
343.1180762678444
11268.98828997939
123.47849458605579
55.24423798929633
3.307109216921891
18.6205537136539
102.37751129909445
414.25830326303117
91.42668244476239
8301.79975336526
245.96390099538414
46.71264483752134
9971.396612219656
112.9740454671678
15.419786448979055
100.00881659043684
24.32895781447048
134.07638602767722
33.716124522269446
8.710281310000724
216.24764859796068
33831.359150111064
35.53328989022022
3626.591431591236
49.31892219411413
28.149361249408873
263.78087936986094
66.84495763112449
138.07054536399065
8311.925608964259
127.187232439645
12.286043513342582
17745.046914342638
913.3914218090123
13209.110635158186
137.39385943533446
19027.985715719093
61.4256604611376
277.98271259401207
16907.43198461659
34.24793419999754
49.18710700479819
126.90745138389674
5278.165072125405
81.64245759100771
7847.818124773871
26.844437661500457
24.73120345554736
11825.02981497141
63.284096911063244
64.87889075414411
18047.470535963046
6251.190392156763
221.80375168707866
3433.5469460189047
3.4430042541784247
5989.685331474211
64.22732033427282
208.06851427856742
68.12263483628415
180.61340740268048
36.42580401598212
141.1249299342976
4651.879183944692
37.69123417221021
4692.541585342128
145.20080373540014
29.721216625272497
15623.329829529408
192.96513351945242
31.362413246987217
2332.8759692036347
374.5363100661672
19.840268254819907
6.666533241211405
20484.42844213917
73.80472888097577
46.96446945708151
2363.492173848599
131.01420020848153
123.64254890535165
193.34699566774748
