11408.002292685902
516435.81739801733
188188.3774208204
905248.17437538
602728.377321643
58787.71589029564
386677.467401104
83718.41555276931
411518.54475402494
538923.7538985827
268684.1313864407
16773.54037990812
149469.27675110142
57863.32842103029
50549.822893813995
388150.30284301034
232317.91258559533
35334.61187840761
33431.38361066911
165230.51538229684
45036.43233677184
151438.78191318002
182848.36106122192
98798.5487554367
98659.23825598918
4836.198740980193
583100.218408539
635815.5932128608
337538.2251087769
137243.80045469545
5400.9037339570195
154195.66347899646
754482.7013555601
18709.34191303767
263479.5612605945
385734.43610205257
440987.7490074003
619163.3833506546
449376.9863558546
286909.37048938277
653998.0715606035
272033.7137817339
24052.785034027176
309131.9118230291
196431.62419454483
413806.21681443346
383518.07092883723
352251.0567588076
258313.4256445537
15604.038674696107
29772.22100231606
193999.41175722377
231437.8831254622
21144.48323970742
556837.269118293
210899.0747449921
36554.79974415491
362497.29469996743
219306.50231685434
40830.60732296756
591987.5153825331
270128.7913267701
328359.06782202603
108043.38958100838
248431.17142795457
125123.9417295546
178323.31830691246
297331.0401581416
201101.97307634383
71653.07863065452
83590.78184560228
300582.49020224414
