69172.243306285
7878.248255815565
40533.16906998757
239540.71058943847
202835.2576785965
11207.201571749223
10869.60351331044
38840.0252261634
26844.916292270176
64762.65788717769
15740.098858239044
232110.02164150248
103309.9729837734
404957.1982478046
95754.66944209502
607.832925540172
90442.11306413266
50208.50541526972
106955.64459753843
26822.67223688834
429.9262132791829
32795.574587055096
211085.478409909
5638.511331239794
42974.54416871334
115189.4746417139
57771.23427977482
58108.95918614638
148803.10087218328
447.230667301419
94783.49011042289
20972.56763291115
48929.14458220054
206475.54175341295
57776.30807238742
35775.32339255202
83383.79343507654
74745.2050856155
403.02266017777134
150604.66727479346
7645.823797242185
541.8875324643918
220029.01601744222
111848.81753552769
207533.07756451573
66792.26336055565
73441.23590857003
226.57316338681267
10030.492671483833
262586.71737459284
138564.54440744995
14500.811583212948
617.7761484430371
128190.52232808767
77.27385772465381
3880.3914851318987
13482.835931595859
28724.555721656063
30386.57968663783
21767.282001817457
108110.70946054524
281644.8980024934
227991.04173473027
61.167745143400374
83796.38873213694
17639.398711644637
164575.88359020435
73780.98700056138
65730.741640591
198441.6994763991
121973.17501106784
112866.1712902366
