68707.60684567844
5077.8237709603145
25575.952125342195
64419.91418603202
27125.701509949446
42900.79661878009
42682.89499645098
9252.309097623429
10171.702175518785
74424.02425460142
20121.45716937463
12860.036606746366
7755.293622921563
58454.42010108504
3578.852753946538
78895.32486191139
17574.672745312404
20455.258818935563
76911.87893414126
1709.0378174291106
104051.11651422983
57303.90070654513
23750.553883512595
6209.3508173239925
32229.653471626072
4760.089684137197
45716.50823352644
138172.84004894298
50440.71748084389
17790.317986257203
69435.95203595213
5118.384861291377
52446.613901325334
39712.643724193265
20480.939563361284
32302.604003875396
26417.085372239726
116965.4458809602
153979.40691028765
63439.763039005535
22003.196442841985
28580.80178032449
14220.812983406648
10748.045377866796
20555.60342587007
110263.55228776312
8535.353231017485
4114.748331680391
17819.83884862958
121494.1319533356
3802.295193299989
23700.317477242163
12349.84677182
27033.4342856521
89076.68341721149
6240.953624339021
24391.92891747534
55569.37224984043
34619.30247373896
2044.1386122761862
61071.7606160949
26506.68419776615
178346.48949595419
19645.823678128556
49340.55974751386
33981.37790053554
66995.29209618141
25227.331833281103
8513.804480369745
69093.41251191957
25273.85416348082
11243.553540647677
10648.203016323232
3345.0745555851263
5273.385235743086
155294.6644175362
31162.361444904225
45527.6783187005
8089.6576596902405
14271.291753976346
18625.725898022178
47869.506015602594
18688.578607928743
44255.69709975693
51296.43391377202
59969.27016881278
106205.24049243664
90110.93105401994
37342.36086838466
32731.38481294587
429.82852365721703
25857.453966394965
131059.14915696625
71081.11890141877
7093.788647789405
5060.663173068556
5679.4036036028865
1890.3575529242107
50381.288870227065
37545.07999616926
29211.9094433223
4041.779449323082
8854.712816582623
10321.60188605488
8406.096271093666
136509.66290893132
60007.08644243646
50739.30474336826
7562.686921750767
36222.5678478072
118656.54827078633
20313.118345256822
12302.339550628292
56425.355280766664
8160.715618457315
22253.67820577313
40759.01586090293
40550.44572935084
694.0544273959435
9415.854283738385
11567.561710432261
14317.568286709216
45505.97129068655
10388.399865336427
14590.842424904133
16587.30909785791
48899.1729639265
1073.4001117789376
9229.703997812006
27446.748320914692
5169.885016348378
109614.65095277772
65378.59569089028
115326.68459886489
12167.632751529436
10089.47936221763
95906.90332867295
108699.35780510608
58376.55285588
19418.864275707627
1247.9781492433858
93438.16268126522
17307.948811067028
245.08931191456136
136992.9313344684
27944.166001057267
120860.80946827703
27474.582616101285
5296.715966538732
19808.32197354899
47505.960525099836
6918.811071227846
2451.3230341270514
44278.758201088414
42967.89777200269
15837.825914581068
5717.225452067396
88586.88823068619
98001.5031416904
38039.3466025165
119740.37584647775
2210.991883492442
122865.67008245348
5522.594598094129
13213.895528879622
12633.712243857286
26265.87461091194
27151.126317867198
20511.697377412616
11053.39541432392
66747.3521527069
33677.23452369835
10296.209032645447
25838.799570959138
66175.56139994817
22537.21224112639
10748.143515547781
31582.519119388286
39004.411065518034
43994.4501141725
484.6571629071869
142330.8292859746
51793.61718816626
41889.77277926314
1069.0057558726137
21953.32190973292
20816.78675800626
59751.199085399545
15170.225132636317
11955.606333915994
97071.26945691662
66172.23664069314
24847.981781748706
65515.783633621206
11282.37116763233
13117.544812588558
19502.22421320666
186553.29352407192
23461.536667621247
17810.145815236527
59132.28999361203
10910.048218503372
65315.420539508785
40283.36108662296
600.6253437906091
24143.50768252503
38476.52766569215
13473.581777921261
151520.89911412465
4424.108834411535
24343.8822649338
3238.297383894244
125499.90819221323
19482.462327644073
3429.1367040039727
61244.60713058945
27177.647483146236
30928.823709744353
80645.75524917881
53561.035087120836
12207.492564049557
37610.39656930762
67473.11806309067
42529.04912842372
35132.72350725735
8618.45019105519
62076.22368260139
13714.84296902995
8881.514288600878
13813.487455761539
9454.420990171238
14074.443378578557
121743.11272663069
184047.29165230822
9853.587551103705
19879.024145145864
43729.713663307324
5881.422944429279
87762.3923554626
91850.84916059392
