3923.73718722
997.186256675
4590.73888989
13794.3703331
18087.5656115
4752.54519886
16614.301045
7196.69665234
431.378113711
8964.36816201
2684.1997491
3430.08211066
513.614603991
6244.24138012
7601.04788288
1151.61305533
11883.5343278
3719.86552223
1212.14293651
12033.6960948
8828.37813916
641.476803632
12759.3596413
5039.86652933
567.216517323
4665.24252646
7111.19030542
2992.04729235
17969.564203
3093.43213261
6790.67655933
10615.2241593
5617.1110822
11953.7996937
5676.35836203
6579.75756483
9303.3295456
9711.97297737
1490.75034619
6756.39352998
3258.42021477
3522.1994463
746.168125103
8963.33699958
408.737950525
9090.35589248
1000.05584415
5462.78073949
25113.4511591
8256.70629316
2870.97043122
4294.56219495
345.292671254
8664.47033298
5979.43601426
9175.23027942
5896.03891474
8235.31156825
9339.49242974
20361.5535243
3440.68818636
6166.7837422
17891.4902735
10258.6643791
4604.56416041
1657.45323953
2681.83734076
9872.99200435
635.531220578
15009.8685134
10582.7761549
4681.53968088
2828.34244604
3818.52291242
1030.01580073
581.912778361
6379.61097225
5190.16266155
173.405847271
1449.26933459
2225.37931193
5200.01175693
5881.82142226
3369.10048388
1174.71433767
2591.00831227
6405.04083033
9907.57711931
9456.47871491
5324.64346096
875.76368498
5376.77378335
7803.9081336
2468.30532578
10791.5892978
9152.247345
5181.35479557
7289.53260358
7550.69389535
7100.42414001
1638.40537555
3694.00925053
7773.71452797
10831.9367983
3131.85708148
2291.78568469
1738.07935407
3404.46574578
1910.50984758
385.007091438
894.902620814
7546.28873943
3237.55738373
13076.1637234
2058.15681128
6483.96073431
1290.25020112
11082.0239225
4478.84162318
6344.85174073
1711.73197161
7591.38997994
595.711779705
17722.7136315
8807.16355469
13769.0607801
1943.81595426
340.432283345
9047.19406993
3265.222778
7008.41546302
2262.6651926
4691.09178336
3648.19191636
4737.79953559
496.019594508
13749.872108
2140.46706052
11482.303919
2302.85797476
281.015080433
4513.23617361
2032.8353334
11509.5611573
780.784985901
2187.90264816
2890.58496175
573.548372015
7996.79470411
1084.98899694
4600.09324556
7669.25310185
7616.31128678
414.905364766
1479.06524508
7488.55540769
12191.7608821
2144.30175252
827.845518325
1068.86208093
4717.98860112
348.937115189
12421.2751283
7721.86323632
1691.72873246
6337.15719425
15847.960605
10532.1076311
1219.6161879
1962.86240743
707.35234236
8858.84491555
4052.05948746
5031.89441554
20318.5236675
2416.20217102
11077.0118577
721.297656003
2356.75223819
4257.95719651
1845.97161156
383.100303533
2422.23133211
8798.82315102
10714.7930542
1459.81310804
26696.5601219
585.947883729
2678.28466525
212.657793632
13355.425261
1670.04807247
224.017592936
11641.1877697
6639.16707509
1888.37181851
2198.50163115
4735.79462251
12280.3603682
6920.4931063
5293.09966421
3305.57083532
5094.93218131
581.163016178
2617.29867155
6022.1097575
3005.08883938
1000.79800314
14033.793032
319.979289311
3477.83463293
1422.52770594
2042.38390636
735.77999158
381.428986396
9630.47674167
12759.1421723
5698.58677115
4782.98371493
1146.08272734
1805.7637859
2413.24084256
745.837050429
8575.76807367
10228.5161829
3617.63176968
780.748479444
7087.73960167
2891.46401554
8698.27824363
873.354579886
7099.54945257
11684.5025653
805.863931212
1341.14414642
13776.7722942
1868.19961554
242.832833649
790.498495449
8790.15168335
4653.88808416
11154.5056978
26749.7287188
9371.48413644
115.91621236
10822.5397788
2464.98527595
800.512888194
5901.1979375
2197.30288715
16209.4449413
5382.1915811
5934.28111769
5133.56985676
8498.05298479
2194.41432461
2571.11160379
9040.10186496
6640.08455468
6919.238274
237.648322737
6398.41743426
14709.5110655
665.111224649
7610.95557008
798.563370763
5116.0961564
21750.2293402
3993.80311797
2961.61741637
8797.82248129
4518.67338914
1837.75396972
2195.81169277
4273.8388775
3548.15218121
2100.04256675
16465.8821068
2282.72715158
1165.67708932
2110.19094461
10692.8498243
3065.7891582
3353.68648406
1759.68689451
4566.23666297
1748.65968891
3471.77549405
2005.50580753
988.558348053
1172.34843765
2076.84491161
2755.43084897
141.703029374
16397.4853056
12300.0462547
756.396321804
19911.5173322
672.556511743
605.643705716
4017.59398145
1843.00521551
3281.01653374
7437.46924869
25851.2792162
697.889809986
9287.51216671
1039.06231489
6558.74378175
3678.87055634
10387.424258
3806.9812564
1816.69564034
16024.2178163
22390.8812382
4433.19325138
6899.0983568
13985.1168167
1336.92110079
152.62685122
3286.11177184
16649.9212372
1506.40208093
818.758372365
1526.23988531
626.495254083
5382.67667288
851.037471281
461.1855676
7137.02099458
7198.8645573
15451.2804162
312.267962097
2249.60913315
133.697555337
1173.41964705
555.003666677
5367.38308405
853.294414559
21492.1291627
1318.59424795
9521.71001309
3140.65809471
9947.03012753
9830.64917115
773.673573194
5646.21736722
15487.7756592
7933.59499234
3901.19158914
507.888636052
8211.39575212
690.295892816
1088.54667665
22999.7754947
19030.9437643
3945.49810906
4338.97202857
19907.7458554
18519.5612959
12604.8107238
6182.49700335
24994.775189
13887.0541843
11904.6671228
15319.900466
10917.5197612
773.149918498
6079.36780174
6859.04323805
2348.08776639
10081.4031538
7161.36608106
4249.72262256
1722.64614252
2400.86020943
14912.6840309
7067.17175656
3005.58458558
19448.6192505
1860.96545631
9989.06260085
5745.75813985
1980.28528917
242.374797459
1080.53466057
4146.96245244
5774.48109887
12800.9175373
2668.89012586
11706.3752672
3688.70331275
3079.14935702
5904.27121847
10064.8690257
673.04025993
11491.2367676
4312.23971615
545.70941837
3205.5349098
1078.51638216
4088.97995538
1319.00441863
15637.8274766
2886.73907165
2211.89656714
382.794500411
5214.9867175
12412.2981215
625.665293759
6273.2003811
8122.90806828
1504.95320455
6090.49061159
1085.57416717
15340.524888
1857.64884813
1531.28240533
4335.82044946
9883.62335722
6185.71604909
862.523562112
8861.79507117
9338.4413713
9955.8993826
8455.73511135
3791.59062838
4098.63562642
1708.14731253
255.277029293
7414.40784422
947.972725884
7832.10366483
347.864922994
6979.85335527
5891.96187417
12020.4528787
21535.4924192
18974.9506586
2672.79334075
16092.2377652
1067.60352137
1886.58975725
7720.83848131
1732.4606612
8083.69836372
12199.8635642
4928.73210304
156.646469604
720.595961911
11138.7732065
2959.04319835
5648.13442829
4238.0714922
5911.86787195
991.627040533
909.356762991
283.002460685
1452.06197921
238.250515615
5802.88901708
1223.23173388
961.936298084
187.855323912
1286.38782233
5761.03678268
1460.73920917
2884.98588612
1681.29530457
1248.55837663
1512.38107604
9094.64377468
2716.88194028
8211.59929658
1659.90213243
3379.16845456
5997.93041543
5615.45095969
9028.43091423
3946.69408341
873.471090621
2660.09875243
9791.14482129
23773.8380942
1273.44390711
5305.76122711
1320.69433877
3304.90036368
1420.88460659
7428.2936491
1785.9983467
3779.09844771
3505.46216952
5334.12412581
811.135737832
1404.0669993
1557.62264487
11428.3498354
5211.17021646
15067.3737667
6046.26512513
1827.27401436
7404.3795626
3837.19309531
5041.51374344
6784.92559651
3142.14353694
1558.62120424
1986.67084771
5702.60911205
109.427174087
11384.3908965
809.923454219
1162.46334436
1934.6084719
8384.55684372
9217.94581415
13862.3639672
13430.3022465
14473.8929276
1206.08761448
2371.37695273
6571.92942929
814.561447447
2696.06543468
1548.79691516
5289.53248701
4244.72658681
553.932456915
2888.695299
432.240178624
10124.860162
9194.30307161
7485.56023132
8319.57835889
3551.65451492
20795.9895602
3934.92057742
11014.6998082
9696.48771031
1567.1715419
9560.38296455
390.566827201
2433.01757295
2041.88330041
2189.82671993
5157.0754951
1184.84831133
6597.11264421
531.382665405
2916.68119897
2611.65750416
14014.3528717
6231.71231213
14600.5623206
7347.82057427
2451.41950718
2336.22232735
8081.38401732
5993.86244507
669.2413203
3186.33379241
820.881406821
6120.11352706
940.017986614
1667.64096372
5304.36964213
7190.95473985
1319.17450599
754.481187448
864.865432225
14958.9950808
20740.2533884
1775.28958826
2410.41294702
702.839087778
4282.48594882
4495.60742941
1744.61805087
8297.31056868
3603.55054953
2185.64670598
180.877949706
12554.6851658
15933.2172436
3627.8208125
7184.69115272
721.815363246
16076.1553897
17636.5070517
1423.44640766
2696.16943091
6282.42012197
3302.30560821
1608.69795726
7530.81129802
1049.5793788
10963.3423448
290.063520662
177.280076884
9594.0419147
2498.55158812
7793.04511242
4019.37624972
7721.11744748
1564.95847126
12301.0426781
4073.08091249
1070.35558691
9511.38261417
2491.28484919
2409.52697421
1850.46702822
333.540444402
10210.4780822
5272.57072561
1511.35515898
14348.9682495
1155.42807134
10433.0674066
3735.84641611
4420.79230662
5526.54283829
2027.3755484
141.701671559
39759.4357131
7419.40600802
3382.13588756
1947.96726021
1322.40654666
627.534934464
653.225440498
105.8203676
5437.10352101
11345.6842251
473.039000601
7642.05628999
2978.84173474
3876.93869016
10246.8715818
4517.36813843
5154.07238422
6576.36523831
3677.6670304
1237.99690074
649.64406455
9229.0423692
5362.10927139
2784.53601353
19221.3505489
7919.40219039
2343.86424473
9411.14772683
4868.25687554
7105.14175024
3641.3248508
4932.11437445
4031.07082988
546.659088136
631.99315714
487.643930025
292.194981284
4432.62651067
1548.72459788
3778.56983106
218.359279579
7809.06836975
2511.33808521
3678.39965212
4918.95940411
8685.73778102
1976.46380212
1778.65030196
319.08120664
2014.87309266
233.123866734
4664.42055116
4206.24799899
4233.80702928
2353.3812119
11933.0220453
11791.9075198
12357.5437899
3227.40427376
3226.19250463
832.120969281
6175.12138379
12494.6415566
1609.23681546
17988.3968321
2453.5404137
6055.81425022
1988.12118553
16481.0156347
5078.74442617
2377.73863278
3618.01795765
15974.1484348
9081.99837898
3611.94834241
1202.37140927
2767.69096053
8565.65796074
10647.8122684
487.721444466
7135.49122466
2108.58920741
1150.79644624
19999.7208789
10343.732394
291.395143366
5815.10431156
4685.84151411
4415.94562334
5142.49334926
14327.151166
800.439058928
5860.3535035
4617.91044082
12482.1722822
13713.1310892
731.568787721
11520.8529248
9727.7823639
16892.2253161
14135.5784712
477.549653282
3741.87161012
946.019895579
11924.3526142
6423.63024551
8675.35407094
14572.1881862
4179.04338221
1809.8576467
672.05492578
5068.81773849
14869.2476247
6941.32257956
1321.82881176
2883.25213064
4726.38362659
360.576309566
8261.37594389
3264.6845803
3628.11134927
748.45429514
20944.4827232
2146.51043867
1071.79758015
27044.5545349
2191.48828577
5807.06036445
8455.28390919
3162.01997498
20242.0238513
17971.816308
1674.23330405
12232.5297038
2890.97767953
4115.41039227
5756.95824526
7158.5124275
3737.35712974
1901.8016001
3197.99489052
15074.7745812
612.459979736
26357.0054209
2503.86548426
6330.33776525
6899.08956891
451.491610307
3555.2252573
4529.91540517
1975.77603359
12699.8302127
10351.5547347
1696.75751879
9981.81560401
3215.5915592
1440.17359403
15309.8856744
7131.44089546
847.293914464
9768.46239989
3261.22092979
11389.0386883
10814.2640037
3447.0945691
8583.240809
3048.72060219
50.1156750916
4831.05137225
6694.17240149
7648.05412097
1901.06729083
14468.1737722
1098.35726592
5513.09778515
11343.4167502
469.22075469
33701.8631539
1137.51208079
12346.43263
4206.56925191
27843.271536
5789.35576995
4646.20935731
3388.77917096
5979.39839926
8916.00674906
2763.80760579
3039.5933669
5157.73885458
2250.44476975
4460.86026473
5683.56891672
3205.12457873
13663.9492966
8530.80217046
519.257969215
4944.40860144
1718.83959893
21467.9092706
15595.6956026
12778.0574944
1915.95516627
573.037929959
2233.21583887
3142.01541935
3126.45942355
7795.72750503
2907.00555975
18935.8553587
33302.0280117
9459.64097969
6185.21381043
7299.13319061
388.744051685
5312.29932738
5565.7491295
9273.11651578
7070.04595471
5143.52604785
6634.52050505
11221.9088944
4856.34118433
11341.5873132
3710.61965657
1320.67107628
6388.5825465
7779.78153178
1190.8300461
3407.3029043
6383.32658315
1759.38468884
3351.02728147
1127.82562525
949.864125061
10638.5994826
1316.59015499
12730.4167614
1017.77873863
8183.85315869
2671.07141143
485.4305336
928.8471798
1740.79595981
3980.72569839
2329.19188062
177.618934982
3103.00950358
1152.09932715
9555.47345389
4421.82694609
9347.83785397
2418.55336143
6371.23696842
1077.98255371
586.754501796
1374.22927947
8862.55347837
2506.28822446
3450.93588491
15756.919652
4521.53709846
15400.8895114
7618.70288691
1425.72755843
131.918090385
10736.3871858
169.194769725
591.093259469
375.070882321
14290.2892942
1808.84358593
6235.42268301
2788.73831867
4988.56020604
2839.01311922
6846.81032667
3873.95392339
2087.94626113
2714.94934213
1104.75527781
9363.96782277
1637.99760667
4621.76505199
310.986737476
6552.72394315
796.813134916
2102.43778487
9085.36217399
487.113611455
12435.7891791
8837.96115322
7869.38192806
1545.48062549
5150.18240643
8595.3379931
1832.73653717
4318.25296871
5874.13789567
383.290483548
5146.99905044
1972.73432261
1698.13979395
7096.51573923
7616.13180456
563.217492591
8155.96540681
4562.29288339
1400.30342018
7825.13441198
10203.2475195
3300.71744563
3612.34557679
316.910221734
1542.28199496
11429.5625983
4812.65897785
11333.1274049
6435.83271061
16104.4245691
27710.4057852
11490.1342633
2177.48111489
346.654650668
10329.5512738
4737.48758412
937.523542751
2899.17091405
1528.20836597
27848.7887137
5922.14945633
4378.78016944
5573.58542405
9664.34947384
2506.3436976
2663.47247475
6298.36236658
3215.98614694
7929.23500237
1938.30421421
13642.5005558
2935.35468427
8164.41641416
12166.3042361
3971.57198857
26418.3866215
141.200719903
12471.0336511
2667.65831181
1480.67670663
1779.67302126
10837.7504635
2141.41512902
3446.11181207
17509.4148657
4817.22523959
23798.5774862
1738.93808445
7238.64743289
8177.00636781
1628.07169981
17175.1640357
10528.3488766
1185.82786972
4313.32509608
14899.2379778
8443.74645614
8939.76283679
2322.262094
7182.3427739
2795.91856834
7457.39598963
9601.54899076
1486.24095489
9258.97105269
1732.07861895
1617.91632244
2775.66267261
438.652171313
571.122963887
6727.39507403
9391.82010588
1746.46499448
251.08709022
2416.47952491
1282.32497818
10206.6257224
12022.5506084
2007.29938252
3210.8572331
2895.76563116
10906.7694697
4951.84181361
723.990135064
4710.51969599
141.680479996
7094.86180631
6306.24333649
335.991118748
5336.26541342
1321.72280885
13446.0368576
13785.6104335
3956.87982474
4562.90607331
13480.546074
4247.5638846
9650.90214281
3809.78073146
809.242930833
3445.81375276
1191.83146022
3427.8363117
5315.71751727
44.4619737124
2048.00144033
3795.1039294
1375.12780136
4433.62174296
143.894950608
795.154480872
3004.1178817
9439.28136129
8852.94217714
686.726015926
9539.09467959
5812.24273516
4481.02961298
2830.45405916
3182.51274666
1528.39767815
