67670.36724009544
9177.496865436498
14354.754056315349
81365.24702787767
3641.9915993908085
108741.43052242123
6837.393380803462
45190.045569398186
21527.089835751947
79809.13215984117
16841.650332656456
25189.97919401729
171888.24226529096
56060.94379303616
15051.547396480946
568.4025435444203
62488.53395471582
13688.48375598249
44307.71302222662
2929.4274892471194
49059.2584585649
51793.88337154618
49300.793579676065
127222.96067308231
15592.352838463381
14800.093276869859
7111.922203355579
11103.64334658627
20867.623844941816
1961.9126993057644
59476.70430398173
35853.40885625009
44003.37304711245
41969.986734680584
24427.846305549934
8158.531693623791
50762.51458449848
513.6780396317113
3196.581836259047
7883.442338281862
17173.71520759712
19020.329149662964
8695.65434580151
93119.63133951249
43397.37326819655
1907.9603613065415
5938.057936174151
2995.505740188492
20533.700088322996
32801.56575647618
35230.80037574331
24429.548810544184
34876.711899120615
16694.631200157193
59390.57645133998
6683.471846241706
9596.04167719262
2350.867422774622
30947.93030913001
44812.65618499891
2515.5697113381293
30788.772273176226
32135.174620067457
19257.04380666643
58685.98875107444
85104.75482246088
28790.447992786514
1996.7101749283966
7277.898898639306
30234.39683899035
43026.65978472118
13820.861929633658
