36949.88532363052
8402.901126312767
135654.53808704586
10333.494677721
94265.66140053143
31571.430536477765
313419.5325180491
156410.72224373135
309459.46950860746
103815.94241077604
35068.70289954108
223091.7227493768
15652.918165202409
210559.71879209543
529783.4820744597
83950.65181965247
50302.1923655048
4469.836885621236
187175.17643995807
174397.43224968298
82074.25272616066
71205.67730558173
40325.41156561893
31050.635017670495
56546.455151367845
34079.23902282589
31074.32018938452
88286.12768772671
295338.51434250915
789.3110284926403
15028.962751875317
113776.37106776731
130917.083530479
65839.51932393137
63318.001597987364
101350.03732304281
12013.326589064567
64100.41655440517
24800.37914370896
273621.93840461195
89186.6874976122
15583.821222816694
266154.56351912295
88057.77431089268
23404.767850318174
207945.77217233836
96584.91122839905
20875.095843380255
133184.01292563838
69679.31528479645
52770.951822328236
288795.61191711825
70027.30048575783
152715.02797955115
52944.847327722586
18438.910341290488
109371.93370357777
69153.87510495078
136866.48172385045
94372.56880503341
734646.1406149699
46606.191321134014
81978.08479634988
4612.293171464795
157306.38615434873
39666.339683100225
117601.30399435149
22834.15120017847
323817.5831678973
197753.58762671356
19727.405199193465
3771.8029189903696
