158752.17764461166
676630.6397580509
14221.21195266177
956130.5456108403
168957.04834010216
448295.80652897496
266231.98216284584
508572.3672791591
207132.90469429057
147691.75784121765
370654.2879258815
132893.3175874669
107929.30185854608
284366.84792216565
217148.47137284154
1143759.7763888699
17997.065843053675
73535.2859579162
173720.43549671335
349012.9522090596
320088.597509266
247534.58260711984
343607.06731127
265938.5052465234
133185.6198287322
493462.5418230853
670468.6709153506
85326.47949786882
149816.79429326142
997872.866290122
147812.00670597577
433495.4910190298
363840.78207285784
10325.410320244351
151590.44316234972
238940.0433120213
259585.18956324592
206837.20754327346
313166.2951741726
144438.38630244415
276369.9315768824
35130.35589421192
364943.29375138803
54593.91576715487
134227.67045294592
277027.5833296856
270819.0077703338
280794.4838028331
422897.4601585961
77204.67477644116
520178.5576505197
88060.49630479183
946279.695431511
353052.4477272949
217401.4123516525
75161.46955017207
354859.43837419193
268380.27220621076
63618.4653980701
589330.4901196372
179512.12043000176
522449.33046749193
81678.29564521629
191037.372811002
178569.39354395494
44236.58431665599
1765918.1585632549
226436.26909121167
16047.764207241684
155985.98934891738
839554.8825825113
1043056.5044775321
