467.8217435181353
3924.3865325672946
7148.942695622998
315.26992152873754
12386.695443305629
1525.3363708722911
7874.309063596841
3396.317531678717
8224.888809034679
6624.541652820031
706.0164068832728
13686.65720087394
24694.245975869082
10560.673092983316
11694.693837379891
7095.582698744973
2511.3620982902835
4244.063791167445
40050.35962244806
2089.697374537972
15362.119573809925
6132.908278628341
1479.543251318505
16152.46862999682
31876.98907970647
1005.6590940812316
10355.703693633675
1950.4896414595378
2763.2352199386846
3330.4618463881966
27940.92930417673
651.8215928448145
2298.5794287225667
18561.236544543804
17002.398325763537
10109.710752415283
7912.978851504747
17655.17413895201
11333.345357118445
5441.757190335882
17940.265702598743
11340.06500530383
10545.078764812368
36622.80013320383
10306.039547173854
2458.9297236277725
5894.8711082220125
15812.17040283547
5009.704533234277
19639.692213820526
2507.173935372213
5641.596706288738
7471.546365317352
2208.702611864969
3120.426128879382
10907.622217431906
16466.38727899713
11743.605810791249
5349.281535718802
10013.710666609155
11295.419055625702
30814.17023762558
10711.106499973937
3103.443723673742
1334.5413943739925
2469.437674075291
5590.279958590982
12663.523411943212
12388.241033569077
20542.210369001616
44001.81456265531
5000.939183475268
