104973.7878398425
4544.6590281263425
70225.60629115319
440094.85822574986
17371.83970498498
67437.5180695984
27283.00772815001
56020.948186713875
109350.54493317222
96911.83704882184
103466.1877601208
93562.55880608899
47910.866847614896
26793.998603329197
33571.26402648593
34430.37561534299
316404.4854389
93976.77588187502
349979.76626650256
71439.3831306958
306425.04134813347
236611.25565544586
47188.99305833296
104073.78964087098
761605.021815424
64481.719495896745
81175.95962206245
90763.39812359048
91344.41100440166
119962.43364849458
174351.90328867783
20779.87903411586
7872.07987052653
5634.866823427793
126293.48927164843
26961.878069287704
488076.33912558074
312232.5303123936
21547.62148605736
142966.75053045814
206800.95369891648
29955.490546215322
122490.15459609321
75195.39909285567
47536.256998717145
216941.520894806
61923.1879984428
167092.77542463937
114388.88680138843
165895.57397549646
41682.52433489163
372096.40795084654
128283.74736507265
12170.919194167167
184403.605132302
171105.6197679996
226446.97794761768
200052.57941727692
348154.21668423276
38846.01595489538
6789.413779360695
263971.8850473579
97212.38605587938
7799.217059684943
220919.2680128215
365562.2148161635
117020.36143372687
34705.097838612615
327939.546152918
154741.33495157232
194675.3223508867
108476.78144652354
