4.0126962063658755
0.34124253229717094
0.3284931292570087
0.821768604498655
0.28189733093821456
0.18467646972701743
3.476534959460042
0.04728141480630057
0.6146570399591277
0.5315823069046598
0.06300290474387199
0.26507022487908494
2.7025377465821885
0.6772613135946705
0.799808342599901
3.511495163721948
0.5866381057146679
0.2564651232734157
0.759552422274042
2.26216355638445
0.4323520976538604
1.0108371683969484
4.897187915797876
0.575837620626997
5.213235469219277
1.708811774461474
0.28592417951302695
1.1291819687183307
8.220983737491498
3.2203528563792494
0.33327670962957884
0.2279974862254052
1.0829175500319297
2.228254278428547
0.0756071486972305
2.915434926113032
4.990877258715833
0.5762222644161044
0.4355959199649424
1.1456223812435529
3.4357165888079
0.15728915184711367
0.18886211942101283
2.1502207673095532
1.2632189491355146
0.3094043951774244
4.915220990481454
3.4916972029021816
6.531804261263314
2.8111134237977025
1.1084994171182936
1.2102366410532026
2.0634894039173943
1.3240477635577372
0.09854587461324657
3.257472317985063
1.8424182333476606
1.369012614209892
0.12192947121670276
0.7336353449967437
0.6519880833686439
2.1140460909996706
0.08834257150749988
1.9417142108299215
3.5773506412788585
11.09900302711468
3.030851424375591
1.7618994860728565
1.7333598208389138
0.6858755856159485
1.8142894574725448
2.0162174660189716
0.7675374431098477
2.0713806786087243
0.14235209223437642
3.935131682309323
3.2923982260439595
3.1268781789454354
0.12883441885028887
1.8773265873561522
1.1839976929133171
0.23443922572298334
0.2794403827655768
1.0817683129571847
0.3860939610013957
2.452933148576978
0.8688335070446842
2.1633480658980906
1.2839415376479844
0.2424367251251838
0.43947258556465674
1.0504921455299343
1.5506596472422678
4.274845211794978
3.2520794495229457
0.5465502230436491
0.24599626948910966
0.43828526298968395
5.261938295478989
0.3203273450083909
5.872824350641713
0.9679490636281934
3.7948535498655533
0.6021638675674266
4.828092744314244
0.13567670992684713
0.31483956361500026
0.2808332950463013
4.906782931597718
0.6346356617714481
0.7067699030905814
0.8943652164653928
4.677434980439885
0.6926340548959464
2.906494127245724
3.71927131267549
1.739343771795221
1.1120026191698758
0.210550611032277
1.0174001637097976
3.667159668488429
0.498555785996495
5.108101447384761
0.8677017189490454
3.9865854140032146
1.2029145417756155
0.8250119878229545
0.692591649416758
3.287636328595553
1.1580077514562974
3.2470302931273616
2.381735435827178
5.554177699838371
1.0936479489580053
0.38447073724891523
2.435370328428673
1.5714429365484912
0.2782418318164114
1.0248749244212065
1.5686050999914467
0.031528614004628586
1.3960885624025616
1.7735993121497753
0.40720087080955275
2.3768174663929016
0.36696498085330925
0.2805239906589699
1.4243059209312672
0.465087871810194
0.884470987588904
0.11882663931348487
3.7214877983334156
1.577500218866354
2.9089705669512833
7.614997678904945
11.926353412707746
0.5965919507524154
7.226399735413873
0.8786331170383125
1.1278561499421276
2.914299763246866
0.1193740665663089
1.5400655448316107
1.573565959001309
0.29661880944498314
1.0016454595944893
3.9749865605180514
0.06634553250210685
0.3435122504147185
1.321544059689605
4.708789049613301
2.886262486911132
1.5791896147613895
2.708648383554189
2.7759798256468406
0.3356175716036853
3.153379191866349
0.2382786918175784
11.684889874989716
4.403206007735261
0.10538573475510979
2.4671925557210095
0.21762923169672496
1.0559940412059927
2.805980454261697
0.5761409215706342
1.4850456469716846
0.12105746414235381
1.7272830145665585
0.7088890781223813
0.8809085267288954
0.9533294608698679
1.6061536802352816
1.1144187624209194
3.459291443455083
2.2006759400876894
0.10705741014973894
0.6058999885664365
2.2129686318750945
2.255980025685611
0.7503036176530015
2.339933419982226
4.415583720475128
0.25944908631577435
3.3229485910278846
1.7434067816743959
3.308480234534757
1.3355492530520812
2.1441157629821994
2.13916921061639
0.12977377994314898
0.011547336215580517
1.3579468310350506
2.9710425662819304
1.1886394101711546
1.948694188106143
0.4666170467141959
0.8799619749873776
2.2820564799822027
1.8490089537842809
2.6576241121496773
0.7967316950499501
0.056171804154134294
1.6357996334303455
2.2370456026170134
0.058916817917434645
5.776571555263679
0.786703275471656
2.3339075841523833
0.9201555507902548
1.7674756088568004
2.4638897092353376
2.680076662843016
0.13000509481513772
1.9059329477493248
2.442142443225861
2.347699203607267
1.4311731991051113
1.4657484361873323
0.30961333416919196
2.297657369884832
2.685026569027645
4.566599088270701
2.345424087128089
3.261809070719288
2.759536943128189
3.125241162281699
0.18262805745043148
0.34400739542550524
0.17931076670326826
0.45414670810818686
3.3600457993588986
0.5836393746087711
1.9455691713465675
0.13154086307045948
0.6962389253261462
0.2226483237809851
2.058156454095607
1.1768353812080803
0.2697689536286217
0.19517755761351366
0.7149678177766466
1.795243519187753
1.5178416290892704
1.4002464021512553
2.378593311531277
0.21866602514541014
2.598188119949285
1.4066781690504375
1.1043570981306352
5.57030260093744
2.523764381793967
0.6192706619291298
5.8503228966463166
2.855131654524327
1.8001637384730942
0.6485388552714251
1.2178627329049379
3.301880172285447
0.43138034607481673
0.24751371311015266
0.9148680346688431
0.5085435042834906
3.216396675028634
0.12613829328050746
3.9092283872011193
0.3670259717755631
1.2179975572102106
2.466310518659562
0.40235799218418883
0.31055847944550197
1.945513446265161
2.940698058131507
3.8085464859866147
1.6551389995198138
2.8834120185165397
1.15838683624036
2.5632563069250573
0.8052648379958608
0.5558660740599553
2.3421333644913904
0.04570211994164443
2.075701204170354
11.64463675108504
2.5767392241018565
0.5220010648778348
0.9792484115275435
0.0022724720424285075
1.3196275816251133
4.155182711907441
2.0832807079661513
2.8114923293491287
0.44330469950688783
0.7827576965773003
2.033038732271709
0.627802318079945
1.3147209071870853
1.560852725537924
0.4625477763182098
3.0945867054640863
0.9534462751831986
4.761444012648416
3.4523380845115548
6.230386491780278
0.3559068664626415
0.19818636455578645
2.1879598450360906
0.1213638341338048
0.43664548892345795
1.3500032955675283
0.4698905730355265
0.872854534042536
2.4877545158501984
7.450575639736031
3.6243596957165902
4.251407427349603
1.89580729529571
0.037868704620603204
3.589683847479416
0.4291311306584836
0.936439566782356
0.42732127146295146
0.09831210559109169
0.7328001934393253
3.3466708482197864
4.007700153459197
0.403024136452369
0.8046594969392528
2.3207654227317933
3.689695735242898
0.2532397163565012
3.3135338503997533
0.35009484862191337
1.145676702411604
1.1639640672420264
0.6016807818802266
5.620340362354569
0.44655592381724796
3.6597526851295767
4.330366901610004
1.6964569590492369
2.3536814313868795
11.491415811388006
0.010940618590136092
5.063096536088823
2.430935264681367
4.014318044267431
0.06995038774096125
1.883173530207143
0.569973015855574
1.240433215511848
0.17144017470907497
1.4360132124196143
1.201369730468526
0.23043198661481118
3.3557771442801014
1.0861004557473168
0.7086459266421744
0.2848412403747955
2.624807175923257
1.1159346426953562
2.388792535395277
2.170870677905664
0.1390073728158331
5.026629028744348
3.128682937095107
0.28604996152524564
2.7337550809516045
0.8812069124542056
0.7539373891488361
3.0130852385384985
1.0666393219151287
1.8234963095182797
1.7384176096090616
0.2021333474326448
0.5905875728467866
3.1423727310076774
0.2883835486017995
8.317063822273507
1.4972583015932233
0.025603327615229383
0.7664230661024991
0.5151825935753412
0.3344392480436238
2.1820126224298346
0.16016059842511018
4.790101228769051
0.8058856537840088
0.5163668552646927
1.6492822239134248
6.922304071654888
0.7970854556319128
0.3875661898986049
2.816025986990188
0.44242804548432424
2.7574670338253746
3.2554405943769447
5.064240124971207
3.294522047002707
0.9405800580875454
3.962347060077971
0.5483767289205702
5.135440469124285
0.1248031250002107
0.13076413302775688
0.360702658365766
1.9508614042704768
0.5331129581384587
1.329028517054423
0.9150872071446712
0.23949731380379072
2.368187193349233
2.659706759358699
3.004274637732366
0.34839567122078696
0.45965604457702475
0.07809542139421316
0.600476171237459
1.4757012710660962
5.303795989122567
2.2811353672963857
0.7829742811832431
2.51400349558382
1.732837413766682
3.0668256449052897
0.22865570073173624
1.9167730920601769
0.6167164970482004
4.142409982531329
0.8272850240849327
0.7658938260786554
7.415061562963918
5.599257177605075
1.541881836113728
2.431201833387319
3.791826931435459
5.413558506746254
1.1029390598335373
0.15124707961307696
5.172919620003395
0.140156960778689
1.6242938596276661
9.137555678875286
7.281514788499488
2.1145425042859958
0.5482668400795864
2.82326602755998
0.33038487490847634
0.0930151149236046
1.347838567843968
0.5626800550021147
4.010168760345746
0.3629591763015137
2.183813290244597
0.6967286291989675
0.6868405395895707
0.2352043628706185
1.5635737899795539
1.3801421490183576
0.9903977434553182
1.1450709868669895
2.499016318880115
0.7904326425374639
0.4337504155202894
0.37418339731377037
1.2484165911704854
2.6011539791126346
0.6017651897315388
2.326316009163263
0.6866109742455688
0.1634841994432137
3.3521952933586268
0.9532962462117022
1.1055440099112386
2.547760513357302
3.047431302817464
0.5567402670914511
3.49143433388559
1.624707298451438
0.9497529989238462
5.994273803398434
0.06779649556666448
2.064309782745877
2.5346759531693377
0.7243250447618137
3.109928898256477
1.2704878829128803
5.497954841903909
0.32388189938200634
0.6339198601560485
0.9543343788296464
2.996170292016907
0.35754134867353043
0.644101706818001
3.227530604859618
0.9538722088896429
1.3659130432131108
2.085300391042679
1.3539752249999766
6.681756435454455
0.3149493519096396
0.5825072956536606
5.6295469178097495
2.0720511660718364
0.8496138370687522
0.8309382151676034
1.506056444747711
1.2382661180693666
0.9982121687916903
1.2209940433059476
0.030464146122420942
2.333892274330661
0.7752723801749382
1.1580253518715198
5.46799288456853
3.918217700768519
5.751344182617967
0.481705501254923
3.6141363144332272
0.25357206499969803
2.5384943910949023
2.9496080949483905
0.04391109009924468
1.8087826319684437
11.441376623372166
0.4966531907892532
0.3601068388066733
0.3996925079403206
1.6761911833637477
1.7052325140180753
1.068544135221308
0.7869129444389067
3.2917340452539814
2.4908308588079033
4.261958987045859
1.9918602006570574
2.18906332699712
0.7046944327766917
1.1700258772616428
1.2219665555519563
0.20128850670267187
1.180699443117004
3.807125496389295
0.7229179902072588
2.148523306977203
1.330717969451779
0.7312963217376246
2.794296318274794
1.822909435328913
1.6829973108731147
0.06604784084851535
0.3822327056165821
2.9926515824356836
0.43671156459997407
0.5541661463528231
0.8669383925051495
0.11190084619805325
0.16183964025824127
4.390145708403986
0.6702831660923866
3.9842826331235863
0.2668584323123675
2.633384615112564
0.0926754087910861
0.1924334735929159
0.07269522946098463
1.4283723471789793
2.2026192429970837
4.795331375979799
0.02808131196541779
5.017393966548712
0.6408419894964484
2.6641057934215935
1.4874282195497823
0.11929353279994961
1.5772852880987072
2.0218615316684168
0.14794471054920288
3.5839110466293436
2.262312459778863
2.9590594261185235
0.14979792272072356
1.132277207667624
1.445814553497284
0.0197271123634626
4.154909928250607
0.46051039161912016
1.3172147725045724
0.03888649348008079
0.5787064567780746
2.318406879838434
0.9729336690194295
0.45802758933126486
0.44711915332860686
0.6430385708300197
4.6325424190737206
2.6236961518108877
0.7867954233738667
8.840343673050922
0.03221055373044919
3.936999132538719
1.601155337641634
1.4375943896564336
0.8963528117622395
5.211093363188194
3.779287770914049
0.991315908987715
0.6263339850512745
2.2285567022986963
1.5031349448940472
0.6642559111181434
1.7981150588620027
2.776106794958613
1.0981750085248203
0.40151557879741007
0.18323835333400865
0.753306755178099
2.1305225676585273
2.467090057921201
7.990925652025973
1.5378084062631237
0.44075410362393996
0.7376387867898959
0.008663750039990849
1.975047546419677
3.3848267627994386
1.5310349817083562
0.49148624902419613
3.0619337666656046
2.6309277641047073
0.6348570589795741
1.8006349355286744
5.994397457772122
3.2098792233552387
0.7098888669848191
0.8595694944321819
0.05322626322970988
1.229491268564076
0.09636358613603693
2.958432155292912
2.379062629768379
2.0945462792335645
2.0569397968751826
3.661122052887465
2.5379054855157124
6.437768810236912
0.3338769881058644
0.8612338307602645
0.6636344859318825
1.185141844114633
1.2838490762935495
0.552477169463207
0.6026195819530282
0.6813742384929636
0.498825476423621
2.4958453067586612
1.4070828233822796
0.9657469967299177
0.8998252980400161
4.006147085956765
0.9626129205189529
0.6754788816711186
2.304356148638076
0.9580366750654902
9.752971303913704
1.9008946837250684
2.0796079845943685
1.1553273942950302
0.8921125374555591
1.7117972727890927
4.330867623645683
4.71947616521994
0.6103729121904086
2.188653337175251
0.4817109842556768
0.18080333273790566
1.9205385786724118
1.5691817958493288
2.5608623083577395
2.2471571840033224
1.9950429527069233
4.513511263298304
0.06671945420254766
0.10923732185396653
0.5318327408909747
0.27903072175775406
6.569058832048018
2.7807704070796637
0.3977889066781291
0.7915880479963042
1.3538317136096283
5.785661912754163
0.5058321220357412
0.2588029117457998
1.7402564113875612
0.8407342678469505
0.5130390723911128
0.11524871728400626
1.7620054201586353
0.5684651092914361
0.5577338190464383
0.6057773629160221
0.19851419027227837
0.11135007009918048
1.797175606488808
3.336051576258993
0.925879259241591
2.646923172995576
0.9919293192624528
1.1352312591669662
2.6415412552230193
0.24708100920303863
1.5378766766626542
0.6855656372246799
0.7514705404656171
1.8833313678069812
4.026577386071933
0.34727825030897325
2.0242215428650128
2.4666189855365093
3.8641625940254767
1.1364306028001343
1.649231366517562
3.1224715472713225
1.831215466656651
0.49039225952810644
0.7187174791730679
1.1665498326873045
0.6065080401695483
0.9450565513278444
2.119056501997327
1.5703047329265785
2.947093891569429
0.5081408262307132
2.341292942411195
0.9217909255114919
0.7645059214903445
1.5923461569955863
2.018286600567607
2.2064072428206347
0.27212598850118835
7.543226563755456
2.760242196119735
1.6646101345578226
1.8177439745062922
0.2872656457249449
0.2584510011300462
0.3295135848291715
1.7070511163927937
2.4579625779237047
0.8582961147331146
0.5399874322865552
1.7971082888547072
1.5506219262269019
4.816990257986438
0.4964135469592974
1.297899013651682
1.2313429420320599
3.399870090720649
0.5997655310440031
1.0169611884109475
0.8767571257176553
1.0761615034026948
3.377482668464342
0.7107709790838078
0.8507414679306301
0.9918862641996542
12.628485776969779
8.91903041976905
2.200118683865487
1.6820092453630806
1.5223985464310046
0.9439169765216449
5.549252548729248
1.0193675313741792
0.09430680813689676
0.20328263714061995
3.477791693037234
0.4202460710815423
0.1666859071002806
0.49400149305250457
0.03773917706715564
10.041129760741072
2.735215232554099
2.587971024682819
0.2793195503074531
1.7029792462180096
0.4215138200171374
2.4867747738346813
1.0178746614772483
0.8195062045364393
3.6420173145951074
0.620389098938073
2.616784720076758
2.8536979950649966
0.2840017158025842
3.6119092950260985
2.3587130348410734
0.5252355649164969
1.379687960850463
0.029684000040319736
1.5378597896207162
2.2586059506009075
2.3088865869407953
0.8351697521791445
0.748944884646794
0.054730126646395844
10.62345747797843
1.2571914918390212
1.3860344257400457
4.308748139760213
0.26868893782567077
0.4504700039063043
1.1542573964232419
4.34121572372629
0.05963617135454453
0.001985946133428541
0.1343655016553894
2.2082866241800563
5.473795711333074
0.4197630441957573
1.589718454340456
3.118858611394014
1.2550742018480456
0.4853365304857141
1.8130222017062272
0.03618184120266092
2.7410521841207722
0.0556026694197889
2.5687317456115215
2.2094968455247366
0.0062135518481959825
1.05202143694724
0.0029981610071513525
2.8754316001327966
4.700617081242202
3.222015962147745
1.786409525755524
0.6272978442150621
0.6832422290087882
5.235921614463733
2.5945898846307345
0.47267402258633084
1.4032408947081139
1.413361620997572
7.6310868830048415
3.0048722910575907
1.1000892129492295
0.7552664234601159
1.3892224573303669
1.1497946802143382
1.1935276720355723
3.594677089902936
1.0540572394012444
0.14177719223735388
1.5540897905893278
2.745935747035127
0.5224241636753676
3.1759131772019584
2.354319149045053
0.4966351873711073
0.7069625837299095
0.6700567646593902
0.5002854664383075
0.3661743661403468
1.2990177538340801
2.1610836514241107
2.0754595030324525
2.410016374821147
5.854160412147842
0.5525621363956092
1.2581742383360193
0.8914497056156446
1.421233983600196
1.6870340884178632
1.484365814002667
0.5812323456782217
0.7491391695111391
0.9935322297760214
6.421364844904974
4.280349556557431
4.025173865417414
4.165952952971731
2.184313038487651
0.7804715430554695
1.4899377512291418
4.8550493116449545
0.007683582285588227
0.8021579931748006
0.08990298729055238
0.10319311026229587
3.626604762486813
2.5806380669253928
0.33146925830837426
1.5764558361845964
1.58729049239677
3.67744003767168
1.0250767120574433
1.8779852687163006
2.7926169285101747
4.170580587853389
1.6505330862096157
0.14430881969727533
1.6435979890664212
0.4869155383599249
1.2358752030464764
0.23059651385796123
0.535765930034849
1.1148599804193962
5.212238605195348
0.6569059261257469
1.1407732866631608
0.8652334928341388
5.413409788684845
0.5515189306405227
2.246031833442555
1.3186815731322505
0.561093446029204
2.249899460505403
1.3793174466262994
0.7689480014021185
0.6196532944534514
0.060546462954557234
0.31614471122426085
7.773446866535425
0.7618580992537464
1.5145859155674266
0.020807022989382726
0.9393475557946674
2.925278329415442
4.217625230814469
0.4836299502557599
1.2255136479253916
0.45112178854209883
0.9815738229244384
0.014356950837558613
2.2779408936067425
0.22805485372716106
1.751191040197436
0.6187814358900355
0.21908820542022509
0.18760014209580947
0.2920201553806568
0.010909716712673725
1.6360124433938126
2.5777303769136646
3.1299088586196064
0.7643382063783503
0.6568622947464067
5.5427721394169565
0.9044292931909161
0.8997612681977657
0.5215983847645032
0.1809550204745706
6.994038770251195
4.029053066984327
7.254959648730782
4.2810455975848996
0.834823435311059
1.3718024060932896
0.5496330157647557
0.696857264986114
3.5919029102328635
0.4629192690492758
2.4453249040121365
4.350704233625611
2.279212892129983
1.0551587915816083
3.446666732096179
2.1754621050833443
1.400668397316257
3.939163620746378
0.7653670189497858
1.1193375705196154
0.37494897785989334
0.3346839504345694
1.1586448549542336
0.8492165114247884
2.8701921082651882
3.5219796123416036
2.4923215679775366
1.7265183350978415
10.153441316550149
0.8954237924401105
4.604857982881308
0.3875977392605936
3.059036131511219
0.026791059207906212
5.249547931275807
4.797072296077283
1.305308990072469
0.08293849326625898
0.5628697556212928
1.7162735491211731
0.2415380261840808
1.690832431937496
2.432215106274177
0.7153840127029804
0.05722784709406411
1.2300986549912765
0.6982081890236657
0.48665993586384276
2.01461919578129
1.8082906533932026
0.5069485604096786
1.638833124036426
2.4402311304670032
3.2324184094853488
3.0961343683285163
0.7324790048931195
2.3418213574442954
1.2773452520121846
7.677256088795158
3.38240674749628
0.7032355949120861
1.932515894780956
0.8086479813794382
3.3411199041032584
2.7213966370864093
2.8038548082785826
0.5272717517140548
0.7060346506130395
0.5123388015953126
0.36133951794148883
5.1889129193361185
0.30985733430722945
1.9933441093961703
2.667575105408818
0.5860224402847499
0.039854096576488286
0.08283888215099826
1.7304357723147787
1.6448817011440564
0.17475054655199554
0.40543890436188906
0.0393527879977883
