1997.0,2580.0,5557.0
2434.0,2500.0,5122.0
2417.0,2447.0,5097.0
2409.0,2514.0,4967.0
2388.0,2614.0,5048.0
2538.0,2496.0,5105.0
2439.0,2465.0,5228.0
2464.0,2464.0,5046.0
2551.0,2379.0,5000.0
2491.0,2351.0,4975.0
2444.0,2462.0,5050.0
2410.0,2475.0,5120.0
2456.0,2367.0,5254.0
2397.0,2553.0,5131.0
2349.0,2399.0,5176.0
2268.0,2467.0,5158.0
2430.0,2412.0,5150.0
2444.0,2489.0,5058.0
2497.0,2389.0,5121.0
2311.0,2507.0,5108.0
2487.0,2473.0,5109.0
2402.0,2416.0,5252.0
2467.0,2521.0,4919.0
2510.0,2490.0,4945.0
2599.0,2504.0,5212.0
2444.0,2456.0,5185.0
2437.0,2379.0,5125.0
2465.0,2424.0,5116.0
2501.0,2298.0,5018.0
2427.0,2484.0,5140.0
2413.0,2536.0,5107.0
2455.0,2436.0,5063.0
2449.0,2471.0,5046.0
2296.0,2392.0,5267.0
2423.0,2458.0,5059.0
2606.0,2499.0,4803.0
2387.0,2601.0,5105.0
2511.0,2401.0,5054.0
2447.0,2419.0,4968.0
2432.0,2524.0,5081.0
2618.0,2281.0,4950.0
2496.0,2426.0,5086.0
2372.0,2506.0,5083.0
2604.0,2341.0,4975.0
2415.0,2492.0,5157.0
2439.0,2415.0,5045.0
2653.0,2380.0,4970.0
2279.0,2427.0,5209.0
2394.0,2347.0,5146.0
2284.0,2502.0,5305.0
2619.0,2399.0,4874.0
2369.0,2532.0,5021.0
2488.0,2460.0,4948.0
2434.0,2409.0,5119.0
2442.0,2446.0,4984.0
2486.0,2563.0,4825.0
2332.0,2514.0,5172.0
2597.0,2436.0,4925.0
2448.0,2446.0,5096.0
2411.0,2532.0,5075.0
2424.0,2531.0,5182.0
2436.0,2492.0,4923.0
2507.0,2438.0,5060.0
2450.0,2515.0,5069.0
2712.0,2433.0,5046.0
2496.0,2498.0,5104.0
2279.0,2572.0,5170.0
2409.0,2504.0,5081.0
2316.0,2562.0,5198.0
2379.0,2478.0,5117.0
2480.0,2509.0,5032.0
2619.0,2406.0,4951.0
2418.0,2525.0,5072.0
2312.0,2484.0,5140.0
2503.0,2407.0,5009.0
2187.0,2446.0,5304.0
2358.0,2491.0,5194.0
2423.0,2449.0,4931.0
2432.0,2484.0,5113.0
2478.0,2389.0,5333.0
2508.0,2488.0,5125.0
2446.0,2481.0,5035.0
2494.0,2511.0,5088.0
2570.0,2400.0,4941.0
2443.0,2506.0,4983.0
2267.0,2397.0,5223.0
2545.0,2408.0,5120.0
2577.0,2351.0,5031.0
2464.0,2435.0,5121.0
2541.0,2410.0,5081.0
2434.0,2456.0,5045.0
2427.0,2453.0,4954.0
2420.0,2486.0,5244.0
2262.0,2486.0,5382.0
2659.0,2408.0,4893.0
2507.0,2474.0,5125.0
2419.0,2440.0,5109.0
2423.0,2513.0,5046.0
2146.0,2473.0,5232.0
2452.0,2496.0,4989.0
2297.0,2574.0,5208.0
2397.0,2405.0,5276.0
2457.0,2548.0,5026.0
2547.0,2458.0,5186.0
2386.0,2509.0,5077.0
2478.0,2409.0,5114.0
2406.0,2533.0,5161.0
2450.0,2491.0,5066.0
2493.0,2479.0,5139.0
2474.0,2570.0,5048.0
2378.0,2553.0,5129.0
2520.0,2484.0,5012.0
2546.0,2360.0,5032.0
2505.0,2450.0,5087.0
2423.0,2396.0,4998.0
2250.0,2529.0,5330.0
2430.0,2539.0,5201.0
2465.0,2426.0,4999.0
2515.0,2514.0,5048.0
2456.0,2442.0,5125.0
2458.0,2463.0,5106.0
2392.0,2524.0,5113.0
2104.0,2520.0,5531.0
2518.0,2476.0,5014.0
2472.0,2498.0,4965.0
2457.0,2459.0,4969.0
2473.0,2488.0,5089.0
2461.0,2455.0,5237.0
2392.0,2384.0,5107.0
2532.0,2468.0,5070.0
2376.0,2473.0,5205.0
2223.0,2587.0,5246.0
2563.0,2440.0,5007.0
2374.0,2633.0,5105.0
2463.0,2441.0,5098.0
2602.0,2515.0,5030.0
2294.0,2526.0,5240.0
2452.0,2458.0,5126.0
2360.0,2431.0,5141.0
2354.0,2459.0,5113.0
2440.0,2480.0,5124.0
2460.0,2480.0,5200.0
2352.0,2530.0,5199.0
2432.0,2462.0,5121.0
2552.0,2491.0,5031.0
2373.0,2570.0,5076.0
2506.0,2514.0,5023.0
2474.0,2494.0,5120.0
2454.0,2513.0,5045.0
2443.0,2502.0,5199.0
2481.0,2468.0,5153.0
2622.0,2458.0,5034.0
2326.0,2502.0,5171.0
2448.0,2444.0,5204.0
2524.0,2472.0,4984.0
2298.0,2602.0,5152.0
2459.0,2589.0,5156.0
2726.0,2471.0,4927.0
2458.0,2383.0,5047.0
2445.0,2419.0,5081.0
2624.0,2527.0,4858.0
2482.0,2462.0,5147.0
2514.0,2353.0,5105.0
2463.0,2443.0,5155.0
2496.0,2451.0,5119.0
2523.0,2471.0,5062.0
2608.0,2376.0,4978.0
2469.0,2423.0,5075.0
2459.0,2375.0,5096.0
2577.0,2376.0,5031.0
2770.0,2407.0,4901.0
2725.0,2405.0,4913.0
2432.0,2456.0,5084.0
2446.0,2387.0,5173.0
2589.0,2416.0,4884.0
2523.0,2461.0,5049.0
2548.0,2459.0,5018.0
2447.0,2404.0,4917.0
2669.0,2461.0,4988.0
2425.0,2459.0,5211.0
2493.0,2446.0,5086.0
2243.0,2422.0,5359.0
2552.0,2423.0,5036.0
2507.0,2381.0,5053.0
2474.0,2661.0,5187.0
2530.0,2463.0,5001.0
2323.0,2538.0,5077.0
2473.0,2449.0,5035.0
2524.0,2481.0,5043.0
2428.0,2466.0,5123.0
2578.0,2521.0,4916.0
2517.0,2439.0,5085.0
2311.0,2410.0,5169.0
2502.0,2374.0,5013.0
2483.0,2363.0,5068.0
2321.0,2528.0,5152.0
2484.0,2431.0,5077.0
2537.0,2454.0,4993.0
2275.0,2590.0,5183.0
2483.0,2483.0,5037.0
2412.0,2476.0,5131.0
2508.0,2267.0,5089.0
2242.0,2609.0,5156.0
2398.0,2410.0,5062.0
2576.0,2488.0,4823.0
2406.0,2434.0,5038.0
2529.0,2376.0,4980.0
2501.0,2455.0,5142.0
2334.0,2525.0,5211.0
2477.0,2392.0,5024.0
2480.0,2441.0,5076.0
2442.0,2478.0,5088.0
2595.0,2430.0,5027.0
2329.0,2612.0,5151.0
2453.0,2485.0,5017.0
2447.0,2438.0,5204.0
2445.0,2452.0,5060.0
2523.0,2521.0,4941.0
2456.0,2460.0,5125.0
2434.0,2579.0,5050.0
2456.0,2499.0,5060.0
2393.0,2450.0,5143.0
2420.0,2453.0,5078.0
2474.0,2501.0,5122.0
2519.0,2437.0,5052.0
2453.0,2436.0,5103.0
2416.0,2510.0,5081.0
2457.0,2375.0,5118.0
2550.0,2468.0,5015.0
2430.0,2462.0,5081.0
2547.0,2391.0,5097.0
2457.0,2590.0,5049.0
2559.0,2480.0,4990.0
2431.0,2477.0,5100.0
2300.0,2476.0,5247.0
2574.0,2481.0,5042.0
2633.0,2383.0,4832.0
2517.0,2342.0,5086.0
2446.0,2395.0,5072.0
2441.0,2463.0,5118.0
2553.0,2467.0,5089.0
2567.0,2329.0,4961.0
2280.0,2531.0,5212.0
2468.0,2481.0,5082.0
2321.0,2467.0,5164.0
2442.0,2473.0,5035.0
2645.0,2516.0,4843.0
2467.0,2380.0,5068.0
2442.0,2427.0,5033.0
2435.0,2442.0,5067.0
2475.0,2454.0,5132.0
2546.0,2441.0,5057.0
2451.0,2478.0,5156.0
2531.0,2445.0,4968.0
2499.0,2450.0,5064.0
2454.0,2482.0,5065.0
2510.0,2507.0,5068.0
2430.0,2572.0,5116.0
2457.0,2515.0,4963.0
2456.0,2518.0,4996.0
2415.0,2501.0,5055.0
2468.0,2495.0,5000.0
2380.0,2463.0,5248.0
2337.0,2380.0,5199.0
2525.0,2530.0,5099.0
2458.0,2435.0,5059.0
2500.0,2390.0,5039.0
2513.0,2378.0,4970.0
2399.0,2465.0,5064.0
2500.0,2494.0,5066.0
2494.0,2379.0,5070.0
2322.0,2536.0,5088.0
2351.0,2477.0,5127.0
2510.0,2418.0,5121.0
2532.0,2410.0,5079.0
2520.0,2455.0,5022.0
2431.0,2418.0,5075.0
2409.0,2381.0,5285.0
2239.0,2535.0,5295.0
2463.0,2357.0,5031.0
2439.0,2526.0,5136.0
2452.0,2418.0,5119.0
2445.0,2537.0,5141.0
2530.0,2470.0,5013.0
2402.0,2488.0,5012.0
2288.0,2426.0,5111.0
2411.0,2402.0,5117.0
2404.0,2500.0,5014.0
2291.0,2522.0,5309.0
2437.0,2579.0,5103.0
2408.0,2507.0,5140.0
2369.0,2406.0,5285.0
2367.0,2495.0,5182.0
2533.0,2510.0,5227.0
2292.0,2518.0,5196.0
2521.0,2575.0,4986.0
2464.0,2490.0,5125.0
2582.0,2393.0,4991.0
2405.0,2542.0,5112.0
2512.0,2551.0,5102.0
2458.0,2472.0,5052.0
2458.0,2453.0,5078.0
2373.0,2572.0,5165.0
2738.0,2375.0,4778.0
2475.0,2518.0,5012.0
2475.0,2376.0,5104.0
2437.0,2523.0,5021.0
2460.0,2457.0,5061.0
2541.0,2522.0,4915.0
2590.0,2547.0,4975.0
2465.0,2371.0,5217.0
2566.0,2421.0,5004.0
2463.0,2576.0,5102.0
2474.0,2417.0,5102.0
2622.0,2347.0,4990.0
2427.0,2523.0,5127.0
2441.0,2477.0,5039.0
2423.0,2454.0,5060.0
2446.0,2511.0,5069.0
2442.0,2515.0,5002.0
2368.0,2387.0,5063.0
2716.0,2325.0,4868.0
2665.0,2416.0,4819.0
2357.0,2612.0,5176.0
2518.0,2436.0,4972.0
2483.0,2414.0,5095.0
2480.0,2507.0,5051.0
2445.0,2400.0,5071.0
2424.0,2462.0,5003.0
2623.0,2461.0,4974.0
2454.0,2439.0,5100.0
2473.0,2498.0,5163.0
2564.0,2438.0,4858.0
2720.0,2403.0,4920.0
2715.0,2443.0,4897.0
2334.0,2605.0,5184.0
2439.0,2530.0,5176.0
2450.0,2465.0,5061.0
2291.0,2525.0,5170.0
2408.0,2442.0,5192.0
2522.0,2553.0,4948.0
2494.0,2444.0,5080.0
2456.0,2454.0,5061.0
2427.0,2483.0,5086.0
2300.0,2382.0,5174.0
2392.0,2414.0,5108.0
2338.0,2491.0,5142.0
2508.0,2485.0,5073.0
2551.0,2585.0,5115.0
2453.0,2451.0,5016.0
2418.0,2529.0,5040.0
2436.0,2424.0,5050.0
2459.0,2437.0,5102.0
2593.0,2536.0,5084.0
2383.0,2582.0,5137.0
2414.0,2519.0,5003.0
2451.0,2541.0,5194.0
2495.0,2428.0,4969.0
2297.0,2463.0,5225.0
2242.0,2408.0,5323.0
2508.0,2429.0,4879.0
2207.0,2390.0,5293.0
2412.0,2472.0,5120.0
2461.0,2435.0,5057.0
2721.0,2255.0,4832.0
2389.0,2490.0,5204.0
2582.0,2318.0,5087.0
2478.0,2447.0,5079.0
2540.0,2456.0,5027.0
2463.0,2423.0,5130.0
2453.0,2375.0,4986.0
2461.0,2510.0,5043.0
2355.0,2571.0,5141.0
2431.0,2557.0,5093.0
2431.0,2449.0,5043.0
2464.0,2402.0,5025.0
2321.0,2587.0,5219.0
2407.0,2406.0,5033.0
2470.0,2430.0,5153.0
2631.0,2407.0,4939.0
2389.0,2471.0,5115.0
2469.0,2456.0,4968.0
2589.0,2387.0,4963.0
2482.0,2490.0,5153.0
2460.0,2362.0,5019.0
2283.0,2474.0,5215.0
2505.0,2435.0,5065.0
2338.0,2522.0,5174.0
2455.0,2431.0,5082.0
2449.0,2469.0,5188.0
2386.0,2362.0,5033.0
2579.0,2392.0,5097.0
2505.0,2472.0,4950.0
2309.0,2504.0,5188.0
2466.0,2486.0,5105.0
2470.0,2496.0,5113.0
2329.0,2551.0,5252.0
2428.0,2383.0,5095.0
3068.0,2312.0,4666.0
2369.0,2478.0,5219.0
2468.0,2470.0,5065.0
2357.0,2392.0,5168.0
2478.0,2439.0,5021.0
2443.0,2479.0,5022.0
2514.0,2413.0,5002.0
2449.0,2479.0,5078.0
2495.0,2428.0,5077.0
2406.0,2550.0,5093.0
2534.0,2441.0,5022.0
2502.0,2518.0,4940.0
2143.0,2414.0,5378.0
2352.0,2542.0,5294.0
2472.0,2482.0,5055.0
2322.0,2447.0,5195.0
2431.0,2478.0,5074.0
2350.0,2404.0,5172.0
2496.0,2424.0,4967.0
2552.0,2560.0,5191.0
2654.0,2344.0,4943.0
2553.0,2280.0,5000.0
2391.0,2413.0,5170.0
2463.0,2378.0,5096.0
2575.0,2332.0,5158.0
2476.0,2466.0,5117.0
2485.0,2477.0,5074.0
2487.0,2446.0,5041.0
2532.0,2423.0,5146.0
2461.0,2527.0,4988.0
2403.0,2412.0,5004.0
2437.0,2525.0,5053.0
2426.0,2487.0,5086.0
2397.0,2472.0,5053.0
2503.0,2509.0,4896.0
2424.0,2365.0,5104.0
2469.0,2523.0,5008.0
2435.0,2422.0,5144.0
2427.0,2481.0,5070.0
2521.0,2503.0,5111.0
2530.0,2485.0,5026.0
2538.0,2527.0,4968.0
2583.0,2593.0,4926.0
2507.0,2435.0,5047.0
2463.0,2483.0,5144.0
2546.0,2290.0,5004.0
2439.0,2544.0,5074.0
2361.0,2532.0,5160.0
2528.0,2509.0,4928.0
2550.0,2426.0,4974.0
2281.0,2623.0,5250.0
2486.0,2396.0,5196.0
2390.0,2523.0,5135.0
2530.0,2401.0,5090.0
2417.0,2391.0,5082.0
2433.0,2440.0,5018.0
2585.0,2470.0,4972.0
2534.0,2624.0,5021.0
2666.0,2478.0,4832.0
2559.0,2400.0,5092.0
2443.0,2515.0,5069.0
2491.0,2459.0,4956.0
2439.0,2462.0,5087.0
2535.0,2433.0,5022.0
2434.0,2496.0,5080.0
2155.0,2550.0,5470.0
2580.0,2381.0,4944.0
2494.0,2409.0,5071.0
2398.0,2368.0,5096.0
2442.0,2451.0,5142.0
2445.0,2485.0,5005.0
2406.0,2436.0,5126.0
2493.0,2443.0,5146.0
2220.0,2420.0,5257.0
2419.0,2499.0,5079.0
2631.0,2447.0,5073.0
2481.0,2424.0,5092.0
2456.0,2507.0,5024.0
2477.0,2452.0,5019.0
2484.0,2459.0,5126.0
2507.0,2407.0,5123.0
2404.0,2482.0,5100.0
2479.0,2350.0,5221.0
2490.0,2398.0,5098.0
2461.0,2503.0,5087.0
2458.0,2538.0,5041.0
2505.0,2377.0,5039.0
2243.0,2455.0,5276.0
2465.0,2313.0,5117.0
2354.0,2483.0,5161.0
2434.0,2540.0,5157.0
2441.0,2358.0,4978.0
2481.0,2466.0,5085.0
2473.0,2450.0,4961.0
2444.0,2382.0,5110.0
2447.0,2612.0,5052.0
2736.0,2510.0,4960.0
2200.0,2512.0,5299.0
2500.0,2430.0,5022.0
2314.0,2414.0,5264.0
2237.0,2617.0,5243.0
2397.0,2577.0,5095.0
2636.0,2473.0,4857.0
2474.0,2463.0,5083.0
2295.0,2484.0,5174.0
2521.0,2463.0,5140.0
2537.0,2472.0,4822.0
2435.0,2497.0,5139.0
2352.0,2551.0,5347.0
2416.0,2468.0,5061.0
2411.0,2369.0,5123.0
2329.0,2416.0,5096.0
2476.0,2516.0,5111.0
2352.0,2594.0,5166.0
2503.0,2466.0,5000.0
2468.0,2427.0,5033.0
2293.0,2561.0,5045.0
2516.0,2463.0,5037.0
2454.0,2528.0,5127.0
2322.0,2436.0,5126.0
2508.0,2538.0,5190.0
2588.0,2361.0,4859.0
2471.0,2556.0,5072.0
2511.0,2404.0,5162.0
2438.0,2450.0,5069.0
2441.0,2522.0,5113.0
2411.0,2452.0,5137.0
2444.0,2423.0,5107.0
2424.0,2437.0,5173.0
2415.0,2461.0,5024.0
2505.0,2367.0,4874.0
2360.0,2544.0,5121.0
2444.0,2457.0,5086.0
2514.0,2499.0,5046.0
2437.0,2374.0,5075.0
2476.0,2700.0,5039.0
2614.0,2373.0,4987.0
2686.0,2530.0,4903.0
2325.0,2428.0,5181.0
2481.0,2483.0,5055.0
2565.0,2410.0,4858.0
2461.0,2485.0,5128.0
2302.0,2548.0,5113.0
2707.0,2368.0,4798.0
2435.0,2475.0,5098.0
2342.0,2369.0,5280.0
2379.0,2540.0,5264.0
2445.0,2386.0,4987.0
2455.0,2510.0,5038.0
2384.0,2494.0,5127.0
2353.0,2410.0,5331.0
2302.0,2584.0,5218.0
2363.0,2506.0,5034.0
2330.0,2427.0,5117.0
2534.0,2505.0,4984.0
2456.0,2462.0,5090.0
2466.0,2459.0,5066.0
2344.0,2425.0,5174.0
2359.0,2438.0,5119.0
2383.0,2469.0,5105.0
2342.0,2440.0,5208.0
2527.0,2448.0,5046.0
2492.0,2464.0,5120.0
2374.0,2490.0,5128.0
2567.0,2411.0,4966.0
2472.0,2456.0,5146.0
2402.0,2397.0,5138.0
2492.0,2534.0,4969.0
2404.0,2435.0,5098.0
2631.0,2484.0,4808.0
2569.0,2445.0,5056.0
2428.0,2432.0,5106.0
2470.0,2445.0,5088.0
2427.0,2458.0,5130.0
2588.0,2475.0,5068.0
2510.0,2495.0,5076.0
2458.0,2382.0,5093.0
2509.0,2426.0,5090.0
2442.0,2437.0,5107.0
2490.0,2410.0,5037.0
2511.0,2464.0,5027.0
2422.0,2448.0,5154.0
2372.0,2467.0,5040.0
2422.0,2497.0,5093.0
2649.0,2389.0,5042.0
2464.0,2478.0,5073.0
2489.0,2447.0,5047.0
2481.0,2414.0,5053.0
2451.0,2515.0,5088.0
2467.0,2469.0,5122.0
2372.0,2464.0,5096.0
2459.0,2451.0,5064.0
2637.0,2504.0,5120.0
2461.0,2440.0,4977.0
2473.0,2412.0,5101.0
2583.0,2457.0,5024.0
2466.0,2449.0,5078.0
2500.0,2513.0,5102.0
2412.0,2437.0,5141.0
2445.0,2522.0,5018.0
2294.0,2388.0,5146.0
2462.0,2561.0,5266.0
2561.0,2423.0,4957.0
2453.0,2503.0,5107.0
2480.0,2509.0,5084.0
2469.0,2498.0,5060.0
2442.0,2435.0,5080.0
2387.0,2521.0,5085.0
2341.0,2546.0,4961.0
2524.0,2411.0,5050.0
2465.0,2457.0,5052.0
2486.0,2317.0,5124.0
2352.0,2673.0,5081.0
2399.0,2454.0,5019.0
2443.0,2512.0,5183.0
2431.0,2510.0,5157.0
2592.0,2422.0,5050.0
2429.0,2468.0,5096.0
2573.0,2448.0,4954.0
2540.0,2557.0,4979.0
2544.0,2465.0,4877.0
2447.0,2437.0,5105.0
2410.0,2416.0,5221.0
2354.0,2375.0,5188.0
2455.0,2466.0,5119.0
2402.0,2479.0,5153.0
2817.0,2440.0,4808.0
2563.0,2364.0,4957.0
2447.0,2464.0,5039.0
2570.0,2279.0,5013.0
2298.0,2504.0,5293.0
2579.0,2556.0,4983.0
2413.0,2462.0,4964.0
2515.0,2450.0,5023.0
2429.0,2434.0,5046.0
2505.0,2375.0,5090.0
2519.0,2439.0,4987.0
2503.0,2476.0,5065.0
2449.0,2420.0,5014.0
2361.0,2508.0,5098.0
2620.0,2408.0,4997.0
2376.0,2359.0,5063.0
2580.0,2439.0,5000.0
2482.0,2431.0,5108.0
2476.0,2326.0,5091.0
2479.0,2456.0,5065.0
2552.0,2473.0,4984.0
2720.0,2348.0,4796.0
2467.0,2557.0,4991.0
2535.0,2416.0,5156.0
2317.0,2380.0,5345.0
2204.0,2508.0,5365.0
2466.0,2368.0,5166.0
2464.0,2402.0,5047.0
2731.0,2512.0,4881.0
2565.0,2339.0,5097.0
2483.0,2550.0,4997.0
2423.0,2555.0,5104.0
2442.0,2448.0,5096.0
2433.0,2478.0,5110.0
2446.0,2454.0,5126.0
2459.0,2534.0,5030.0
2335.0,2565.0,5145.0
2422.0,2363.0,5254.0
2373.0,2444.0,5032.0
2695.0,2525.0,4876.0
2449.0,2526.0,5024.0
2822.0,2471.0,4874.0
2469.0,2576.0,5030.0
2497.0,2369.0,5030.0
2445.0,2475.0,4999.0
2422.0,2534.0,5053.0
2405.0,2501.0,5037.0
2426.0,2411.0,5057.0
2496.0,2486.0,5047.0
2457.0,2495.0,5176.0
2432.0,2499.0,5132.0
2388.0,2524.0,5151.0
2587.0,2330.0,4957.0
2484.0,2423.0,5224.0
2611.0,2448.0,4903.0
2324.0,2551.0,5229.0
2453.0,2517.0,5081.0
2414.0,2430.0,5161.0
2569.0,2432.0,4846.0
2521.0,2409.0,4988.0
2629.0,2393.0,5017.0
2449.0,2477.0,5082.0
2435.0,2460.0,5227.0
2428.0,2536.0,5086.0
2394.0,2454.0,5087.0
2553.0,2513.0,5026.0
2577.0,2491.0,4978.0
2404.0,2531.0,5172.0
2393.0,2459.0,5228.0
2406.0,2573.0,5091.0
2397.0,2515.0,5053.0
2435.0,2473.0,5125.0
2441.0,2503.0,5072.0
2407.0,2567.0,5010.0
2315.0,2470.0,5339.0
2530.0,2542.0,5086.0
2265.0,2459.0,5155.0
2248.0,2577.0,5340.0
2467.0,2440.0,5031.0
2450.0,2417.0,5072.0
2478.0,2539.0,5049.0
2457.0,2431.0,5004.0
2391.0,2572.0,5046.0
2432.0,2467.0,5120.0
2424.0,2553.0,5123.0
2578.0,2435.0,4911.0
2498.0,2433.0,5144.0
2484.0,2546.0,4988.0
2393.0,2542.0,5072.0
2447.0,2395.0,5077.0
2646.0,2434.0,4797.0
2461.0,2532.0,5040.0
2381.0,2516.0,5059.0
2444.0,2471.0,5098.0
2567.0,2453.0,5006.0
2428.0,2563.0,5144.0
2520.0,2459.0,5163.0
2444.0,2353.0,4993.0
2444.0,2481.0,5086.0
2476.0,2464.0,5076.0
2608.0,2282.0,4949.0
2404.0,2570.0,4978.0
2458.0,2556.0,5061.0
2388.0,2467.0,5144.0
2453.0,2399.0,5094.0
2338.0,2399.0,5090.0
2539.0,2359.0,4944.0
2500.0,2443.0,5103.0
2478.0,2488.0,5074.0
2364.0,2417.0,5125.0
2466.0,2559.0,5125.0
2672.0,2500.0,4877.0
2255.0,2545.0,5293.0
2480.0,2442.0,5053.0
2481.0,2441.0,5046.0
2437.0,2442.0,4987.0
2517.0,2321.0,5108.0
2411.0,2467.0,5128.0
2689.0,2350.0,4877.0
2422.0,2608.0,5204.0
2562.0,2523.0,5084.0
2420.0,2429.0,4971.0
2439.0,2485.0,5146.0
2516.0,2378.0,5167.0
2434.0,2516.0,5111.0
2493.0,2501.0,5074.0
2425.0,2475.0,4961.0
2367.0,2595.0,5104.0
2382.0,2568.0,5133.0
2388.0,2467.0,5088.0
2696.0,2288.0,4814.0
2408.0,2467.0,5102.0
2465.0,2537.0,5066.0
2529.0,2380.0,4930.0
2448.0,2525.0,5156.0
2413.0,2456.0,5228.0
2457.0,2414.0,5108.0
2415.0,2240.0,5143.0
2510.0,2544.0,5049.0
2472.0,2553.0,5122.0
2514.0,2527.0,5096.0
2448.0,2371.0,5031.0
2452.0,2508.0,5026.0
2466.0,2480.0,5050.0
2438.0,2526.0,5095.0
2348.0,2427.0,5273.0
2417.0,2384.0,5060.0
2450.0,2520.0,5012.0
2281.0,2524.0,5345.0
2414.0,2481.0,5038.0
2263.0,2591.0,5269.0
2481.0,2385.0,5188.0
2487.0,2506.0,5107.0
2346.0,2456.0,5217.0
2342.0,2536.0,5150.0
2469.0,2453.0,5132.0
2402.0,2547.0,5000.0
2414.0,2491.0,5074.0
2564.0,2632.0,4882.0
2260.0,2521.0,5189.0
2443.0,2437.0,5147.0
2451.0,2469.0,5164.0
2371.0,2517.0,5130.0
2217.0,2476.0,5244.0
2444.0,2502.0,5061.0
2531.0,2395.0,4943.0
2340.0,2418.0,5019.0
2670.0,2436.0,4915.0
2546.0,2498.0,4911.0
2402.0,2433.0,5252.0
2504.0,2401.0,4977.0
2452.0,2475.0,5094.0
2494.0,2483.0,5165.0
2645.0,2433.0,4778.0
2460.0,2494.0,4988.0
2459.0,2497.0,5007.0
2490.0,2413.0,5083.0
2471.0,2478.0,5026.0
2327.0,2534.0,5203.0
2558.0,2455.0,4897.0
2630.0,2589.0,5084.0
2447.0,2459.0,5126.0
2557.0,2438.0,5035.0
2478.0,2503.0,5104.0
2313.0,2416.0,5266.0
2397.0,2535.0,5015.0
2402.0,2412.0,5075.0
2659.0,2514.0,4931.0
2456.0,2492.0,4937.0
2502.0,2438.0,5077.0
2475.0,2612.0,5065.0
2415.0,2456.0,5115.0
2417.0,2525.0,5112.0
2594.0,2450.0,4867.0
2439.0,2411.0,5119.0
2516.0,2528.0,5084.0
2455.0,2458.0,5068.0
2487.0,2450.0,5232.0
2671.0,2529.0,4944.0
2336.0,2479.0,5041.0
2497.0,2385.0,5072.0
2415.0,2359.0,5175.0
2459.0,2478.0,5035.0
2188.0,2486.0,5268.0
2485.0,2433.0,5015.0
2444.0,2532.0,5065.0
2236.0,2366.0,5352.0
2490.0,2495.0,5004.0
2548.0,2447.0,4921.0
2423.0,2458.0,5185.0
2902.0,2354.0,4754.0
2486.0,2441.0,5074.0
2454.0,2467.0,5075.0
2444.0,2511.0,5053.0
2384.0,2555.0,5147.0
2405.0,2444.0,5244.0
2438.0,2476.0,5114.0
2470.0,2521.0,4987.0
2207.0,2379.0,5278.0
2525.0,2371.0,4963.0
2513.0,2343.0,5187.0
2356.0,2526.0,5286.0
2435.0,2430.0,5091.0
2435.0,2383.0,5111.0
2489.0,2500.0,5062.0
2468.0,2527.0,4935.0
2339.0,2364.0,5089.0
2451.0,2483.0,5081.0
2649.0,2498.0,4944.0
2462.0,2458.0,5072.0
2210.0,2421.0,5247.0
2489.0,2453.0,5039.0
2546.0,2459.0,5032.0
2588.0,2395.0,4797.0
2556.0,2434.0,5098.0
2416.0,2473.0,5100.0
2479.0,2572.0,5072.0
2654.0,2433.0,4878.0
2575.0,2509.0,5055.0
2506.0,2458.0,4995.0
2495.0,2435.0,5068.0
2502.0,2464.0,5084.0
2515.0,2443.0,4890.0
2408.0,2446.0,5018.0
2498.0,2450.0,4944.0
2394.0,2445.0,5088.0
2421.0,2468.0,5080.0
2472.0,2370.0,5124.0
2446.0,2398.0,5050.0
2452.0,2523.0,5082.0
2427.0,2486.0,5092.0
2490.0,2403.0,5024.0
2369.0,2442.0,5114.0
2427.0,2570.0,5129.0
2679.0,2325.0,4930.0
2501.0,2414.0,5088.0
2533.0,2539.0,5030.0
2430.0,2443.0,5207.0
2529.0,2325.0,5015.0
2374.0,2477.0,5099.0
2375.0,2462.0,5084.0
2389.0,2330.0,4986.0
2415.0,2486.0,5061.0
2346.0,2500.0,5177.0
2543.0,2367.0,5097.0
2586.0,2560.0,4918.0
2462.0,2420.0,5076.0
2425.0,2442.0,5176.0
2403.0,2415.0,5037.0
2563.0,2421.0,5033.0
2431.0,2402.0,5067.0
2559.0,2419.0,5037.0
2413.0,2468.0,5079.0
2411.0,2407.0,5055.0
2429.0,2460.0,5138.0
2175.0,2517.0,5432.0
2588.0,2391.0,5043.0
2643.0,2441.0,4810.0
2400.0,2441.0,5094.0
2738.0,2549.0,4867.0
2523.0,2411.0,5043.0
2497.0,2429.0,5112.0
2973.0,2482.0,4735.0
2466.0,2471.0,5090.0
2466.0,2570.0,5072.0
2461.0,2464.0,5030.0
2495.0,2462.0,5058.0
2311.0,2548.0,5161.0
2381.0,2434.0,5121.0
2494.0,2445.0,5056.0
2523.0,2478.0,4912.0
2539.0,2467.0,4899.0
2552.0,2551.0,5142.0
2313.0,2544.0,5095.0
2541.0,2363.0,5101.0
2523.0,2369.0,5008.0
2501.0,2412.0,5073.0
2450.0,2312.0,5022.0
2507.0,2491.0,5057.0
2529.0,2580.0,4957.0
2475.0,2473.0,4980.0
2456.0,2495.0,5114.0
2435.0,2465.0,5044.0
2530.0,2393.0,5218.0
2625.0,2381.0,4973.0
2897.0,2484.0,4829.0
2432.0,2523.0,4947.0
2641.0,2523.0,4966.0
2471.0,2410.0,5079.0
2263.0,2386.0,5311.0
2408.0,2477.0,5043.0
2351.0,2560.0,5218.0
2525.0,2500.0,5148.0
2617.0,2400.0,5079.0
2513.0,2437.0,5061.0
2353.0,2460.0,5121.0
2457.0,2455.0,5017.0
2494.0,2441.0,5157.0
2491.0,2463.0,5089.0
2452.0,2458.0,5119.0
2076.0,2558.0,5374.0
2415.0,2413.0,5087.0
2401.0,2524.0,5061.0
2468.0,2459.0,5056.0
2515.0,2468.0,5099.0
2432.0,2378.0,5140.0
2637.0,2541.0,4897.0
2315.0,2552.0,5169.0
2488.0,2393.0,5023.0
2376.0,2472.0,5072.0
2394.0,2502.0,5034.0
2464.0,2478.0,5082.0
2488.0,2304.0,5035.0
2422.0,2435.0,5027.0
2588.0,2400.0,4909.0
2479.0,2466.0,5113.0
2421.0,2450.0,5056.0
2492.0,2343.0,5055.0
2441.0,2397.0,5147.0
2469.0,2461.0,5078.0
2388.0,2459.0,5256.0
2144.0,2569.0,5328.0
2657.0,2441.0,5016.0
2448.0,2410.0,5028.0
2555.0,2429.0,5049.0
2600.0,2576.0,5017.0
2410.0,2402.0,5046.0
2336.0,2464.0,5212.0
2438.0,2453.0,5115.0
2396.0,2461.0,5086.0
2495.0,2508.0,5156.0
2676.0,2427.0,4720.0
2468.0,2423.0,5060.0
2284.0,2546.0,5175.0
2453.0,2384.0,5168.0
2420.0,2401.0,5181.0
2444.0,2493.0,5048.0
2577.0,2329.0,5029.0
2256.0,2435.0,5308.0
2428.0,2539.0,5166.0
2605.0,2394.0,4965.0
2657.0,2447.0,4746.0
2424.0,2453.0,5023.0
2491.0,2465.0,5129.0
2795.0,2273.0,4823.0
2434.0,2390.0,5124.0
2496.0,2446.0,5183.0
2636.0,2327.0,4992.0
2421.0,2484.0,5083.0
2442.0,2404.0,4992.0
2628.0,2374.0,5066.0
2464.0,2475.0,5182.0
2547.0,2409.0,4892.0
2286.0,2560.0,5205.0
2403.0,2549.0,5134.0
2254.0,2519.0,5319.0
2585.0,2449.0,5026.0
2518.0,2450.0,5001.0
2093.0,2529.0,5306.0
2395.0,2508.0,5062.0
2098.0,2600.0,5339.0
2363.0,2606.0,5078.0
2366.0,2348.0,5191.0
2473.0,2441.0,5055.0
2669.0,2358.0,4923.0
2547.0,2448.0,5043.0
2404.0,2450.0,5148.0
2435.0,2464.0,5045.0
2518.0,2403.0,4986.0
2561.0,2374.0,4977.0
2542.0,2476.0,5056.0
2370.0,2315.0,5183.0
2405.0,2534.0,4996.0
2502.0,2458.0,5091.0
2425.0,2487.0,5066.0
2425.0,2541.0,5074.0
2462.0,2482.0,4953.0
2476.0,2443.0,5009.0
2489.0,2347.0,5138.0
2534.0,2520.0,5168.0
2503.0,2468.0,5151.0
2405.0,2494.0,5056.0
2513.0,2366.0,5048.0
2543.0,2472.0,4989.0
2502.0,2546.0,5067.0
2524.0,2484.0,4958.0
2470.0,2465.0,5041.0
2523.0,2357.0,5091.0
2375.0,2449.0,5130.0
2181.0,2395.0,5364.0
2491.0,2410.0,5107.0
2625.0,2434.0,4964.0
2553.0,2356.0,5137.0
2511.0,2496.0,5128.0
2575.0,2468.0,4900.0
2484.0,2404.0,5136.0
2391.0,2501.0,5073.0
2412.0,2505.0,5130.0
2417.0,2465.0,5070.0
2453.0,2440.0,5177.0
2386.0,2591.0,5089.0
2511.0,2578.0,5047.0
2313.0,2492.0,5101.0
2553.0,2422.0,4946.0
2483.0,2529.0,5015.0
2468.0,2463.0,5054.0
2449.0,2487.0,5098.0
2347.0,2541.0,5093.0
2429.0,2515.0,4952.0
2423.0,2427.0,5104.0
2565.0,2447.0,5046.0
2454.0,2452.0,5065.0
