19.4749005846
48452.6079944
76477.7112667
58.0886399297
37375.8545953
3414.03293325
50327.2307555
15089.5437038
114967.422916
30771.255407
65765.7198031
15156.1883423
105045.392978
5109.91846723
13660.2922571
2771.92676745
21930.3948178
44513.3985808
12404.2766843
170748.683617
25375.4169495
13.566538127
53949.9987065
3.04217491751
7261.46342468
166410.205654
68712.2601852
19784.9229291
2.14981807424
236889.707692
24831.1988938
11.973304394
12663.3757671
814.113556192
81300.0066012
25699.8839766
44709.9749607
123072.713563
99103.1773066
15983.1202656
25204.1653429
30450.0626381
34140.3109646
111282.253468
46322.8973406
22.693619709
76552.4115895
53539.6553093
10575.4154951
29466.0924133
13936.4981456
53131.2394832
256.998028243
161788.019102
30006.0231588
4495.49051078
61466.4223265
93747.1031121
33943.6260932
27785.7497472
92064.4719673
30051.2316228
119758.584047
2095.97947361
127672.371599
94869.3390507
119866.595828
2271.65015175
32814.689601
17527.5322791
13011.1297184
18284.7171623
25.5478470571
30699.1878615
26269.069305
62.1273468006
61.3292520855
7.4822341966
263348.552047
116021.576544
1219.67399315
30128.6296699
20744.696795
54.2173676555
0.365310681755
1298.97874913
40709.432358
94985.9351404
16543.3063984
117229.496482
9040.41393973
76917.4138206
106.798575834
121778.775778
152237.985655
106.815822828
31204.6211771
101.091849819
65050.5610584
3.19946566408
120080.499576
3.99809689103
40650.7736629
31982.017003
22504.8031661
29503.1850476
23.4547678038
72958.7699414
94103.2305157
138.750067565
45984.0135557
24923.6499124
65957.2605927
12041.945191
12806.567425
99233.5315703
0.208455332336
64920.9381348
46686.4001806
85759.2219583
19.3659655607
55.1562972407
48610.2514681
106091.536749
20145.0916838
12900.7379399
21696.1093872
79687.4237071
30554.9533999
167945.163243
3824.11025908
14962.8100605
25274.0701343
70551.7761073
55969.5906994
29623.3833044
15654.188513
76031.2394884
29642.4246236
45147.2206053
4581.25028731
62632.6908479
23822.8174123
115318.96855
18373.8032257
19568.4050989
39137.6119333
24.5919675759
73647.1157897
104166.115824
105434.320214
20551.1102186
44528.8800036
43736.8338926
6976.65874959
79651.9701722
34893.7427225
34204.1666757
89.9990897023
21620.5156323
44446.4832933
13842.6516317
196589.923381
34741.5565099
97.2575213747
12200.4822862
3479.48648075
16293.5879731
114496.495375
7420.25981252
21272.6301928
7238.29120306
43491.1782127
18504.033881
144204.805616
18333.9500418
5553.36881556
46162.2729499
7.84841607023
12.4465964986
18012.6679315
60334.204655
195434.09334
65910.8429216
46170.7790197
7191.11753624
35088.6752611
49689.0870748
21946.2576249
245875.051771
16163.4736455
12684.1374824
12.2312197507
23028.8305959
87624.0456921
114859.241983
30228.2939671
2605.18418125
33446.495197
30801.4660419
38514.5362902
8108.00605694
3389.63730667
14.3542261715
121041.676773
216061.164672
42663.1435541
104886.573773
59600.7127106
303514.852204
8.55270976712
200170.629647
64.6450238354
7413.02508965
117.933203136
0.584665630344
62389.2711614
50776.1444002
15318.5938305
123549.316441
32.3922604743
27.6714756621
31.6501371656
147163.787025
25502.5775966
76903.3821788
136882.794759
3388.37982174
49582.4942995
30297.5401998
48235.3418053
95196.6423167
47893.099886
17.2766137663
41673.8114963
73927.1007211
2497.51941827
165988.434748
45547.424442
43031.6648068
21450.0877305
22794.5661155
35189.4935785
611.09149525
41368.5620988
2881.36011263
28.4652519765
62796.6081702
53832.5604482
10116.0322944
205843.368168
2603.73739334
75256.7219208
3274.16841621
89334.2312116
121165.529072
5488.56832272
544.244006805
119500.434561
12210.4372852
1.84389260315
75118.8413669
314079.441301
67649.9190317
67667.549405
53828.5672947
11.9255263761
24.7668661301
87277.7616898
19459.756323
32697.4885175
43640.1843889
1544.37096946
70655.636559
22.3411570323
6785.53210205
1262.91490922
1.80860646819
184.537963886
2.4836594122
1786.12986444
3.56050832526
63383.4515001
2293.11603792
23432.6163852
113866.267987
27425.7504276
50273.8846112
4926.13217951
30373.6795896
42.6322079392
42469.4166567
44401.4815909
11634.8966723
66167.9101915
48154.465411
3780.84774732
19856.4912037
79294.3483273
92697.3995154
801.291674998
30853.0909602
95640.7540918
28948.8277659
66.9755626824
115748.629252
149824.898518
49267.0443939
39909.3020858
1.14340912303
52949.8552932
51146.9733308
60288.4558168
18138.6522683
8840.11010735
32.9366468326
65817.6816061
116990.8875
26279.3885527
93224.8544566
44917.0592389
24631.9043642
135580.755871
7678.45487868
30107.473148
3080.54901181
6803.16737422
3217.27543581
5.04088688614
58004.4163242
123710.120164
80426.1594208
26564.9119385
19339.2256155
23551.2502243
7796.61522152
29055.4894878
6505.54339532
7278.7700146
37864.2970607
101089.502718
60079.2426953
18878.5215471
54172.5881698
36907.6671105
24155.6062353
44.5838698327
8966.98410779
27690.4691802
56162.4714735
59108.9260983
33532.2740967
136486.971851
87538.4709714
57856.3277332
12640.7430444
133.560676408
885.654553042
2.05757394317
1096.44490479
75085.6986507
176609.226157
71405.626365
23585.2306185
14282.865644
141.609457505
56275.2912586
72081.7761043
28133.2389491
77088.7230472
112288.261005
100374.388356
102823.830348
47557.7049711
19331.5004631
10529.5236775
18826.8373982
7790.08529556
22652.8923322
7.57061624244
1436.49525841
132287.275337
66.2086606083
5695.4266469
17879.1246184
79644.0239603
35197.9296111
48722.7079894
66.0520912274
14882.6435993
20340.3614793
1225.29184566
50264.6471946
10925.9957247
1536.91110615
3517.26691801
30353.2070917
23.3674949131
65130.0088579
75659.1888574
10706.2990249
109149.206462
61096.6442126
3763.01386677
13.6078988933
29960.2859791
23570.5519573
22556.1469958
233105.45054
7082.595548
39588.4530557
5.3755570199
1650.5504276
102200.348101
22314.0337919
114910.129638
20930.1815275
379625.012705
65899.1027506
53799.9973815
17875.8492735
53843.8419571
79339.3446405
109265.181603
17043.4414823
19167.6782366
175443.925708
45871.5195868
75282.9289832
107653.768064
29.0374419286
27120.1985117
248.613985827
108167.679754
59480.2758473
114266.545559
41027.6644539
9479.00956599
10.6985076212
42314.8297488
108428.959741
24526.5157009
81600.4725865
14652.9271105
41057.6797821
24046.7278586
67039.9507156
25573.319492
45.07943747
244386.44979
30.3424406884
30085.9565734
44771.699997
3.57853114236
66906.7154462
95706.5206263
71848.3443529
34040.0194173
35.9557579145
29961.0305593
39100.1334115
143061.132027
125031.779127
20411.6372572
33455.5361662
44876.9315866
43253.5130182
15449.7864085
90371.6957954
1146.03596428
80490.629097
150.844103893
100099.870243
20756.0789589
3533.41542518
0.0351581700169
12.1084813368
50.0720927096
165.493559434
19.609473844
12377.7310533
90286.118275
45072.5016081
2.71612186906
5.17224112494
58578.0596616
31990.2018191
47406.4609464
101860.930456
61637.7440999
8662.63279622
1.84179457138
26089.9356462
134869.907752
47141.5061072
146694.319641
2.46887134392
56949.4072739
38708.8585233
48.3042273395
60369.8303487
45.325222167
39691.2253261
39.2236038051
100.312419437
203.029409209
51.9002664726
95428.9805659
5616.10872524
9132.80714522
15443.0876823
75158.1880049
226355.506326
162738.292287
34518.5791077
24035.8063443
54087.076472
71157.7631622
82.034682296
53910.0579264
75370.0107261
35.1034094351
12.1610087516
885.090292705
69753.5446763
27.7584419283
152436.706308
65492.2834617
107451.798598
90192.7315896
4053.92475167
156389.623811
1.68761906764
8.16901007744
24065.1803082
73691.2605758
102405.083439
43097.8991899
181409.955211
16.6636770311
163226.320656
13360.3047789
24833.3315662
56.3664238818
33029.2381812
48474.3627593
122498.25442
11526.3913394
158745.453491
13510.5023054
1127.73394485
6.50536306005
34631.6474223
34949.1709498
33215.4652046
105278.720905
16754.6699131
176761.634443
30985.4947249
51575.479121
46594.1325407
85590.1457037
52249.0377821
162224.621554
90463.8638993
101167.077219
13089.1011929
48356.0238208
65727.0073855
142005.454295
24.04891617
29135.162337
33.6387238533
55881.2833985
7170.98231054
34133.3268914
74.1782748432
147612.055565
11098.5044996
89433.8364021
24340.2808012
33648.6108902
19890.0712316
32599.8165652
29218.5144562
89881.6465063
6450.26543246
51300.7027968
20139.8339361
155792.998062
53382.5335062
109394.27578
144318.699949
52188.4000972
33568.4833106
27.0829236717
67.2828088994
98731.8450255
11039.9197587
46459.9997363
48605.8439768
35785.3262783
60.2215807694
101554.657965
130291.032205
141437.613273
159994.091848
121659.453164
32818.7890198
24630.0923994
40569.1806832
19405.9495245
852.517023289
17084.7766169
56017.8327633
28624.6503618
38735.9540233
68654.6248443
22.4967827509
87716.6799865
171432.952369
17067.0384454
38516.3808521
24474.2206153
614.382912216
9041.41477112
46077.4604409
19258.3051045
61010.4819435
41814.4528234
121736.453251
25539.6491992
5489.98539941
130554.778041
9342.25812349
6423.52112686
25128.4319394
52412.0756954
82.9100219039
5497.25375462
3734.94102604
45279.6035207
34212.3298591
55.4529695284
7.4367988288
19.064633207
40886.9611216
37216.2671532
2404.36446539
3821.12346373
54171.6052798
69.3100373035
40.5369033056
15345.9117874
5022.53328616
3.8918216802
143950.400616
50012.382215
28937.454303
60.9559787972
138607.724715
35516.3713353
49008.2027877
54405.74102
1039.54718588
94701.2131319
99178.3784007
60.5978724955
18.0428447504
6217.11501974
67883.0052249
8711.98579731
107954.356714
11058.7459003
87029.8640458
52451.5245367
130470.825053
53270.0306582
29327.4816026
2192.85383537
14963.4855419
48044.4132483
15.9340162919
17353.375097
202.836078384
140935.571703
142413.85402
9.36651137829
8.35882330222
75334.6078218
162562.332479
42.2001845986
37383.0824675
40988.310704
56.6052372484
1.76451332794
19456.8537917
54237.5194482
50007.858519
18252.0946973
39795.3494065
7670.87459228
4976.42426904
3993.93579493
9155.38767903
3720.73129037
37773.2370326
24324.004034
55113.1447387
13.2629410755
119052.323611
34843.4804996
7313.1445272
49551.2104872
2.2111371696
34310.4583723
8.10294874584
4313.75767612
63.8708095163
24742.2034937
12269.5339195
9216.16021101
19.6931727574
147121.020737
59099.5374167
19253.3146396
31233.1200322
145962.031805
8316.45647136
17319.6970905
161512.843825
12607.046275
35627.2967782
32642.3656022
11208.9646464
58509.3098333
7402.82400136
209658.284386
111881.453822
81480.7118237
37931.1512857
119731.102766
35.8764474879
29540.6333088
25898.0954976
42805.2679807
22272.3404787
58706.279187
63441.5604336
17176.7598914
150287.996421
23466.7850205
8917.76850279
18180.3561989
265999.209478
21980.1100219
84488.2454702
26965.2711028
2452.20164631
21995.7400406
53091.4254498
22459.7661828
183807.994583
15704.5811144
4515.81028241
3979.04202524
47132.6043873
9732.11013856
48048.2717296
52694.9190536
134855.576607
60416.4600799
201753.240845
18597.1724579
19225.9908721
38415.7139825
73241.9076146
43494.9531814
241.210401431
47237.6607763
39285.9631062
3710.71733804
2.13085149669
35037.7364539
53342.1591458
38943.7463475
46702.0215747
10709.6621117
75861.1167063
113.077358577
97228.4161346
60005.924185
251172.854088
51361.4083292
154.058944156
4594.73641778
53056.3863147
1534.13297711
19.1990681115
16241.9647458
5663.84627386
67953.8061852
23080.5919974
528.638472047
37.1456892609
3983.57064756
125979.805904
14503.9772933
10620.1743073
39131.0036541
28714.5630948
21375.0127136
80998.0146103
8422.87280401
48631.3993114
25479.4355837
18713.914317
9488.6690821
6.24534280649
13147.0372286
121127.615283
34.2748353122
4.73810318189
13158.4935731
35.5164806163
7057.38121489
6997.74056887
91399.4546367
2374.89523483
178.224706349
151.40372625
8290.76353588
129851.721582
15301.7802863
24605.5223951
125303.288824
94315.1867343
52090.8920768
1.99280686397
14245.325135
35157.7293341
11370.6941175
117949.548921
200.911396105
1854.03276454
2.02828314442
74880.3903981
82749.4554648
19863.1841618
14.4351396323
30.3496902199
13211.8972652
24739.8554989
5701.84811319
25.1857227214
5112.0869716
35300.9174447
7398.83818834
113726.412069
8271.21045716
49.1106228174
43594.8370357
124291.824224
24906.7730931
15589.4003778
15472.5195707
64755.8390575
2318.76982984
14.0926595781
110430.800814
8809.63668305
17004.2678303
191778.646714
117179.612028
191547.621356
233129.701721
5.09091090776
68.1358405535
56.241445748
5124.79723465
54138.4218064
63784.2093512
14163.627229
145113.109705
43860.9804233
137847.957142
59.6479690437
99599.8420164
32339.9621652
40161.3922558
8.79988688227
28.2596414416
55158.1076267
0.339402526364
45.2380915725
15.3546162228
36.7239396649
4429.50562276
31.0173772097
178345.910627
12.4822160903
82965.122726
1632.42947568
21.5824969278
59109.9441481
3546.01445979
221897.209689
26136.4291442
18652.2243772
44637.9921746
67781.2732794
40355.738473
121306.964973
19284.6176137
62222.0747651
18779.3739794
156213.468389
78969.872104
1672.64211866
56841.969295
17457.805305
9031.8720281
18.8920710972
46588.1032841
8.71679896606
76723.1198791
32070.8057242
41049.2120264
62701.8712526
12141.3820721
4466.73971558
4.27827520601
1593.02401126
4.79161884504
67885.6270191
69289.2715104
26.4018869432
18371.8616745
70547.2722912
54325.9158865
452.09621047
118504.655714
49256.4221783
129944.939058
17.301918797
67710.0332354
46198.647098
145580.636979
194413.157486
116509.637148
28106.3783395
39299.2977663
79457.7597477
73435.5979193
35616.8471935
248651.25843
82.611637603
16.4844395331
11149.252107
221185.695916
43706.6872471
54290.3461353
56102.6912417
1.27459559923
8.43165760486
20465.0562925
223821.001753
58468.059089
283512.575944
29959.0908323
23324.4293635
15270.6278287
89400.7438613
5083.85602399
17.3412318312
81713.6876666
11184.8002644
41732.8808901
92608.4355348
209763.26965
74865.4878663
21380.7872069
8672.65980257
44651.8397854
15043.4352315
6.44242602843
25.3109679506
34180.07182
10997.5141525
38758.4232234
2684.56395829
7277.26568695
17904.5112425
31910.1252898
54460.0724673
86818.314658
30530.4990407
43403.2528755
63694.346032
125797.373336
49171.3556175
129499.672358
27659.8308986
75523.8418992
4206.35979061
36458.2048856
50789.7386002
40682.1354222
87972.2242626
50292.8958338
36874.4429237
111973.578994
20.8431234351
26902.0986735
56358.9714311
1.84837079877
26598.8625037
5.32000074875
44.2038475494
6785.59453603
860.555451437
40626.0221004
105171.197593
2.17489566798
228244.750866
83857.8063307
89157.42712
79445.7086382
30550.3172057
121.745120452
66705.92909
34110.4307109
17010.7087261
163253.5385
183.622894631
15.6197816341
8313.78559488
1.22369543605
24.173788865
2.70995540231
6461.50677267
6479.21993372
12898.2419139
32851.4081618
19544.3294975
60582.9564767
54052.1668376
21.1513336109
2540.99602938
79480.5878507
33839.7150029
15949.1668777
104640.1722
113603.077602
19.7187918193
157780.925163
