69357.86532462145
39024.88706171879
40669.456001656785
14249.756328583198
14002.500797684506
35867.16303836601
3722.652779744094
26943.678126975046
18396.97591135862
12343.451296280491
34199.054771374365
48958.479841357934
9157.499936405866
6321.452304774931
29903.693807467364
25969.648772751094
11133.023993173954
39911.18128482783
4928.928696476547
17113.286089597306
12894.575077838144
46214.4035280401
3978.369748424066
8986.867609734963
7035.298007822198
30291.3025283758
2205.7331599761515
21747.07416336429
4047.9590888425573
62048.3303519199
55825.312319506644
8424.457291746641
3404.8642089600175
11655.056360638777
41799.70604809898
14961.325864138364
12025.690675575112
34052.07695158047
19964.232438051557
1238.3063792966511
4668.422410710512
74238.75641199716
5886.899178130487
1252.8799672999357
26280.12687521092
2646.9953662241246
16383.853668411806
12681.524570154405
27462.894910201016
56146.53800049399
29287.764289565926
5999.151789583312
43123.468577680476
35646.41803716599
19755.50579170486
5052.903334674255
25099.951531285256
108335.43768348667
3866.867910561395
18775.45494106465
19356.851528543262
4451.6319019957045
7769.931632948887
8360.48615539186
78445.3547646526
28126.44286641752
34367.224962856766
24780.085145363348
21295.56122478541
48695.910099867586
12120.86276894251
8802.532490487582
