1.3539200571204775
31.843396529219067
21.869859328481873
28.735921688035944
2.1287574492160917
39.5959762169918
10.54896668833827
27.116188431037834
31.177516579484177
16.10326531612259
15.927487925723813
18.246890930507615
12.585299389355887
6.50812018467563
23.944468336428624
38.265155945713424
10.26604844637288
33.88350459478815
9.075475143668688
139.41353729308403
27.338111103619003
22.78473395085394
78.52806059544136
6.3465425984945485
8.148708469829835
116.0478694098124
0.33942881221803256
2.273868966252262
27.700323103395824
7.836598200963791
45.27274525432091
11.677265476804592
25.30734390625724
13.10006713931579
136.85333030439355
164.40105019562887
23.617559859097803
0.3906414805593957
21.06410682999167
2.1386789725883295
29.59355621175496
66.51398615771879
25.83658829934703
3.340748474369648
49.51452316957234
4.9919242525210175
5.1079694445041595
24.738506421794835
110.9275297553155
5.924983939589744
11.773102304850898
2.460384972796215
34.296659573416306
38.39967217020775
9.81939858870294
10.060795472971673
20.583301720564503
0.176189768055038
21.096899208287482
12.444260283061414
4.425449737694122
67.6185621796819
67.72957178029661
12.339863143365848
2.66856914579274
22.621284390723574
12.56620401348617
16.192760898227487
23.19661163875747
6.011350036097407
9.033666567203111
124.04554075451631
