46864.463206610526
17583.948383989158
109880.8300065815
33825.94407136596
53721.135072670935
10899.003003860462
6358.431384243501
67877.24504793945
29802.091924199067
24304.827997468965
83610.31485004752
8561.60589642104
1532.5700544467743
6684.067387998261
106572.421390805
8905.518542034913
36510.99574329
22265.352920460493
36183.77401026447
57177.481129005646
27852.48070879545
26737.75612994594
4389.255934677764
55163.54777850617
34218.1350044467
13757.52409921518
53568.31399536984
1627.6572866065121
101583.56714048209
14696.11319468581
32096.30660948432
21984.04440308233
3002.637677834493
11939.286242856335
5181.408776761127
32386.24905621052
3605.1838144428816
49661.77994804669
2737.172185444676
3140.9272790574437
14874.690270496998
25823.672380771553
14150.151563755431
15638.767349399704
106302.33721849274
86342.4481877502
67556.11155834913
63600.24337259826
20198.746207564895
3785.5130378933
18439.374112127993
21488.446097523494
967.5995624350508
29940.687619198532
30782.041313678452
68602.60975068051
26656.349978334816
35897.866295028674
28519.60778300804
34595.858371950155
8313.626679223758
81843.96853400604
2322.7395291889325
20552.45266152075
28118.334225259117
17204.333041522154
511.9924594705608
209.01037457125574
64571.72573540859
30747.58595338352
25589.391701448087
15580.350999887882
