33149.61798838322
10044.636505111039
86567.78656858661
84162.17714566118
85900.0771413895
1017.5817928925259
94886.75570643514
7708.048216510533
52.944259090344204
57890.989010171295
433.4098378025764
110252.52374178532
107.87031899858667
90871.2167964999
74335.62966157563
10476.989482516015
49763.80191728891
85490.303793796
16267.780175477788
50918.04294765812
66277.83192774824
18277.84622836742
25073.204656521662
25175.124512477116
391.2508551651657
11784.945891135583
4121.759462883072
2015.6977907947858
106778.93047398906
74901.1742603861
109812.51861661978
35593.668448620636
60049.22917985288
773.9412850325384
93401.77614931416
220.8309649335485
1399.3317520051003
137702.52846261722
20649.310412023555
154177.851822696
71049.20470470862
36382.97029071955
14377.023948275499
30156.480614103893
125279.32693129822
52528.11003153487
188144.99742274103
62988.597330315984
816.3774185016036
61170.842705345065
8077.815243792678
14476.062080143329
199767.05311531495
6166.460509009131
901.0460200936059
71962.35419549081
50282.588422291265
23337.907669238717
10406.68813159395
69318.58248336824
3119.281600418333
169428.19226431166
34489.85592769474
37124.93308680765
31963.60353248182
150157.77192784997
141532.85669592116
46069.191951633926
8302.116293290084
85647.51509216643
47665.58238987525
2347.455593514753
