3.1690397496346794
5.8900354263272865
6.70001215014091
11.186139680802972
0.2705293982752124
3.5061965482887336
0.47699455780161965
3.375495725861865
18.983686679408713
1.3774322466212234
4.4282242784364225
0.7655064209862452
4.1230075508367285
7.837814172971744
6.148108733251333
2.3339153629255724
0.2748470192073748
2.377105309669085
13.009809774627799
1.7007104072150967
3.0349713516822203
0.6944669976317279
5.103476500060134
10.294305432546361
0.9788316333031128
3.251546775581657
4.236245238903574
0.0626031364753134
4.809072934373701
2.0655476764337695
0.44050525824396625
7.481905825475151
6.760404920706711
11.198936395778034
2.4579171795368406
2.7970940250159093
1.0946802808849971
3.173629175344376
1.0773258591635053
3.4803810146211056
0.021539404788275134
1.9945276810335486
1.4635643236560556
1.562358077507346
1.1466763389866126
3.5179796762994275
20.833996323202385
12.07268035218217
2.296015237224735
3.1867193233168027
3.2143553915323255
2.5854770831138607
7.658730042830248
0.028566572075353118
5.1539859931591305
3.493446212828366
3.4621308694095365
1.4040540424903327
12.19367659105768
6.313926662763684
1.5098155404078186
2.2017198417719674
5.282585491861577
1.8313270090815483
5.308135398087442
2.1867558485592706
2.802800608178235
10.06744220975501
2.8116954587572462
4.15250410156433
0.7622828566919512
3.128524500677389
