182.16215250626973
170.48555552363905
50.06137391832475
187.53342215582396
702.6047898203736
69.0532040390432
475.61955369428733
202.74151220012428
83.84086447429671
32.48026913170256
17.494990650101883
91.55019345290411
215.86564445590722
26.573457592756444
186.0005487418036
147.15772815713794
285.335046403604
396.5811561076805
72.21736882613885
30.801929706809084
190.1826439453231
247.08024832785242
263.38859876043875
79.54317852455995
62.492354557669906
7.584231915563913
149.89587678148587
34.38876698909815
28.913815681584598
151.09695726877612
3.888600451991286
257.3160536119529
163.52875999077645
300.3448595217293
43.00213386577578
31.4869512694536
216.38755120848384
42.5721089967412
55.815569724222456
77.9772673834753
528.885804260056
33.88780467560667
122.38902865003693
115.90373010793829
105.9070706754689
12.866653164554442
131.06986577621097
18.748103504060744
36.44974292692053
94.07797246278734
108.94237813733409
237.18303513691367
36.798975100812214
271.5288973349292
22.398011666991714
197.98934690898213
131.80745699717485
186.13377378598534
510.2814997467642
76.87918578324158
121.325181677867
264.1886144685855
396.5332208048039
149.09984936146637
427.4878925164878
626.0802627013976
91.7437633276983
26.25607743047537
573.5663849180175
43.58346167742059
521.0810992264148
30.925428346949605
141.63943138633238
317.88949824825573
44.92707417787621
261.7163126181422
39.75177707235611
300.21749532047477
72.23512351076255
75.80501036025949
519.496998264811
181.11516592905102
235.910674467702
9.253827651824167
21.566787740683974
476.49890125945916
247.10251069736867
312.21849529238835
118.66142066680351
570.1601815900924
394.1833513811468
50.50413590764946
180.69523481931682
63.09367801660223
397.3434646021417
146.11122810419891
102.76047418510083
27.409798379895374
61.68589353683282
45.20805781393831
2.3845887514169566
104.86125291978641
13.82556416647375
781.2925836492107
133.99913319788655
20.504488747154117
40.741728890595496
391.9789736016163
569.0776697127283
180.3728388785905
148.96674301784117
94.29698807230601
115.7670379028684
264.0439603363912
71.19270586988829
46.03799764774087
565.7777547154174
181.61947250264376
497.8321287306554
192.13566593868424
83.07184653261119
108.56903878493077
106.40044628488852
369.11630955151577
75.78959215271334
68.5668593652466
89.13906618540427
115.64897928120297
31.268387333685823
551.2903967415301
86.07829009342788
75.62408086135116
68.87927234587914
220.32250802687983
47.66051495191594
90.48917842580231
14.506209681090537
15.86780882258446
159.20223428811653
106.5695798866537
407.76825354972243
231.13491569289437
174.8436014626721
88.3591244721084
126.56346930532791
542.5330007123343
21.63403307553567
20.844420636719747
113.06720548771786
104.01150480379552
189.042703007969
118.67222722552562
22.065995917330202
107.47334343010934
315.3533242836863
239.0674437958046
36.67896458745422
92.83551214875469
35.31746672724438
275.5144340022238
552.3566903660136
138.19789365074234
156.87391466999088
193.62856459421445
24.814052711802653
44.43005035207266
5.491216485934085
658.3112806571049
311.20150243575034
273.25253774540477
161.27403503119962
205.26172074660698
590.2499011320057
61.75026517573305
191.2446207921561
119.31784741641656
426.24859805352776
70.1169328698948
224.23570674547483
24.103705661714603
84.8387107223424
150.27122686116454
44.08281097266462
335.31981676851245
243.80167594116426
206.05481914869333
77.46501936024302
97.15800512622505
1.4850752547263395
186.48441127616715
1.6051419954973842
18.595941415354236
183.02772106479983
33.866050639491334
30.331876613496227
93.15962887790737
349.21506964436577
208.6822658468026
21.23806160594623
297.18619498383896
78.84236552661966
22.581214186311872
128.77279675306414
446.86574399458
84.28366443248663
315.6063571588432
178.0284208246331
290.3939303692602
102.3601243580553
698.3043481330086
70.1978471157684
111.39302998400008
459.8018094876905
36.843899738094045
63.145189750155964
19.611921436841122
312.37401962018464
44.23136706202418
833.0209382075003
58.90336422140918
28.07487671284397
313.14203936667906
128.06969299175177
19.535928470141858
180.37601049283288
539.3938711710192
191.61736612895527
325.98615012383453
430.298143935599
774.070573822017
30.73938861338746
55.98247737321549
10.537510623122953
481.20297204698863
72.19846291983973
647.1442807564171
92.838241861611
87.03519657314185
123.13975020732276
215.5648173859806
