238278.0,41242.0,54.0
238130.0,41657.0,29.0
238772.0,42144.0,97.0
239455.0,41533.0,70.0
238604.0,41881.0,44.0
238635.0,41249.0,98.0
238222.0,41691.0,114.0
237785.0,41789.0,96.0
239095.0,41511.0,87.0
237053.0,42025.0,68.0
237951.0,41349.0,73.0
237563.0,41802.0,89.0
237603.0,42198.0,72.0
237970.0,41698.0,106.0
237815.0,41911.0,38.0
238243.0,41738.0,93.0
238727.0,41604.0,58.0
238078.0,42063.0,42.0
238322.0,42285.0,77.0
238575.0,41745.0,64.0
238095.0,41587.0,61.0
237875.0,41582.0,63.0
239007.0,41960.0,60.0
238939.0,41554.0,130.0
238140.0,41656.0,117.0
239012.0,41873.0,67.0
238475.0,41579.0,43.0
237889.0,41582.0,67.0
238195.0,41751.0,73.0
238472.0,41518.0,75.0
238315.0,41659.0,55.0
238444.0,41521.0,59.0
238225.0,42004.0,48.0
237458.0,41808.0,86.0
238263.0,41549.0,83.0
238896.0,41815.0,99.0
238165.0,41662.0,141.0
237661.0,42402.0,81.0
237361.0,42139.0,123.0
237667.0,41672.0,70.0
238412.0,42082.0,54.0
238525.0,41986.0,48.0
238071.0,42225.0,16.0
238833.0,41547.0,75.0
237740.0,41423.0,77.0
238499.0,41651.0,206.0
238238.0,42392.0,57.0
238430.0,41791.0,58.0
238109.0,41936.0,75.0
239236.0,42002.0,69.0
238817.0,41907.0,48.0
237747.0,41951.0,86.0
238577.0,41832.0,35.0
237884.0,41718.0,49.0
238388.0,42107.0,140.0
237585.0,42250.0,113.0
238068.0,41853.0,52.0
238906.0,41307.0,77.0
238458.0,41821.0,72.0
239014.0,41745.0,58.0
237836.0,41534.0,48.0
238167.0,41746.0,79.0
237645.0,41715.0,85.0
238509.0,41468.0,44.0
237942.0,41452.0,42.0
237641.0,42089.0,114.0
239163.0,41979.0,81.0
238253.0,41658.0,94.0
239213.0,41872.0,38.0
238054.0,41993.0,72.0
237518.0,42569.0,61.0
237789.0,41511.0,28.0
237773.0,42060.0,139.0
238482.0,41466.0,96.0
238146.0,41776.0,38.0
237415.0,41898.0,66.0
238038.0,41807.0,17.0
237044.0,42141.0,70.0
237757.0,41520.0,77.0
237571.0,41603.0,164.0
238182.0,41443.0,158.0
238323.0,41523.0,50.0
237809.0,41683.0,49.0
238100.0,42045.0,63.0
238128.0,41787.0,50.0
238787.0,42007.0,34.0
238512.0,41429.0,123.0
239134.0,41623.0,99.0
237986.0,42346.0,46.0
238507.0,41711.0,38.0
238172.0,42059.0,104.0
237677.0,41400.0,63.0
237550.0,41963.0,47.0
237912.0,41764.0,115.0
238031.0,41869.0,74.0
238221.0,41665.0,128.0
238298.0,41477.0,93.0
237583.0,41816.0,74.0
237660.0,41248.0,72.0
238168.0,41729.0,103.0
238400.0,41735.0,31.0
239156.0,41567.0,76.0
238128.0,41567.0,72.0
238396.0,41737.0,49.0
238720.0,41743.0,123.0
237552.0,41831.0,31.0
238217.0,41225.0,79.0
238039.0,41741.0,78.0
238020.0,41667.0,103.0
238032.0,42117.0,31.0
237752.0,41662.0,38.0
238016.0,41469.0,147.0
239053.0,41571.0,61.0
239215.0,41845.0,61.0
238210.0,42166.0,87.0
238692.0,41980.0,89.0
237957.0,41978.0,54.0
238740.0,41721.0,78.0
237762.0,42030.0,158.0
239078.0,42056.0,53.0
238443.0,41733.0,96.0
238009.0,41700.0,61.0
239199.0,41992.0,49.0
237923.0,41929.0,47.0
238292.0,42105.0,92.0
237854.0,41792.0,79.0
238087.0,41379.0,123.0
237082.0,42191.0,104.0
238070.0,42072.0,173.0
238399.0,41693.0,40.0
238819.0,41683.0,70.0
238495.0,41638.0,43.0
237335.0,41951.0,28.0
238080.0,41863.0,46.0
238441.0,41815.0,48.0
238045.0,42134.0,58.0
237845.0,41537.0,39.0
237685.0,41913.0,51.0
236763.0,41958.0,131.0
238872.0,41813.0,51.0
237821.0,41757.0,116.0
238662.0,41858.0,40.0
238162.0,41790.0,79.0
238615.0,41697.0,42.0
238290.0,41749.0,50.0
238013.0,41711.0,92.0
238097.0,41665.0,80.0
237891.0,41894.0,94.0
237437.0,41758.0,23.0
239208.0,41539.0,42.0
238576.0,41960.0,63.0
238336.0,41712.0,100.0
238711.0,41295.0,91.0
238635.0,41956.0,82.0
238358.0,41564.0,75.0
239599.0,42019.0,27.0
238724.0,41696.0,112.0
238519.0,41518.0,99.0
239477.0,41846.0,46.0
237812.0,41591.0,115.0
237657.0,41822.0,58.0
239334.0,41393.0,73.0
238571.0,41554.0,23.0
238088.0,41978.0,64.0
238081.0,41833.0,80.0
238100.0,42006.0,88.0
237960.0,41814.0,49.0
238404.0,41932.0,28.0
238529.0,41784.0,111.0
238358.0,41531.0,52.0
238331.0,41725.0,134.0
237406.0,41995.0,69.0
237768.0,41609.0,127.0
238254.0,41602.0,33.0
238755.0,41603.0,133.0
237525.0,42028.0,85.0
238780.0,41555.0,29.0
239391.0,41548.0,153.0
238528.0,41596.0,56.0
238745.0,42317.0,76.0
237809.0,41583.0,119.0
238424.0,41351.0,34.0
238821.0,41298.0,49.0
238284.0,41566.0,58.0
238613.0,41873.0,74.0
237990.0,41364.0,73.0
237349.0,42003.0,115.0
238290.0,41802.0,111.0
239125.0,41753.0,54.0
238128.0,41584.0,33.0
237890.0,41749.0,86.0
239662.0,42027.0,52.0
239083.0,41656.0,70.0
238646.0,41880.0,40.0
237621.0,42076.0,56.0
237839.0,41688.0,36.0
239220.0,41703.0,52.0
238759.0,41364.0,81.0
238244.0,41868.0,51.0
238639.0,41980.0,95.0
238402.0,42166.0,59.0
237944.0,41813.0,54.0
238112.0,41839.0,82.0
238665.0,41939.0,81.0
237902.0,41821.0,80.0
238477.0,41939.0,65.0
237786.0,41679.0,157.0
238647.0,41774.0,39.0
238484.0,41858.0,68.0
239169.0,41517.0,178.0
238902.0,41461.0,110.0
238497.0,41800.0,135.0
238672.0,41295.0,110.0
238951.0,41445.0,108.0
239290.0,41891.0,9.0
238959.0,41428.0,84.0
238141.0,41550.0,100.0
239096.0,42308.0,67.0
239235.0,41564.0,82.0
239274.0,41688.0,117.0
238390.0,41693.0,171.0
239446.0,41916.0,48.0
237828.0,41852.0,61.0
237748.0,41847.0,106.0
237851.0,41810.0,101.0
238567.0,41980.0,63.0
238554.0,41769.0,70.0
239196.0,41518.0,72.0
238148.0,41702.0,86.0
239329.0,41621.0,149.0
237693.0,41609.0,43.0
237968.0,42024.0,42.0
238658.0,41630.0,51.0
238370.0,41661.0,82.0
239011.0,41877.0,72.0
238406.0,42037.0,106.0
238712.0,41815.0,68.0
238080.0,41949.0,56.0
238523.0,41545.0,41.0
237723.0,41634.0,185.0
