22.74040896348769
9.30908647215226
3.696864300191711
7.015510282570534
16.822165693186463
4.034278333883541
2.155866228261029
0.1817476861905376
1.3691775550299305
0.3295899588623944
3.5877814461538757
12.913838700401806
10.1432101805585
0.7771944325204752
4.294651156589069
2.420649104269107
20.378519253092296
8.509332472082702
5.725773195639538
43.549696369777166
7.4206823616591135
4.40236117824017
2.72836893554863
16.622969359536647
2.9639047353756327
32.482103120987794
3.9415011408266722
30.596234835527547
10.436991843914564
2.320571581725246
0.45779084990867036
4.946387564321456
9.248843589854692
0.43006563850826107
14.012548759063986
7.8022925718864435
3.3564048869935683
7.70509119447814
11.838617653974168
13.900088015065217
13.801410523489723
4.433332429661236
13.896164236412487
7.580465299558533
1.4936217494392596
18.152486897529403
1.2830947929147973
6.525307708399869
3.587562644656564
15.797293542060462
0.04312468154933823
2.9317613547298422
0.6945889500820343
9.854269123532516
3.1437917264453668
4.377297548867627
14.244476499374002
7.905612920397036
5.473900638115954
9.181063023335831
25.658156693486816
3.210501813151055
22.71949207849631
0.9012747250074549
1.1280740370054019
4.958084463019954
12.604560989719895
0.27491067219146
6.38538193454888
2.4137692824550245
7.695340667714651
2.335949529908609
