123163.46537581176
3400.334735913629
134268.85759983005
95432.55323074199
328153.36249331106
106154.58036181812
202820.83607706323
13844.615574306788
39066.87648399597
277694.66102597455
189138.00488595368
177759.51052281322
140137.85557418215
149201.75765200445
12409.701935987196
32443.463397208758
301578.21739694
122504.82272571806
34914.9537650384
13535.28397916715
190615.66676620507
2326.6739910193337
49161.71764266422
23314.29000959464
72842.05738269334
75349.21533016744
60593.5531028457
227506.6290339792
149286.41349338638
297897.11079394043
79299.65161387199
93273.01174445981
8281.543256754569
112886.39800484426
75452.39080761831
60288.612516112524
62693.10450785427
116812.49257393554
58372.94380035487
105146.26643570619
568081.7486230967
22398.107826018895
226813.068013018
26132.62030469149
277713.8709993462
28827.33767245809
131768.9069118923
52141.36005083702
132963.530429441
81986.77818794972
92465.18517123864
123181.48008938666
626875.4399636773
57971.77286982625
144380.04135905398
262783.6672682767
155058.6779526549
84038.79814130504
56623.94474654818
248933.0097773451
70680.06163143377
7550.385842293774
106871.37868629272
3592.7534616936555
223313.61216386748
139581.8306011503
89261.58575453826
237121.9456989159
14939.185756795043
90471.0815790349
1934.119601498888
105820.17356395622
