117242.0712420359
266308.2947634923
129831.54030220569
232868.46398004264
322508.64958846476
675367.4952713632
1100374.2034657437
19964.244737306213
228096.83634410053
729822.6070087496
220551.71537701692
306126.49024671677
43062.76307316732
164728.21012670803
144019.17049062136
167560.33825066834
278650.8604773157
702851.7697336554
164073.05079468872
482830.1041887629
203849.8421689168
140109.77675757
210344.4397241841
588805.5955038769
246722.8207005104
565057.799205837
33075.299442276424
79890.60964627519
1520302.6061204723
440829.52767395583
382916.45501187834
266269.626609884
171.69651353629436
307681.29879931733
1007754.2781692677
40413.39922850372
7440.05096098515
735024.871104865
134511.80704786652
66739.23747720564
515426.5338944796
510962.78019861947
265026.2416686558
353990.84260915994
25883.03953482302
697683.5634542061
267797.7296649098
213952.58004432992
348298.0464804297
445546.5645717386
183700.1400801793
287791.27719783067
90203.00717363121
316703.072394595
215895.4684757335
171712.1199015574
72081.73494001245
443919.4865203041
193546.23481745124
347410.31172456854
131232.7315076047
80193.94081454571
410822.8195953552
307817.04816582735
108400.96323303667
75767.21633820774
365946.3093395535
25038.505460519104
197092.28460757257
104590.02575099413
26317.25798324772
399939.45780888066
349665.7111474014
441535.97047694324
40812.49440501208
555681.0944870056
314595.9847741118
320065.86333916156
3286.3945803879574
559555.0790074671
147089.7847937297
214241.59599981937
126655.88768589428
432547.90587462415
43809.593552702536
523919.7049105061
1271073.376412844
74394.83901802266
62626.8885350382
229933.51252952364
199828.01603078155
290597.64597806777
647291.9843859986
209098.15017789826
122892.03949728758
31698.240356688508
377133.4923164612
491182.08751065517
673.4750843617055
383353.97566928784
44161.43470179064
418173.30082162557
352357.4668759179
213891.9245520072
662616.0405099503
569560.0667632525
275050.8515581889
1084228.7914849364
111057.0035050883
383865.89416057983
266044.27609535627
258676.87428135975
2235.919492955128
401325.1008152464
101643.19201400639
317381.9600197315
145440.12911723964
103541.85378817709
168510.8006994092
194271.14559994536
162865.99073498626
36798.673150551
66991.80579869759
264530.8372766837
73780.6398859162
109055.98182431955
222658.24126960503
24128.834267798044
70147.91894577483
118249.88199371501
507909.92865738255
570867.674443177
399521.4363821911
20668.68652986532
85733.5734089126
538364.9603287786
105308.47339624904
277192.7323337563
111739.20453191946
28973.70275756847
21193.09357022061
242808.34531475545
1106564.0478372686
77376.96544788226
278605.8608602943
209352.67156436483
318616.40880909434
126015.29250166898
616705.7873421734
418462.85604633036
35889.71664234501
201214.46408368624
34202.82674426839
49702.82155559031
92678.03331508178
59001.314535074416
28010.691262832574
29423.829907599484
1203149.847222816
116428.20021266896
156526.56458156146
172746.52020292135
385473.514195501
190799.98201641082
100886.46820056398
112792.30115600294
1316967.5689066574
155488.6279291158
5736.461758078369
597625.383349957
1265364.0443603266
251274.7116630507
488650.36117017566
42423.38057532617
51386.217895905174
160621.8853558218
47935.968369223265
162598.45371817032
43991.13252032977
772412.1092992775
30061.876926064662
384475.95777164295
387849.44376683986
739037.2354256731
174873.46596303442
53003.42827702769
138684.26826044582
64779.23239857572
109111.48633202624
69726.8496810341
316308.5874199436
82539.01054732941
48360.96483077214
21792.783646700973
643453.9096974379
1437137.7732249936
91025.77519553696
592179.610267399
9254.277218389861
180398.6242164125
429224.7141360795
47205.41378828416
77735.67866667698
51363.04563724717
46975.81011261936
2109.4181211286673
91414.48201085621
579981.0501687833
416105.23527853243
193015.9741127777
240164.4418183396
37392.30632431144
93693.27741030225
179712.80188301415
380622.5492037187
98349.8201896595
42155.79260833346
147629.6699367551
172862.82198134804
185378.5460075772
235092.01302823296
41479.52219816783
222833.19557002166
271129.59502406296
198707.78328716906
136635.06717723355
15049.276209131145
555866.6797418109
2902.8406922343265
68637.79930792865
479880.97299842595
603014.1436837708
314885.7810257702
193274.77636036903
123336.16636194673
126855.40173113697
123348.73264066079
260587.90998387203
351391.97991431906
170361.4398819568
