32.26355789654793
20.923241783586974
24.243566344413995
40.20735296447246
57.36665674211489
62.6499001847349
15.656608665268992
11.399101343602148
49.86450352479681
36.445869877890644
25.357479502240174
55.84618110740879
75.01504156442007
103.06532435606498
49.24742011284776
49.554652458961186
33.798224726248606
70.55335593743938
57.928602735590744
3.2937778669728823
31.850168402428316
20.126081274787293
31.94993614160247
49.38559445453655
33.641963592574925
26.768817961580606
55.90775675342868
69.31638645843908
75.44453428767773
64.56895516627146
31.33854124851129
20.24055606154927
61.79687061544137
65.67599106252159
24.410869163492723
9.533440044353137
53.984771346578235
49.0004289943548
53.668527357208724
54.14888536696439
29.89430823152584
32.9515111916096
39.38957864395664
45.407664630926085
75.72479137824462
39.57752626481925
43.74998818407608
77.31770278259432
57.297802692822195
49.80468727756558
117.34261762692414
14.490760301502744
77.4539317381704
94.77201978369872
17.1553098327572
66.49346472100468
56.517922124783695
24.769656693485487
66.39851001518457
18.209378037273268
46.533779437431804
27.763577976102354
38.26980711024515
41.706781302198294
19.535089631763896
58.995875796155104
43.51412862215937
55.434829390033805
87.35735130754536
30.85911295952938
34.85828918480366
31.809653308432555
61.911467832504776
89.2419725818315
48.69464356912235
76.54853086137402
60.0905952580705
45.719198051388325
53.11092820743725
63.574921885242034
62.07994209679357
67.77150548357966
76.18361499619976
77.99208465150004
23.21571605392728
54.435019906739306
35.52686268310977
99.88119979614723
26.954591194646753
46.57626978044549
25.055570155231987
59.70511399439666
66.62664224664067
59.40079223177904
50.483778064825714
60.4479311769825
44.11934261182582
47.20812437460208
45.78660469187486
38.49745472029659
87.02065685062813
84.60483589924453
30.858764265374507
57.82815888618285
76.25840080693634
41.7416671406564
64.42413011358599
29.922975609367356
11.700047206395162
57.38500989623098
67.93330760083367
46.82549310379005
25.41456151378487
41.49215516710712
47.166733437875884
13.281901488789392
102.37554124644443
40.54948324275721
16.07702872271993
45.08141585583926
44.333880859958136
19.378062681860875
32.17093684751325
48.646316375951784
26.90570657206338
39.27864153967353
49.56083957796076
103.57639821567089
56.07576438690249
54.36295143997512
30.0916234453999
51.17273558405979
62.16914655522106
52.318951745660385
91.64123139854452
60.14206316873379
64.0270545094769
79.76122788528342
36.31611958837551
58.325930918210645
31.611194205737174
39.214203483279434
29.478058546341522
41.235737141752054
67.57739756819451
58.74878699264912
48.31079350095323
37.06970189148918
27.81969330315848
34.607940103874796
44.41220814829413
72.35560735429918
98.15401513144428
21.74900476093983
26.156920798706004
74.94861354933441
48.470054758374545
54.584712209319854
61.157775435831866
25.836806397251863
45.781802379691584
42.74521736185284
56.6133321285459
54.27028176648139
32.20972527009711
19.899795327951917
48.24381807939105
69.01578647992422
26.254002703127096
19.497482139455705
42.35627000487579
47.64571175982331
27.95829482492349
13.489546909284355
76.2336482139585
61.946154157626985
77.86474339415778
43.033064888186004
71.76840559120785
46.487937689799125
56.21837236907366
51.31112623314026
74.42763348959527
67.0911516474245
33.65379450793303
46.57408277392241
50.54629838279389
62.97581181448775
61.70580768635555
20.65123571701421
68.86554932516152
40.59820137270422
65.5837529446444
59.33284855729422
61.742280687375306
32.260856299208946
26.259972987451846
25.420465182018674
54.75024080777765
50.24695979083697
46.947751000272135
37.85288567926606
37.01816734038714
77.11876026958532
63.53435103905132
34.14919388870683
55.323290370449016
62.6801950342327
20.577611890908436
49.12970316569727
61.66670635198778
51.046078477193404
36.615820929794914
3.0326738257419152
65.42034359790856
36.04684338033069
10.511292625339337
30.69372682045352
44.65443767944728
22.165662783321412
62.75632584844264
21.168847935011676
87.06692607238841
45.46250908087389
52.03944657099792
55.88090506237465
37.0811897362449
24.40374582227443
43.68775496832402
69.94198024069956
69.44992449185337
42.24182439501413
30.213510225451923
39.8233830589646
41.794631451625975
65.39383021940084
73.91986780150852
65.0753346731318
37.53648310720016
54.232068115643294
41.7555866634522
77.69127958218849
93.42416598584069
15.637185867602911
27.51099890092859
53.41561722197875
47.09644223093184
75.85271299639649
72.30958303591589
14.486844517630379
81.73969470161887
36.918027822798756
17.28814165000662
22.640897388035647
61.55277867223944
44.76035396240336
57.65367227069096
28.155156589821527
59.86096416411804
81.024840615672
36.94352873243591
41.53327888467481
70.6387860100825
42.20612343996526
48.07132840116197
14.619935114319592
65.54234833817853
42.096582948561206
37.182716257442905
33.974011863058976
59.53898869136536
42.398410646130785
88.67567793763675
57.55949460373905
80.9026044601068
68.59291400883835
114.47258926142457
53.46071012358457
12.335426121945082
62.02416717674473
51.57337380205225
44.963601472592345
31.713577780155028
68.02039704260059
17.626324652409313
20.456870369855995
44.406505613926875
67.26662015997704
45.14785000758155
54.207614643005215
59.208545486853076
58.72730323425982
37.47134380587074
62.95029338989265
74.76290433693742
35.01251210835309
38.01587807958088
25.919370702087587
73.84280105546969
75.8668256763421
61.37262329050961
49.94835136380697
60.57379161181615
69.12506235021645
34.99743514630345
33.42909791268386
35.76659096428464
38.88420224325267
32.21642639210959
7.908429478991774
17.433582679121866
52.33373489063332
60.68350028066249
64.1659648874176
51.009540054353465
48.03244765492274
77.51113664076668
52.22186305112459
70.77197759548591
29.871447389623114
79.71044619349995
104.25617531256276
15.897840558851415
69.28116507862092
73.85928217028267
70.45521257589917
13.03136366071438
71.85146887768416
8.612209026371579
64.49337953599044
21.812006354418486
72.67660509549191
47.1819680207795
68.50459520914814
24.234577753805322
65.67970877649175
54.02473091312202
68.40081792368309
35.43474347677425
33.277102725404845
6.4796444412077445
35.86691691138692
94.86769236614927
50.213534346604995
61.50093462034914
56.95617577839332
16.836873582684625
41.54864715197643
47.67373948182347
58.493652098828846
82.15893881633326
68.23660872278309
66.84085296545554
46.616031826687944
33.812675958939664
27.90906554855213
40.43658130608842
54.54101550854885
94.81683051503724
62.62690686683731
63.1601228061902
87.98335610848578
44.402885643982174
48.499455386629975
29.114129552944103
67.04401378818471
62.64789693851798
70.84221365203544
65.1387628937867
27.85012859142016
45.50160363748938
38.03780200524338
64.11104003041352
74.88767941355378
57.33388407992875
62.13234428331575
34.803767042128925
65.9537482643397
43.7949753570468
68.07400324047302
55.51653495543635
94.6019868052187
72.42943263862698
56.51016433139056
93.49315775664063
70.59670363570126
24.636721740091048
12.274668289805449
94.24522202790514
41.5130522398249
37.325287775068254
24.074358177730574
46.83957239333003
88.45827760390878
66.05376318006616
42.491343954575505
42.55711641819903
55.37619089793767
71.6993897380437
59.467014270885464
95.86889568824469
40.62375190514164
68.72866615303549
18.095498814922692
61.683826949673666
68.14458138401602
36.08061617689794
48.68468869102326
69.66191676878233
33.14647975850748
58.00401643990036
11.659173944251725
82.70055756999888
64.39227005611095
49.36483271628209
30.09211892574741
30.931948217150577
19.835701885296082
34.37244098848888
63.062805044995436
25.06251853061195
20.291438946942797
55.76739366379202
74.33387404343203
65.55840584862686
68.32856135778265
38.00783853875196
39.802259878730816
10.000857470955637
36.94200585825691
19.862092710866033
50.75883096155695
114.11863005732948
37.10175643249973
67.46037049569765
70.29821103416846
45.009645608873775
57.72299968433992
35.3052382324727
15.94994576620108
89.23659928675758
12.572683448785698
50.70597903580727
57.10583945787312
58.55746038159651
71.70273102868792
28.222929903093483
50.11614040977946
91.93429050663845
54.01603749376891
37.7649234594821
64.72118384550099
56.06156424083754
59.41025575806039
37.503615718976185
48.30374626223777
33.94923665936548
44.89494828956198
31.937421450828264
69.57726309440896
96.98652231644967
53.97720725554933
36.69557975788763
33.47282706340114
43.14681993018306
45.590179439253646
93.66998124731249
31.471202279365293
89.86678747064254
52.77155304877592
72.15051464091896
25.825177759440468
54.385809867890146
61.823230315423096
91.46879566747106
22.428410939680585
36.563590594952885
112.662956352756
96.51556921785371
16.418270467606348
49.31394667483599
38.766424819964634
48.27107975001066
32.19197799712384
43.11439977565459
84.40163361007926
40.538133324498894
55.0734491375626
24.627795652200266
11.606255061534208
35.65493340804447
32.18660682889362
56.59127226639273
46.87283519635194
52.83167892359137
24.78853891289033
53.89676683899013
79.17825907505744
86.62565747931826
63.047384016505305
61.79882217728737
50.56262676276161
56.61016900897598
40.562546119962576
48.01980613409256
42.397979413519565
57.881609978648235
54.0369564813003
91.77034844431812
69.88378298934744
48.7923541272356
74.23498535248946
52.15895354887012
62.27911009071716
76.12177235557921
44.85514120359242
38.584905901418324
62.92088476121857
4.198430858631322
70.23875617321156
68.54149165026118
30.41028188681181
75.17011474257544
43.48855933411782
63.67203684970712
22.080248647794235
27.73854949362086
27.50513026984222
56.061628801650805
80.23398787867744
55.216979976032064
73.8513937692335
55.01983242134819
50.750268151099824
22.839319882097907
49.83183226783133
39.85848808672494
59.22262685965263
58.44787582702913
38.36571570830002
53.05066512575859
50.2678894964975
18.78720390096253
70.88141744650315
34.75012353645464
59.17639977896868
65.52263772450324
32.02163296195231
63.04827831237379
63.92821131246018
76.39700507118539
47.73196367649255
38.70650861517602
31.089875135683855
42.253264320837964
36.83744999478121
59.32318294367493
58.40233138982492
69.04878857745142
40.76042199483176
22.85117648063437
71.11674286028723
69.15193713584245
28.480081285447337
48.88781383988599
46.92816315037422
71.9641961201001
44.53140632825365
60.73895205279757
44.46578013820105
53.228791085002975
71.61878056537309
52.82407123804997
46.59014705914294
80.72602853498562
49.80119561191541
53.07260738158371
66.49925792367249
64.96305689826053
23.95173433456694
35.893050869171816
60.924519122967844
47.65737174956733
30.262700478282188
32.80150754279679
84.20790659041943
94.4232963646153
25.57706261175382
62.23358385537996
58.0256692623596
55.22437130329726
41.984843831134654
62.13943088631935
28.10147808169078
46.308418079039185
48.913481439638566
26.691678208732696
57.89046037015835
55.045979713493125
64.89408917770906
36.050048145053935
21.82290261432918
57.5061806414358
59.80660062503532
64.19117168206442
65.58851900719038
75.85725435425428
33.438220119352344
42.36651974456228
63.447354906656344
46.696055323934814
58.30029801625811
46.74930085167783
44.688617651535345
35.73880544893138
37.509201805508944
65.28596609254407
58.36379498035303
90.28854359801294
57.299926454731654
86.60095430046931
36.50891312699996
84.47547684652207
33.60715943837354
43.65335863942242
46.72441201451998
19.58650191359489
26.473992124667816
26.997611581746597
61.39576047327485
34.20277604893491
70.56953837663805
56.97286615173155
45.28937932181069
101.75328289415927
39.455493617847
67.49640957524548
84.38122322924355
55.19684832165932
39.351568384952515
36.481460223439704
53.84772361867111
48.21640893899349
16.251096866102188
73.24501369022047
28.915029357540543
56.98331161149986
47.565566363256615
59.821691094236634
96.17744753445197
5.5332188936656665
69.01469456886407
26.049157834321523
52.20436301037128
44.60303448846388
46.1495774914389
21.834567060654102
40.5329205294301
57.58352161602578
60.62081515442052
64.82642605621837
42.79098472801939
36.36433973817969
48.88056321869381
43.27484523162176
23.861143868401808
47.04587259138908
56.28032943915559
59.51428058056053
33.193614727493284
47.50529847352841
20.44265923774476
41.12583010025218
29.09080066192391
50.42893887580916
33.75481161834293
60.54446336876273
53.30202912918051
27.88351438297913
53.87104295191973
19.97729640527102
29.098971962729163
40.126969601652945
49.135803996634564
49.34102905324866
58.02659831642529
39.66599225142698
47.78564058570774
56.53615365184898
66.81599173452092
35.54666418209723
70.88358160162598
79.15022832223164
69.17378321547167
48.97737068537192
59.070304445711415
70.71104207580389
25.980756709892503
47.99562635874823
78.90094211338152
27.28793864246753
48.39761910124181
44.35233714696119
60.18042511125547
49.14179674489536
29.937633581607848
71.45068460576105
47.96485497041767
22.61557554423395
59.72534679328852
76.69885107003107
85.79547084149824
82.54608694227512
72.12809062109376
55.295004562588794
84.21472464487672
102.34071286925719
78.99243012678052
51.79698990415444
34.97006796947797
