75642.89897296656
11683.733542288057
110331.51690015597
66274.60560146521
145559.78457186374
30831.945202093273
128542.46520015787
61302.483405754625
129454.96407090362
74785.29152562526
200609.86233087862
76997.32187160855
381827.72836075583
292087.10287132475
9318.18330247019
107714.90545873855
83335.75532450035
37062.859854971444
48428.04574871809
257542.10290384348
86733.53953035916
94065.35540728655
65701.24324460293
98808.49004816097
200686.54281701648
154674.33468782264
416712.07841642346
105185.70367782118
102528.2155801989
190932.9954991219
63573.47995422334
426340.81447779154
108472.72320704433
69624.36793446816
41271.9755349937
173501.06708386354
46164.77716783116
215306.8654063521
13607.421110610052
157162.99222630096
122919.5734339512
317685.13802148745
61873.83511159966
33205.719375388
188344.1738135572
6980.788060747423
197938.61043741956
38018.92972144979
97682.88322888299
75929.73818686577
136218.8385161231
149806.09911953242
30395.809353188564
16006.194715313013
23265.94393976157
69540.39961736469
96454.83947942828
87180.04977034227
98223.10457058573
62361.803610087605
123050.47075462226
102756.81686747054
98940.56504400785
332609.97561171826
132235.80596733378
14328.080438111008
230920.6340693778
91183.65943300375
228497.5937152518
116032.249014431
53951.93480761059
210802.78044787407
