11768.215900329678
9840.492986280846
8964.573995589712
20114.31100731957
298.95579113676604
2308.5140657786633
6060.3819658981165
1295.5265758210442
237.3209571714728
9122.120935701472
636.4640148102767
13247.453795331225
5389.799383263369
42908.36149274441
3414.1538820466285
28065.361768604453
8420.624153109138
6097.5202511378075
4064.0559716513476
7385.676650513571
14386.358122988539
3974.7277904623024
616.3308177125199
10136.49400240837
7287.582762064699
7638.083598662238
2291.596548892403
15177.112022719088
23374.499180996398
5105.1168043237185
212.8661859562196
2404.329484532684
5607.21216200979
19618.99650467448
588.9771189304505
3372.6940952986156
8349.675624106587
18537.92721937864
1102.8946525824838
6926.820226792489
1009.6873020742344
7904.19140535332
84.47144029438
6862.791166472088
10366.200210236562
1886.155956631928
359.7322490659917
1617.574894946471
48.910410975145574
12175.29273818558
5977.776495712938
2480.2323743858815
2159.0287951641753
1797.0122638439075
7042.411230068969
4144.7735942153
2151.9626611941403
19054.130814309843
8510.712054689713
16089.51597409184
5685.422093651515
14845.125828779404
10060.119206893134
1054.5763603689604
11398.347776483417
3455.866982834632
829.7644932272291
3714.6369176523635
17676.17033376224
2538.2913049028534
8932.358515807004
3238.4615654704476
716.1487986759091
7615.469740017534
8504.617276162513
421.0610406192442
1649.8338827728892
1434.2064343060135
2156.876798697824
6118.33341661915
10653.890702454137
3825.71990388283
9890.889733601067
4704.606396590835
27380.272225904035
16685.367054568494
23707.740357245355
3308.364664989797
170.04605721797685
3367.180331432091
986.0671486364855
2491.371039021105
24194.68978402327
2876.9967153692046
10301.203457040529
14691.140834796615
3022.0794086525802
582.3882052310258
13303.834624648065
16553.43940726204
13656.060937831391
562.3886415333938
3822.477461542659
10434.576259216648
1107.4935502909848
1800.9986634378301
2826.246600612444
5785.171384099444
4665.002810341159
3721.975524391366
8404.841896124091
30145.054289089418
3007.5497798712104
520.8207768188886
8631.979087678841
120.97316608509861
3313.278793792824
1371.8946326911084
4035.2731205636633
6211.90451081223
5549.548544981714
1910.5270810857419
8032.826656979706
6483.4570608624
13746.757754320692
2060.0271769843785
1423.9844249833718
6786.825976947899
211.98995771442807
1912.2695065713053
331.4486529947562
4124.244664205657
12652.442034378264
7614.77976748883
4168.610142674611
34.26115292183847
3997.4040583560054
683.5535887024328
8011.147509148021
4017.3719443623895
17479.61571845872
3393.9976452689093
2297.2228454630863
11728.129310536382
11221.908637501214
1662.830211200537
2360.119846579091
4597.693220096934
21240.218742261317
7016.7486660681425
5176.460546053707
3294.218958153309
1997.582202960901
15379.888837362121
2806.464523796062
1726.2728120357685
16779.46206677939
34993.130860356665
9688.715597435561
227.4048357294251
2665.7658616305507
21064.6787130055
4173.212259797825
608.1300655904095
2690.0589695766753
12140.91440691466
10965.151467323407
3812.4814872617776
5839.473339658921
1761.8386427548865
1390.2883089893649
18313.069271555218
8551.667978408555
10546.300838515874
16150.387657058272
16307.119010941671
284.48423852902135
5664.483081959187
2739.4483411817446
3144.180688687135
4605.570676979005
23983.769370162743
8920.036008047164
4968.9414840336685
3795.99404708956
13298.608729669042
19925.44472607553
4132.2854704364845
6911.516664733661
3010.48427137755
9289.406198648341
4462.680000959304
3530.6616041935795
23339.758650470965
7236.653455506395
923.5279891009241
2017.9297535507262
6492.190858012185
1075.416832398008
2671.5567814731708
29335.030784343828
7208.464995584511
32167.804422408546
3726.9620541543313
4432.529521019314
32883.846545526925
1040.6653142730618
1656.4419245735937
18190.625380638518
3107.334653489249
456.42752728986267
42.86270723971628
4407.489666434768
7162.185315573518
12902.497826914549
298.36062102306096
18538.163018866675
20650.698300242075
4978.429596430309
1615.5022397078758
14250.864546466722
6495.961343374773
4107.109264595948
67.31694328416184
14167.244292907597
8892.725718173802
1651.7085649631179
3604.4961384719186
6130.5379970123395
40864.66053672932
3885.889516402312
5297.67740218655
3675.49135502545
9896.075552081384
897.2480190892393
2122.9361434602292
11926.950477356211
897.5710942408557
5539.032416476978
20412.47205230967
12884.440723176458
4623.173468860919
5922.940053925642
1829.354854264933
3099.624839963627
32428.59540451836
9492.755333824278
16240.03912636589
241.93168600651637
2531.4807462528593
13093.359318996238
41692.47436457926
1766.2685981863833
1966.559119175132
810.176610633204
2452.5343202802646
3421.6834309736428
1334.511530876324
5260.4990999490965
9037.142891353427
19120.4997595641
5360.31697019274
19753.059653490658
2665.096765092976
97.38324903275111
102.95413368718367
134.35953889725508
18185.40626362199
1913.754859222814
4527.70218519111
12017.764733692444
13764.65838757704
547.4516129768089
10570.937073046798
9315.638665624996
10532.420115560388
9806.78312198583
1174.387563796925
13669.131157986103
4280.863012156938
9159.561632017661
7107.206285753837
1097.3678429659424
14106.867547124486
18927.897346393678
1317.9140583127937
5504.642479762729
8401.491423837346
12292.64897271579
26045.24056006518
5626.65822363376
4553.097787600847
7244.357411602794
10399.622374930499
10141.679328040414
4293.203590192464
5435.779725591453
91.46452182247528
419.97682373237114
1565.9360610221836
5532.015159204189
155.7789282738147
20196.484184233974
21526.451536261633
4491.012211297575
16935.986321583394
10839.823734562044
9502.843877851114
7929.737429597788
12603.097852811763
24419.036919072823
12040.089429663874
1609.7353773895302
13552.788566939791
7399.775467922041
793.6804036398352
1072.0758783286685
12718.871072928981
13825.675517213112
7166.758659617461
1393.5415779782668
1966.730311793958
16648.015597586334
1930.1775700509668
14161.793608968326
14191.543871425478
4417.156479874118
2547.1267086084117
12180.211981966244
1628.1387663265984
6688.064453905353
5732.603957718156
27585.85868366446
1222.4186628541283
2376.1011127658167
17264.433166696992
12223.643294622323
9797.143096152591
2323.6895773000583
12741.596493906532
2586.242431573546
16870.201201430853
9027.049940688075
10568.782214362063
2112.778884897069
138.01796852862483
9236.951998020208
19871.48743759392
8186.969453189941
14380.301209488052
3209.6149137408315
292.1393598501212
5625.331613893492
1181.7237593851346
13014.602858243115
14412.467433571452
12031.791957527465
6009.065576664005
2319.877289594387
2720.3335813854455
7209.057050942319
21332.599645865514
4556.92855113753
25214.109004511727
7412.860859741455
7328.690317526473
38.73274887999877
6091.070071482967
4208.963090379022
485.32839157621
2361.7779923990793
1447.5109452994957
6701.021944436351
563.6086204785298
8199.96117961678
191.5163501720029
1499.3328576023296
433.81053701385264
999.7656362057375
3976.141682011703
1383.9721754983798
31539.722722039445
714.1776730881593
9940.379278510916
13651.458131963684
4007.880440228848
1712.6845799468476
5490.463720380646
4431.291217143269
5406.306779154397
10076.688070556003
16714.390046129447
9483.028030390373
4508.97258669292
2326.1153970008922
8474.228900099533
8868.028662161187
7448.412088035008
14262.650359874557
3372.669665576631
6276.525761273661
8974.806389395633
4284.3259170942865
3455.946698625656
688.048932246766
16880.461155615467
16470.047133315984
2867.176028417728
6874.239614640303
10747.767894979872
12053.264882234167
5544.516420138673
11402.548330528263
14092.474684169723
427.84195627024053
5206.746615471076
5946.520812159257
17470.579820029518
9831.718545393169
1598.5365978547686
1372.8717011535634
3575.560140325776
36254.103652162616
11466.99184390586
52133.81628697232
5666.881038276002
1321.5184252158567
8239.86408850718
18591.93661021643
18189.202493233242
8412.31398288136
8839.443115924603
1039.6775881712576
2970.038811130794
3844.931261602211
4921.072391721867
16413.55541994431
2645.7102630433296
667.0070795741702
12426.467872065681
4445.2462749229435
3131.4358056450155
167.14835182087813
10120.291836202607
12542.08901094445
8564.22464268095
5933.813927903273
3779.227370892836
6844.884597588419
14329.99538162661
9279.946483881216
16974.258281601717
5178.340771908131
3925.858538414406
580.529913298281
24030.0045022892
1170.055057988353
5953.950119564858
2919.874529863782
7787.611923402934
13079.583136553376
271.74914985734785
4082.8626035755183
6632.647950127772
2866.9403485925595
8916.57848204291
12689.200224142603
623.9630599668986
1347.9596412446751
2237.9275111526567
9253.390486275794
81.6357834670009
24073.74751699212
20659.437116520054
2477.5728630985727
19721.861144510825
315.2832018800089
8480.774026188832
6823.335323023182
1343.1620384517546
9415.736749864782
2891.1063734378404
6497.520094862845
3139.661138179658
1806.970953448112
703.6513633081353
868.799098188647
1270.7918017708591
3868.1444658192922
2384.2869521984635
603.4378822212418
37432.34789619219
28467.268899708015
7436.712854066909
4639.1175791729365
2140.1539193311164
8456.478834636291
2573.4744911108855
6852.247929921353
7932.494353650211
540.1550220988973
4945.90350669267
3973.101660951866
11443.246683377629
3934.995366279051
4269.027568822955
1430.5022795360483
2773.9261903878996
3281.072256800947
5052.239410979464
13599.474170732326
4313.312457205226
194.09987255775766
17838.634816102924
4263.752432544903
8098.027593277115
340.9001526429961
1651.4766982087135
7934.938529311047
2103.729175690869
1858.9557743897583
9513.192621089338
8312.780088252557
2314.4987434678555
3531.5128485765435
15019.666499302484
65.6492183454771
2447.177204970788
10248.635390389956
9946.053108334603
3888.3537141067077
2408.1948563269684
13647.190087298759
318.2404577216044
5866.422717263568
986.945603556558
24629.915380129285
151.7529178788471
12972.436559237112
12721.276863466694
6968.885862542112
18307.378216435696
2203.415017515352
5643.033123715784
4041.4349469030453
7367.633926718251
10024.91711514069
28662.756962711155
2041.6883243373813
5071.411548972266
1012.9230994630472
15575.833171199643
2438.9124321124827
5709.2878989926385
4618.270389588949
5672.640270334305
11199.121072150458
11091.401434021001
10341.82789871952
35143.5075346919
3692.8220401783497
1198.6524258245163
17370.922770690137
6362.569399328073
32201.599163063005
3923.9441641915887
1627.3020080040467
1044.9417617602392
2414.5408593287298
4346.023811845317
22290.060715996136
4293.611733440261
2732.632946909252
11612.46839485091
5141.680136616005
1314.5482467478205
21869.63702167719
4342.981941016595
8757.8209960096
12314.331789625361
1980.5006174601747
13025.708155508697
21893.492307296616
2551.600267928099
1183.7463425103356
708.7055942366479
1633.7896895270376
1338.833571040534
3626.1114243893276
869.9986666286215
2486.4499696669222
7986.484504125125
3085.5489085300683
11481.139440781983
522.7528302555742
4230.065988675421
5941.033670898791
3075.393666130792
7395.5469596704215
4183.74597340249
25089.804405994953
9368.399253645952
7943.321411463749
4795.030422140765
1486.3571799430606
7651.563102030343
1325.0456630441108
2185.354388175681
4362.32070703914
6354.4082116758555
158.7120378516538
285.3483250976188
560.0044699255471
4072.29831403409
268.6784109301461
3649.428085689055
20220.802549456483
7469.6989920202095
6119.985752494328
9556.960970827817
4762.031366021315
1618.1463682687843
1812.7044149922494
12153.201729395198
5871.289399412828
7408.280693368887
22270.004612508354
2886.1397938619166
32837.058086039135
11583.128965919625
4832.019564047961
6946.906971944064
13541.073065696788
9263.309528886683
12047.481734669902
11784.460839161864
3876.562244965721
16625.146699839916
20896.909800815884
10376.363807256721
9216.20116205599
121.94439575784298
5210.771528507481
2240.4528939091665
17119.553381097823
2914.9750454523805
11342.318849198991
6854.1932649498485
203.0026398119158
5635.561207333991
3844.0245576488132
14383.203662157115
6414.990980528156
9247.955006907288
73.92135972510124
14440.098432591709
2316.2516351634654
795.0308368521486
4248.601058479216
118607.28293993017
6269.254646001846
1868.352307148563
2678.2871754193484
1467.8431885097705
4724.304937927149
18180.873693672736
17800.05629123937
35071.35116126679
2370.7414424836543
6326.383577169917
17976.3072093318
33288.00031578723
17748.716840551395
8034.300045816974
8869.580661828879
2436.1567951565253
12155.180812454873
12412.669628751102
363.66406486439485
33696.92993321077
6384.061903227212
5846.75454075217
8848.029906885557
14284.629390153568
5657.749550318964
16262.715344704282
209.7841054705839
4154.203632433187
36361.40471930626
27692.429135443235
1797.0134983106343
668.5576906453297
5380.110023593253
2546.002383742991
3738.100402471566
14095.063928963615
21363.470485740527
437.8103970490659
1036.5401435621545
5707.240973173069
4468.64384367683
3504.996880724456
1169.6067588235128
19795.582259634626
16028.712879252627
2634.0823036620613
244.27445742605823
3247.5300886858527
2441.6195616784803
5605.239289741612
2976.6598731739264
1686.1766424969453
7150.438225865752
25400.28106103573
1769.7168786581628
10593.859780460883
30197.093709451936
2750.8215302659974
532.7105413589536
2680.139596782696
2216.8898320658423
3119.628290587232
4907.863710857033
575.878128677101
6072.268823060758
10436.898292020383
4152.058496507544
7064.595163699399
6187.720177314848
30971.596230272335
1001.133665874243
1207.7233536475387
11024.745711459149
3477.6562498533326
11846.07158184399
4227.356893285075
1823.702855586617
2030.3912242175822
25525.298711699154
2250.7813339681848
6072.942311382756
15092.200713898623
2282.3684676432326
14932.040122905079
996.8035549336248
10517.371967919224
6070.621364069104
9570.444202448078
2318.0949823287942
5866.022165133259
4880.376146195799
427.96329043177366
9571.033818715532
5600.960844330124
1463.1069962243134
1750.5710989298889
2972.4647669241863
2824.689462006475
6568.686028750663
15810.67928570242
2812.6153826373993
11176.36747476279
4630.393666149522
5118.524642310445
6868.498255941559
1997.5212929723732
5697.608023963653
7667.5289537591
1268.1531079009526
12576.4887493006
13997.20660294345
23716.880713484334
4388.765804435872
589.8431757790836
12564.656407512955
4140.289001132142
35809.78191911067
3370.562025854126
12029.614613571419
3112.2385297393066
4569.659623443062
19774.11164401631
3914.392620858249
7276.197815598289
14491.353482447992
2222.425832792858
814.7292027212275
5514.061734050262
2870.0810379922223
12179.6203454187
11486.823232626968
9919.065916060217
4951.801312501706
10604.6417142091
2429.0844409553692
1051.4465486768195
716.6820606668118
3772.8489304443588
3063.083103539996
1824.5868447151909
