22.590594097517883
9321.119118486036
8478.403742191276
2.1224138598609774
3062.777807998839
6.402712662318639
9.03855909870353
1432.986627538398
12.273243704949405
36.901590711339104
46.26937272827997
12925.449767737711
4459.767512747323
9332.749211228378
1974.8229433679571
6109.890531525735
5.259859314502312
7379.660261413119
46.536571169692955
1454.068688167027
512.4276936564142
64.45534535472785
48.43112694451248
50.576939370298724
5975.39413542506
61.63665093791364
2932.8994105665142
5374.935199115128
7969.844567860436
19370.562354414305
57.472529550189925
102.46631440313804
4622.939150489335
13.066414010671295
807.5999683426684
106.73862648735366
8968.900389332315
29.874702154559373
13.369234268363803
253.90042524611775
2762.952191647494
19972.63098570691
9588.073200748007
5822.393255424994
7547.97151245384
84.17011183726027
2020.7905125876719
9499.160701728528
316.4280594020462
2462.700115878743
14.691756361710937
0.7417566283857988
4786.792492295845
25930.48307977562
4047.8944380904954
266.7904019124576
2360.7252191577036
1824.272308083337
57.87096683728859
4227.232257160254
119.18052028528305
84.49513885760507
124.56575168157896
6012.717720053109
169.03985684593653
10672.273786808895
955.3395465439249
309.17508998001006
4251.506279903644
18.352853973477625
3541.6063126999325
290.46232220329057
