142135.27275942912
63968.308032311455
68950.16630956519
15251.639749492
72193.76493936178
107758.00169805493
76140.00557612239
37658.031949054865
29336.22913359834
93188.56317752466
19095.788352394135
140718.2738778339
126001.24629046
156566.02910478058
161947.08293192787
229010.8807432417
80894.99360956944
16551.72031584865
81293.1851203332
17019.867755325482
177077.24839429295
756220.4430868936
257895.84437022454
41130.68229616001
327214.2542362378
45250.84406187016
64280.650751030626
10785.477420909105
167073.4877157978
6056.537580424133
38375.205205426806
77195.76943800766
486867.1147996667
247018.63464015257
6489.5748302178845
61061.90521237533
3950.0132919048174
30116.15949493273
74715.42869621793
111770.86587706282
319149.08819061157
140970.99800361984
39887.008446585525
47262.67425651354
69439.25887551387
80292.126887037
331222.21383400256
114028.72473115908
163022.07410041525
72073.63788411245
14037.15365338939
63299.71249055515
51681.03022809465
20227.324315727124
158021.47127686677
80236.66481349479
141609.40334556263
91016.02376901629
356439.3935096454
24854.43268817403
169763.4829270679
133148.7447670633
296283.2602231985
129074.10675475256
36014.940492486356
151719.84578344342
120575.09025991328
52412.81940915371
120104.36803636528
3878.971554243283
163199.30518986078
165125.36891778163
