91.39311754310238
73.45477663806776
59.671356018993755
37.65752470478253
3.389103667062546
43.577509962044296
30.593244572158984
28.8651451401546
38.18166340486218
6.23937805506701
18.023782757920333
35.273049351881305
14.463942840209793
8.84622058053925
40.84618018475295
1.0194580879590434
4.364371538520894
6.791829821486876
43.760260832483645
18.254767317761306
32.094418212788185
53.67931543691685
7.836445471067267
23.642285925691937
0.8204776849072904
6.992080697544337
30.789369375260083
14.240789546574968
34.422607237339214
56.95415724583913
69.99112379185061
46.81203909459284
23.245599605545383
9.079067841175418
79.20616197134264
4.869562024960084
13.356244943035437
40.23013707130487
36.5452330514603
11.295914948847942
37.31347151043287
6.741971006607697
27.728470714166207
0.5049928551135707
6.815350789963907
29.843801708442875
18.238287632848824
19.99938480488651
28.46425330341334
81.3840901802326
1.9147842329720766
91.08216129802577
25.416664601831314
9.250375980056608
3.601437968731079
30.186193602201513
33.41134306739878
7.357202632129924
4.824642186904545
12.486345808282882
27.739587147056646
39.834691214444405
16.085115484589824
34.084712427742986
25.67039210982086
18.464013357898107
33.80727249726989
21.474372687575176
9.182536798352883
12.151996715016773
22.867557589611724
43.18470608413164
