19.076346247295085
1.744172065497051
42.57108465853104
8.032940920018563
20.092749714262933
24.09218973882301
9.678115675595459
3.9558883246830194
3.1943817836619055
32.3296287587613
2.405699292902292
1.5285583831173384
41.89870189546448
30.148591727558607
7.785719909810225
3.771325666873656
50.53647386041638
4.051397423366653
8.638175396764158
54.39183056856837
13.186641123590684
24.115018062811785
86.4081533473174
1.5850923345877832
18.536846537929687
15.90587193232936
8.651881635652861
3.7210545820310954
18.06269260510883
1.8211510488362004
9.93079027436602
43.09326874992294
7.49157122775723
20.72678977855733
25.031781475922962
7.579913817027541
1.89539090732878
2.1271063556787904
7.517509256186469
6.736961727375651
6.504844451737918
6.09425566207018
7.0400861059087045
2.0191404338152807
26.996041137509224
2.0188605807072615
1.0570324282460053
30.38908484416979
15.794415450628117
12.516808775401733
15.381402735455733
6.754163167199319
83.17395680458533
11.975434905525544
11.961140716018319
3.763599866794457
32.64546410417804
20.3632299535731
10.379680545213441
4.023840400491449
12.199555192806109
9.819891387349413
50.888260029481785
21.9761494454533
21.753349466022783
10.760409962392478
20.14637387013058
30.652180357402205
47.58050869519245
2.5014681175600693
21.7855796951547
2.1374419199827446
