13.105356158234011
4.317356120019277
0.6869249050892682
10.881545279471776
7.302722251169448
4.58748377718801
7.506954686018378
1.6395003943456026
0.6583345809685826
0.8854266112132748
9.029847213771871
1.7852041051914809
7.152364762360363
1.708977266310676
1.7144523950491066
8.248890635730575
9.8851783337463
11.464869103432298
0.33930758300737046
18.130810763910002
1.2274660200091176
0.9366022070282967
2.979669281605202
6.939597909593025
3.784225490947448
1.7861008582570521
3.4863487007783975
3.1517730586619392
1.019269453801562
4.700255792351198
23.432519849790097
2.8284843124078427
8.210139489978152
0.5085207744775458
15.38540142624845
3.052992818703614
1.6688027434688104
3.5770600906632373
0.8468063833717221
2.5654159454899736
0.8070342901096544
0.7713298496683998
11.399553016704793
20.72039103841727
10.470773014680743
1.1938552252299137
0.937079246313129
1.9202797656675696
1.1459911160981697
0.9595197073440032
4.731059779886784
0.34730039006302443
3.4916028073138095
6.696398182970132
6.301110059204656
3.4793449756339734
5.040887284891226
0.10887725905207163
1.222122459366505
8.321269669528634
0.2609150256915901
2.0351739740523547
4.897312990598593
1.1399143256507138
2.35647866389772
0.7530179489730978
2.576819624938372
0.05897807074796268
0.0170357139602098
2.4005034035468404
0.14119987735883732
9.7029928766158
