14.672355669491484
8.232614799170486
4.333158598723632
4.035327432131752
6.2265030959117995
2.4257232655388603
2.386529576875976
8.574397786001764
6.675938338006312
12.923623458989198
2.981336446054044
3.427977685848492
0.8938597118450776
6.466720206028831
13.120212886278921
4.5556535687574735
14.742172299910374
2.3922826473750702
19.213007763388248
1.5394439570631129
4.737555035783401
14.211167649351637
0.05891390397569563
11.508010914797778
8.31310658817931
9.882216024994346
0.9139253491028466
1.718779700865575
2.553462505649535
14.244400581817679
0.07228246951847891
6.07778390039942
8.743319359856562
1.044023135421813
15.396618383316097
9.000988945794214
4.878707901586945
3.569211408993601
1.9744717713158988
4.277857561364417
3.428893079719032
1.097929892353145
19.725286212690246
6.149438457729957
5.666130432043494
25.0714181237581
2.688462061559492
3.8430398390652436
7.3288429848355605
3.4035095452397663
0.2605331773922913
8.782841745068204
0.02670420965576822
9.813232656674408
6.918440480699374
1.2641223369036285
5.617013606980367
2.2861000598538705
0.602587268659529
15.789961847580935
18.432877401382147
19.747148752474224
4.181673562616553
11.347659818150982
0.29527214217331976
16.312021285352696
12.57093840976477
8.19726931165774
6.506835092258559
6.552363480780558
1.1456651380979803
1.2938106626891777
