623.9544141276438
348.10221742401853
553.4600029061121
19.788906250882714
1625.0408673717939
1878.9671564339476
1068.5898849151808
737.7903883589131
2004.2392432385575
851.3498410044418
1287.0164523461353
2656.9498609664797
1206.0007468315787
4777.879386829886
1671.5482458112508
170.91847333775667
136.48549301950575
987.549866809127
1226.105176176827
3729.8310255591605
131.6296192319905
5290.91458161109
270.4868539241653
2028.2320982281487
3953.848110098772
1170.9588224339773
589.6123192817109
4.753737940120837
4457.9723421144645
620.7713999028034
1127.6946559576586
4252.006614129595
679.1822372221231
2423.546528830244
1936.951694310619
3310.61700255211
247.7741137995592
319.6336869286934
526.2978243785668
3903.8306098339885
6565.682930596068
615.1571653582849
1409.714269963796
683.2715056214195
1331.5189442727003
336.6030495015153
6567.044337343643
62.30450874721656
1296.402455434527
174.7985548265889
3221.175732742245
2643.539670962092
2809.430489085451
172.4638641862014
4748.5033332327885
754.7889662422389
2994.591640413854
15.65548283182243
2552.606455051273
2840.144444250073
1621.1604238140146
1620.7427103282114
10700.158329233893
1289.836636949203
1568.9058013678996
691.4843180316162
3894.7505937136143
1039.7671592424604
411.2207014978871
1787.8064045582007
1412.4381755651534
402.4857368578613
