56190.92585804394
45362.58400402854
3625.7218037502253
47425.96984968374
723458.0449065086
17199.892557451327
857148.6772579219
229601.37602931412
340845.8072286162
43954.9876489073
139858.84368839843
75198.3312574703
375069.72706759616
362963.9332623475
939787.3156886807
121008.99705494441
159415.77021923632
108958.57531203926
120620.2414063155
249288.1949769864
518059.42444067646
182891.1444033651
268308.1707414501
617689.1812658786
81183.47116451996
108516.30998099499
380515.6943336828
298447.3885681586
182724.93108359483
257174.61573071376
20900.613574813295
44057.081564730586
113770.42613189392
45356.20723857185
123179.61975104737
152317.37437328382
146002.1904480457
93014.5758731145
492392.702954205
10216.597217654778
9580.97372310802
3213.2797867281774
261404.22633862737
18632.27090119872
793532.0388928838
34010.45394661687
196213.77095811756
12885.012440461958
249331.77326634194
294884.4373128946
117275.37027563885
390022.5778540606
44988.22944748354
275226.88301686285
178108.24412198318
820034.8763971713
39017.66788748126
91186.96782163509
266098.24821609363
17349.62387065564
17070.808986739365
204633.5875659971
243948.022405238
141750.6020456048
93874.18826683146
776093.9101099555
362122.37661689514
63565.65902148255
16081.310879242294
407331.3789320375
2532.1350225503415
187548.76232110537
