13140.61983839331
6545.985808351492
35212.85990964585
54627.065926286334
134747.93833900016
457602.57276774285
168750.1709831387
78086.78104140892
143855.92129844698
8775.640158064623
141315.37387853884
520682.8333388463
432455.69468666427
239490.33583569963
72464.8653387573
7985.353016509916
38719.634677300804
238666.98227438575
4700.307328322862
77743.98257702035
267717.98176331684
32584.044943759684
147734.71185029828
79683.9105774964
4269.73888882401
405441.1758992552
90823.37714966874
4924.137053115433
425342.9794048994
56139.19210908124
144046.13362479137
287205.8022696155
607844.6709724992
16438.358725270733
50708.71064094503
9018.980903857278
136499.58122906828
171396.44895005247
238659.17695125297
68344.18674215476
346044.4306146052
50578.201263463605
216572.3630459739
97224.91964556252
319838.6972491846
351345.7852951256
56201.02607425366
41618.5864426021
286376.1871231183
214002.0104354142
52431.763950758555
7512.513740463784
94211.3966434254
264972.4141193922
257299.85169520765
83955.16804391312
22080.22711942877
44905.232319172275
59045.23744780115
211598.5574140958
255846.73017338818
1014.9969098955308
409183.53466019995
34572.78579825936
50155.644412630034
104651.33036445618
116648.04488630319
241873.08666188063
216789.84246504982
125976.91061022018
12963.283311935977
69255.20123854898
