107463.82047530713
28213.129767217684
44806.303203699084
61245.475204115
331568.98284600227
10703.908654889332
24761.912779738905
116784.71889552134
108638.25154611944
92227.44369654692
240459.53861235364
21163.43288749977
61784.24383717152
65349.664196190046
63275.62086509177
230311.13280490038
48853.763261367494
264037.6356687672
188197.9445007377
146772.17738670178
386910.71285704116
1463.2761056664335
164331.40118374562
101315.1252937188
106437.30904919199
320769.5195205688
68098.75629620872
4156.876429932827
514862.09989764635
40478.42776146833
36440.77575323867
50216.21744565751
29889.813824206743
20545.32322471991
46173.44676086553
126301.35620603105
212963.97928058213
3466.160181477003
139022.31186912188
75195.26462219325
128725.866688607
92628.94733285073
18738.01770961033
8178.417479323136
153240.94036925267
432493.09452732897
495000.8067960194
46419.365022429825
55450.857415384904
25193.520881361754
74228.62802473598
72487.37294135636
85645.47833671662
602.6999538961567
452723.3726282929
17130.043900078115
142418.03536686423
87752.25114059086
114268.21949726343
108559.92228274001
369153.1891974694
181217.01109508128
93719.53537038568
166755.2870124295
43845.17437129151
168223.8432693269
35828.13455904265
31664.631090336217
40784.281292078165
10909.874281774195
51781.33125710961
103108.3912183878
