133315.00204042206
268.0637761406061
326076.34465866134
40287.46377651237
4582.421075107974
21746.4504859227
164372.03864392586
51267.26707479386
63874.25385576798
103558.06638180651
19617.3639523159
13496.979454883052
67093.87457760987
48351.176741372845
127690.47367068588
37379.81744720569
959.9893948631922
125408.2079640426
2416.152999445793
24082.504492597785
31596.610214352077
5657.249450410425
3693.9035406369862
17138.004817151697
204969.34082505165
12822.798911312475
25723.230000058287
44731.8429254254
19008.256240203205
17609.224753822746
65517.332300069116
51109.44967600453
2125.524887996993
1057.1454923118833
79636.94349976763
43773.54799364052
33455.367090049396
189.3289494635275
122664.81064376725
206796.7990171858
38014.07224687379
26014.533202831946
19248.9450937737
96783.27648934716
43102.82713491887
72949.54119305006
17923.734957552653
6448.392171059554
171871.4137131193
41443.28453081426
67105.03171077854
52253.01070228275
5130.936288557665
849.3420524352164
48575.272909593754
136.8046946073829
748.1866979747496
46007.43547849057
53888.482064023505
230.14534212969315
95929.7468705351
15635.934219492523
19711.03913969671
55036.66872121876
58740.15210907386
8649.145901807693
71693.83550422051
21925.360715777275
18792.81471722717
282474.61137505306
12280.548794551758
39549.42187804451
