83.05083103519952
150.29256504192284
11.221545031968144
64.14615185898123
56.06515563722668
363.21571335101277
11269.47012501395
27.12362077597422
11524.633137825207
82.02673113969053
87.69189970266443
2037.7746308703745
5349.150572739595
44.37759513174353
133.21952939873293
4228.772160997541
19.430236063324696
0.15758683230558296
173.71676816129158
64.11375526862295
54.760933342079824
164.46041662324504
15.058595187873944
14593.231757020583
27.2507672372052
3368.722421509645
1340.1417532444625
1522.422397851915
137.67338186587975
283.1915984423758
8139.13628766065
68.2826806371959
279.2104275293403
6800.1880381486135
7.250680077346135
102.62511928092724
197.8915069710105
137.80579221274357
73.65351742829252
914.4609156932071
299.7822560518479
30.22794360725483
180.21967668489958
850.8671676065849
23303.315784583698
90.67521316856204
5330.857063367123
180.77372370321356
13.739383678941593
443.25477385564
89.36903281410335
387.61039918495413
7.3543417972277325
3238.83152789271
3941.023350305452
24.804787212930687
1121.789867201571
49.3102215713091
31.182356586514164
83.86024383757442
135.1216437440788
28387.12918449686
12.674524293275226
83.37318554430102
31993.797873946733
30847.327326966777
112.72850772339629
29687.150013583618
115.13555788860921
161.76117025766032
54.07913384266496
500.2496538187449
5087.345252187989
96.05320912397151
5311.832818214102
333.05369881215364
66.4988584825803
11.212991941025704
45.667926618916105
14.860053498924913
34.663314912351495
27191.80574297623
49.38259928535294
66.4046870007602
23966.108652582436
17529.79363481371
104.02582141123332
50.05796940935636
15388.943000361625
9049.278970178237
81.25894158603779
150.60539408287403
332.1369182847584
51.41608685788647
27911.802166421432
60.38987326352991
66.31153780789938
398.40020375050227
131.70628757087024
72.81607852232244
9456.88582547135
27.404265635628708
139.76525420966152
26.217853569404042
26.257779307308656
104.59647310402721
28.337712749057197
15658.568176469644
8544.796027129223
77.5954232921649
48.2910428501787
393.7126011782068
83.12704750651821
8193.071873826235
740.0081138188174
29.437788284343466
18.280637448789147
9.102829747886444
99.43930542329088
2399.2804745256767
1385.5444512488025
39.63039176602042
29.746578536394146
268.5382454359279
23.499582202146005
17.058776166028835
202.2346829692111
38.818233000247695
14.75380640437664
4.459762887580045
34.61284282840325
57.98159103646153
52.68580859219226
10.745110781385371
105.87105835575237
107.61016104176569
50.76597189632324
193.72234487331397
144.42281437694308
12.125768124105411
46.334319681343985
80.44278509860024
3830.444476069347
246.00396705538654
188.45310493324112
51.4161065526127
38.97078317412649
350.1127474700652
48.63355337749221
254.93432660906976
178.31191294667224
261.04267217599426
114.53434644315874
26315.053274504786
169.34517227802115
53.40237087349186
17.218451511018056
22056.86103047725
5440.648705607816
37.82647210103532
1726.911758639844
33.48589598556703
117.22512227410009
97.01643344979551
307.7608092755862
85.86511646365742
71.62494611434268
6835.430290822345
48.7315135316707
36216.659885660294
67.0264139266876
91.11792807328472
134.436809267831
18228.653286555014
16.226343890742843
112.453803149885
11212.042736935888
110.75214143034376
12730.920975152589
20.67978216373072
79.82857078135568
202.1537645533574
204.99003576108692
156.84263958146087
56.90716557823652
9653.088343426602
7.6277241414838475
49.724676204407814
132.85065760723583
3763.1227981470374
183.16276218315116
3771.2123440404253
9134.254637246042
16855.836162937703
7220.561928524937
9228.8547697307
46.98084263933822
130.8893368806434
104.81814439009393
419.8461761314018
71.5081572723045
170.79240111591616
175.8125081929141
202.52654881654544
239.3898319870886
283.10502075738486
11469.685493068673
9.50869231924679
164.44829176804367
98.1426999723016
4623.827557755867
13.928208095991527
32.37298145424407
127.48261459511465
236.88302956006987
61.8952008147468
189.41813039268663
8702.192547571034
29.260980589169378
7.278995028605322
47.33334363028387
58.97697720639903
125.64219012581908
206.12651222147858
3.884495026712895
573.2352742971383
22.411106024613343
1239.0537241356813
381.58659914813927
1754.2840726925835
1.010158053247229
25.477936232660515
27.029173096592064
230.40030674826966
54.36083500411873
22292.71072004392
6.872693839239732
2749.2930531914653
475.93304865990365
22390.362069770472
0.9036865803710192
0.7682381114313646
43.119652994232446
68.45597042458422
198.49970905610414
131.08852352339096
12.536044999956134
65.02935761789503
8.574288585795442
5.792455324440525
31.98478688366855
20.14110212354309
27557.584558600098
3535.658449545709
57139.41248784118
174.65677482442305
131.55378159585285
2.699083652385518
37.809435546741526
24343.23760915995
6714.840035713714
1.6364344646753306
112.26486478596678
26094.309024625058
