112161.36406539305
88606.34610214697
246318.40755116844
12867.126981411424
197020.71961885638
156676.72734224636
249622.9279173502
25559.848193298098
291924.37686663447
203702.1537262834
138894.5014907211
462010.55117208953
315675.47100853024
216799.29998309448
448555.71965319006
81684.4961423216
230792.83067607475
2383.485980374764
189162.01306138854
50540.722393910786
214494.4959228009
193179.4197493669
234458.5047255792
204271.74831248558
772421.7626489748
36009.926583974135
101510.09428620778
105798.26124915236
666290.8905824845
64205.45238209624
90927.8312573097
166703.10261717965
122519.68168397577
80586.58840566633
373146.81820369855
14814.616834930697
298883.70760630094
60468.65498886338
130974.70592898522
66437.91042794159
287789.7287817803
195897.1395501904
42207.795893187504
33815.782343513616
7338.801736842457
840.7167371275591
643094.5747351338
22164.151744414
526980.1380449097
67895.43262039052
86981.94698313532
105895.2516663358
531436.8435979526
83484.96278376904
40108.25870462394
172802.8018809675
121477.5224373309
338311.85311512457
1263.8199605240077
160315.88489661933
166358.48325497148
92994.10362812989
33575.843629369265
470991.9663663191
188925.8790883352
184742.74044047276
65220.76086605845
197748.82771346133
150604.91158988097
74414.50756884705
152675.272463995
101653.71240809798
