18639.29855000216
288323.04592222517
32796.887784717954
434768.0507519234
76989.64213888836
74082.78292749451
8992.242044803555
349756.950607308
259268.46224448408
194997.30064559347
188583.4358735766
887282.347677748
181496.62194867473
241671.77681367449
404867.76288596424
62165.090468191505
323080.85654136207
314283.9333987294
119091.43115232626
585993.6412107127
514359.5675084899
393227.6980371915
59227.9314641432
619048.1689206719
173406.62926237847
43713.67264710267
29841.091074037005
113045.99127560038
47062.93656649414
153416.46754729445
79772.80407530046
153122.7228177356
193010.76013282308
18077.97716050816
51286.48312558131
37185.576061424144
801469.2204854767
698983.1492987568
101479.77374813381
1192116.921250676
193332.9592476546
30481.46251053469
359235.9913093899
22748.99392313713
27181.484419752924
391058.1832945723
151717.7164127157
125158.77718954241
131012.13634463355
76332.43268462156
143121.5498431304
363812.89193291747
17930.238390279246
464.03016865139807
22739.287445374972
12911.124524546609
39668.034998496296
567464.3847235832
246993.0880730038
385168.4836732908
126418.93484501576
180120.8343882557
144448.74231043336
17821.479305776378
46043.57245227402
285655.61854044156
456919.5824286197
5045.302911473133
670901.4472831216
243139.68351704962
10222.764810314295
665923.6408582751
