10356.161685417244
8885.567035229502
28498.534832760735
3575.295311355383
4344.473546254513
1500.92569169045
380.9323429705908
4306.62917152864
9279.721854163685
6085.3997779660795
1663.9755139202875
13246.000242324422
2430.657659513652
357.4925951798656
1881.2796334314407
7701.65955333719
4459.188154254013
3519.205076701024
824.495190156094
4878.209775666488
3723.152570545
8046.333634341694
3760.7525237558407
1767.3940862651332
998.8951564134333
6372.258126412055
13022.807890547561
832.715961523997
2079.015147477165
5632.468409397348
22063.524774377333
492.1468913257066
6797.815876490844
2843.9329698507977
9187.253642617816
8099.715349318125
5101.045055794279
18990.424352000562
8981.822447752322
7160.397070678504
1205.5931197430104
2133.617072530926
3151.827478298834
6476.54949842247
11750.981027231493
5353.418247596988
3582.0213242231443
8246.043332837604
884.6661291865437
3160.8192187517593
6623.85551170395
615.1767657634335
13013.311923136062
12774.278094316109
329.46886546046676
2711.003680504112
1260.10390822449
9291.915716000853
1380.0692324862575
2115.5475777047645
1472.995646419849
4570.258231000901
13750.107280157936
4509.605597120967
15196.047522232668
2809.6920706834094
5822.496554425829
4560.952066228795
4592.155913173477
888.861382499443
11462.438751582553
2936.3007673998636
