3437.050084882268
7554.752258898607
146.20047169846214
706.0719089293732
426.6706425259262
2272.5838075198026
244.20364508264058
2703.4848575611295
2330.2743770795846
7985.836207746498
621.6206018119046
727.3912218800621
1503.190913727137
6734.394379966445
3261.472005463965
5264.638883431341
2854.8504491607514
4242.593721701572
29.79005676801198
1923.5878993343763
16407.866478171094
5916.563764092904
2835.6909529151144
1775.0727625501213
2480.202251367571
6583.08170702057
1026.0452376294254
3284.3792580293557
4784.424353322899
1781.0800280463502
393.67660987206796
1524.6325621773476
687.4109802776037
2394.032594793411
9389.450398174316
29.059557815302565
3164.734781779404
6570.820795383478
9989.096097781585
122.46062300767888
11407.914003993765
2666.5564480042567
217.14015451736114
3271.4863190382434
1884.3743468727066
167.03939807420275
869.6924408119093
1764.2946051307
6674.24190953941
5038.308366208521
603.3510680131403
2011.9586166310003
5037.491714475735
1170.0158416530824
4641.353047128503
17666.466385082353
2933.4116178485806
4485.691860738196
437.6130581911087
688.1884943713767
452.06714948569345
2629.0754797788295
476.8949411835638
4785.7682115584175
6857.758797170843
3810.738212345654
798.8736740554306
3323.572583380121
614.0761964653498
1056.9648237167091
195.2365819274113
5773.625976480131
