168.56567985250476
402.24501477035346
394.1484212144697
297.4522919740933
169.3620457813816
126.0549866294825
332.42035252722724
599.8388280202108
472.4372717835961
434.1866906425994
36.81788127934572
536.8904116450012
174.6523581548629
307.20145897730936
363.3955897614535
210.7622645963613
181.32033404290695
97.42920227496676
31.39922072726388
13.657426267755005
186.38607651588347
117.37221342471408
323.25099884065213
322.33586145364666
801.4659716249805
34.474650125319556
164.43230687044772
298.6244491553131
432.13355978105767
62.34364471630271
101.75776622515764
281.81646574556964
235.78822635185733
333.01287911178076
648.979588082558
126.10940485616328
186.5219033167489
315.7040540649263
78.33784472560382
146.3298229653718
1044.2598826939875
123.87198756135322
176.88589689401223
312.46515613200484
374.57978073089595
224.98571677632384
59.675649577305265
527.5761545160509
416.3770963367198
35.16184983139826
198.14636345973415
443.5664338358724
26.24519619141194
59.886014166561196
39.22345474935249
814.1908467846221
235.3940369652913
134.9958648829499
1153.5037224361263
369.50572697333536
183.3665816726135
261.16582527661706
558.5205374652245
189.9020898822536
422.06960211397904
15.046426514188093
177.84528901873148
209.13180841591412
77.91833882243115
240.80832805229826
13.03691370808012
207.78515001850135
713.7636775477698
562.5318960405701
123.76010090517583
576.5116197253328
311.23277787711027
452.1380983309239
45.69587908545795
748.7361427959634
1287.8710798712632
394.34158080414943
90.97288171896032
376.46780878635116
89.01337353877416
24.335944514558154
99.33507384685207
247.91973843500142
637.4331112761462
240.11357379065774
120.94120213717127
44.74141076479123
110.63948412494145
85.45350978334484
207.38308813513345
178.78996861471714
831.6944346670142
204.30745219243622
269.8005069085736
518.777945547017
139.78955559168543
143.7141888843493
368.8995286674485
34.63525408215918
111.48862737816555
622.805211490009
321.8948868410035
70.23484126038758
167.7241947242534
823.3464800462132
316.3846622686853
438.304345252752
21.200568442389304
389.90011697567195
206.34969392717036
112.12134605147791
440.87459229105076
970.3326465528438
11.312783283728473
55.22151771133496
370.5793820684883
235.17650584808968
128.87150416809342
229.9613119742792
113.05428992853321
374.969398611321
98.339410755918
286.91270738263387
261.8502574181148
383.2263592990276
89.60990277256158
145.56661771622166
206.7560318661131
90.11613760348871
217.21822349625018
118.64921315581982
359.7419753597519
156.44265820311176
578.1611911883223
93.28926379172518
367.50075895815814
300.3312675956538
130.74817982419157
148.27842641366584
75.6837973960187
105.62870912386293
861.224457544614
326.05106261434497
393.18095253543237
110.21676389818633
66.50075650866908
172.97842358947295
434.54985105082073
242.23318010148847
328.4333822514662
333.0610268175519
133.89373482125174
95.91023140081145
89.42529239422313
112.37584680366653
24.010186347904817
82.36311502782989
223.7224221459739
2.9237282806004568
481.02487072634267
72.25019435765192
18.00170581330001
196.42764618121393
19.86840024589671
168.239269576254
204.77867121548135
1046.202693910201
94.99174985349974
203.2560069568197
844.7359605114843
399.5221730709912
290.81206855117176
176.02664995623587
182.40127340314373
99.06176427820093
471.4577990610746
356.7473650981537
1444.6350912987016
129.1730144029652
325.4146591847375
441.3545844880279
322.2694563151415
79.41029083644224
78.7987624679709
75.18266737404848
220.8306004668468
408.47146993472523
78.00320479192854
196.89101358795966
127.02576055142664
293.36393735445745
88.79538790361951
53.44159804829789
453.12133959842885
274.1215194786364
702.3368788113588
300.79456381344835
108.9484542721889
289.9681869959875
24.19827300581688
147.7266314807532
29.9186492307317
31.655481555125597
867.0508196109857
291.74453866898943
10.158396527926111
70.00977373860823
71.74931256136637
108.71157665064045
228.40122000355245
260.71612851851137
47.347209378892686
87.3322875098353
69.27741000827544
279.9296053884168
38.932370296432275
971.939069951752
109.58510326723122
829.8997834346346
180.61124789897045
89.566864613909
9.122723323429383
181.18564667004352
370.12721804348956
110.01543263947879
442.5886281842982
192.10845644352113
187.24614403364052
1265.0240445258546
223.239438383286
231.34398830025873
143.30926176595744
615.4738329931218
191.0558338290271
293.8394138291699
59.3118983452701
223.13223277754463
255.96990084931844
77.98910126075188
233.2024846002064
152.66325979346578
203.23358939302736
608.0432663489496
49.93358882150929
498.9888291687638
433.16354414413456
188.27504601281686
226.29887356027209
175.27787392838007
589.2200674344662
704.7262791881313
59.53944028437252
99.74311135063206
200.70943775277328
220.33999450228953
293.49477659366124
139.35986505996686
465.2971678713153
269.9201515746288
146.50110179097123
412.29741546997224
74.97437165400433
8.937913116174009
258.2953981874776
37.39017803892991
462.6028606362181
297.54945167909926
137.45654729460912
209.68330589141806
78.96819023261439
260.2158682862643
84.3192390564845
557.1295986647154
19.026545514376245
133.27081307474396
511.8948344426262
12.608893661027395
60.03716581118427
752.9464395011956
402.531420595229
418.9872528262536
191.54391561727795
90.68158513350606
101.42908628435029
130.58617785716228
128.0627445866777
57.5840110313661
346.9765043197338
552.4448269788058
94.30219825561734
512.8050208854901
64.13120317119869
781.1264280209227
91.84306711012188
61.91042686777221
115.22827695201569
182.23260173411694
214.95873674337636
189.78020991007108
150.4759909056555
104.00573373742257
91.05925726374055
85.06542990778577
519.3084403391687
9.497787933865844
109.78118898525963
136.08104876657518
45.92396995831022
141.67223435039475
49.37907435918948
64.27422395213051
10.860839235345665
122.48553241072278
616.1157530831712
99.39289588891319
681.8251636065869
388.1401956579023
24.94582747968759
75.68063372572918
133.7387167218527
62.878526780742426
157.98725124848139
292.7491527536078
82.11490791400301
24.151020793742884
501.60083531446594
720.2708930650209
90.661946958814
27.23939968131885
210.1149817688716
31.6423290923543
69.63183211291896
577.514386070685
61.46926269795854
123.08739095238703
531.7209636226423
260.8365518824484
1094.7721075006866
476.0524667948806
591.8610204918501
585.1789145521863
175.2164208045398
63.59590979061663
248.82011362226802
274.8245346103983
121.68874419101856
558.6772724498225
31.618169913450743
100.08965742838882
264.31318518231944
919.0282977381294
71.71895970574889
628.3285631619837
77.5485061777122
114.98798664449524
28.92093739838779
261.01441734043067
182.59770144922936
179.2246974911125
81.09225980933165
391.52345800021754
283.2324834045277
202.7224308241631
649.5145893380227
95.73129707414063
122.97527526728727
363.66876320305226
996.5374824154828
453.46647437331256
422.92062654280323
117.24629155591452
11.234538860140862
284.3635439452584
49.465571034566075
120.62313192822255
324.76738990499865
454.6851865084456
68.93052066189006
97.78888143836451
39.275765366627624
102.0916644039794
519.2864266433099
1384.2597616882715
23.060865780638913
429.52411355263445
176.9304504581463
216.01932297205852
538.5905633677381
336.63160907644567
721.8884767124463
723.4552159791963
662.6361837822543
111.24169533640202
151.82957404539093
247.30248059776466
142.24135658045444
561.85981482006
113.07779106156326
554.2516337997524
197.76121279695232
72.77214761637296
54.819000204155955
187.23265226272832
45.70463371069145
253.65747083204312
224.31791779125584
35.78919187209516
410.43295025588594
157.46690395781977
916.8258018860985
366.7313373259532
350.8332255432342
191.57758986055077
782.2642872849369
71.6954083848367
40.682956209010236
193.2241979168018
192.11661472448566
206.69867288360356
104.27114939998108
228.7926269854652
720.4455304937336
241.02815086341826
650.6957372830154
69.01345874479208
237.61031458663217
63.99201244181297
467.1613095130575
262.11230648333816
233.20038435740244
388.22371627274316
172.59711597909265
408.3536371854335
273.9741089464453
248.9231265922514
351.5266500112088
533.4231914085242
273.37030556563707
344.19211425749353
225.1418611667325
316.2495574842908
79.80559908012188
30.99355767956032
65.65786624617833
83.7327254788941
89.86832791089378
254.32270366901676
75.82242940533786
80.54900492469785
523.5280356023535
71.02698654329721
209.51399084848944
39.20218003986594
78.26001530808658
253.6492547600715
262.7139090077933
297.3699672825635
234.11484474379412
436.28942993627066
237.2623647727286
34.310090926406666
38.70751919228556
121.27200281157272
13.808291732133283
365.33183625365587
796.8272136553754
107.81565338401545
239.92708789487565
115.46930247671095
208.4550948894413
8.625227825670274
251.02388845580757
54.14226274158915
271.39814085893767
342.2644238854828
29.009060255625837
488.4575783189544
188.1593817463238
86.9321344427145
159.8454442965524
89.29658890278729
783.2484453235027
78.64392289049378
128.21745272489073
124.09758250964586
1046.9846321738971
257.17647283250403
472.53779306501553
63.89034875770138
382.09570301065503
813.1074215397383
813.913990633851
70.40469291961759
20.233677619552793
648.8377636888654
358.349601503643
65.52413094256146
603.8196625467307
66.04111857936901
27.512926606730705
444.517261572868
861.14145873815
94.66155749892886
388.3112930137829
316.2829342543077
715.7115183899485
271.4815531759416
258.5027629755492
292.69694731065766
186.83718328130237
518.1473533936387
366.2052689550572
69.17946612447845
383.95694375736275
252.93448241414856
457.8036821928603
866.9125199786819
421.0888750260025
294.95916982905
50.19724010310538
73.26025916551549
81.98985234296691
123.97935203705676
51.00155017594615
94.18679271646701
391.6391435284125
217.50327323776014
267.8070060300273
76.56754063648819
92.0385267785223
609.4585063723872
46.76872666063143
87.49427849748619
218.45671360902557
91.24812884980251
427.5068833418424
293.8109121690194
39.37594863625472
3.4455808905291727
86.87877343976359
142.09855661395034
298.04726164704067
46.12727644066827
18.52704376290554
279.8713255438705
103.78026754685273
112.98767969298969
444.4788306587442
188.07254499542714
823.825605479142
553.6579952698618
132.52210719518573
150.69647294476582
112.94591797591441
673.426856484848
313.5954422061747
43.2454648660151
270.1844090867518
1128.2743041700237
24.207657146940857
381.32734492117237
176.79685548413775
33.868583004734255
68.98365207484011
346.9496015591426
562.6072740636574
855.1833032725974
65.90935375575269
369.2748879712874
165.65331978917197
184.65399679460552
347.21993761907237
80.34536281911191
227.12828612521747
282.55555710313973
210.38839280675057
105.68673532303625
246.43619177363396
42.559414163242614
78.35258709614033
433.638810042145
52.2216934524483
255.80729992012604
758.6270821948514
66.01991976485584
151.88778138129814
24.424713778559756
58.172939103236025
76.80124952581022
393.27017385181097
1339.9274629527686
221.10397325892478
244.889529232961
284.5001446133495
73.21710618056795
340.7642961343669
424.00287488696466
92.70654903373622
44.46673517366933
315.4974519930633
118.95618516689835
225.69344641425633
21.650955536779684
103.83634822101882
86.37391132107534
157.8231391297641
714.6187463350686
317.50897075922796
353.1982342945652
150.41077012415798
51.34277883507937
196.9922179245172
101.08615567394082
118.36885895569108
268.2849862884501
304.24162538519647
434.23462910209855
45.234351955341154
121.71351894747336
170.05303702290752
812.1554162356745
433.13974129054475
457.64144007270164
166.88122966375076
188.0578803297475
60.17430170001552
369.3441559833266
1001.7892966129915
142.82884624334656
63.106585244333786
507.00173357414025
892.9888749618837
107.0075256175699
30.134431003326107
93.95432550216482
47.40200276685728
366.4749165847281
69.32515466684914
467.071105351579
229.75520363576157
118.99904585151097
14.633962650687863
28.057451627485165
208.09982744381907
504.52996572997665
26.07933226027452
599.0455904512179
346.3084964913943
397.7523806260711
232.07010121505155
40.408148494457464
345.8058003307693
98.0513817133291
311.723027608554
29.242562987904144
24.973698550952044
187.48532079529122
104.59557517045427
411.6862297222574
453.9851656955037
31.37897005452318
825.0122707644163
234.79825050462142
44.26393110601166
300.81705986449776
354.35782013901303
641.8799579017417
380.33028405458805
257.23315475771943
367.9986424325208
157.24165053549703
521.0726256747112
392.0019614918527
137.8950024904482
263.5605114527947
280.8587327407766
385.9766927429954
320.53122468804736
144.50349826732872
440.6625544618984
88.86613048883326
549.9140054848581
90.49601390700094
174.5262591719104
47.45136216009385
455.94666731019225
91.94035420268307
340.3160437807886
155.81459942049344
435.30270558341346
60.365910830774546
37.661145207323685
437.35426324312334
66.10693408724863
210.6914821279553
277.7595664273835
22.667162423037766
285.1748277802965
628.3569456052902
785.4105362268843
590.7746334479828
100.33147254882803
407.4263111618217
186.13056171413223
100.29586194594789
314.5142139939916
74.2857507698642
621.4093715235434
461.4138333448207
316.5992867255477
163.16964352433672
367.2331687084067
100.5775386286748
35.32548960886012
1064.4862195353146
