0.06507093699309639
0.05505445418992612
0.07548541759209962
0.11461180410188601
0.08104693470458453
0.19384461208980072
0.019248874094678587
0.5020423810185498
0.12308118575830157
0.1265304300550892
0.06793006113849531
0.03076027070083916
0.18431753703281542
0.049650776361308956
0.10558236464335305
0.16556396354722822
0.2743051463046956
0.38957992582543255
0.02983126132837078
6.504344396724091e-05
0.30525020792327023
0.1170644139720729
0.5057356041195503
0.12036772626246423
0.07780507819328386
0.0897598029259655
0.10433192015989552
0.24429533204650894
0.004611840781461061
0.04649161744964328
0.0015868344699333957
0.20628531005131634
0.05128931555214502
0.0023785401970917884
0.1172781018595728
0.08668164927892658
0.005463722727289805
0.02039387747351884
0.18295253100680317
0.16945428937396392
0.6907031201360345
0.06756071624747051
0.015512965731209916
0.02008339186456683
0.24299862382069928
0.11606241421907891
0.18395913702833944
0.01465617463584212
0.36839641232168985
0.44865879512780654
0.07799627265377339
0.20930394490572132
0.11978748568634287
0.013663888819841744
0.01937117709343697
0.567046759648826
0.3386271541213331
0.0448396966939176
0.0838470588717413
0.13720364156321382
0.10056916814459989
0.1182505556567265
0.024936074705429093
0.10656185832406447
0.018289545857768222
0.150754256167591
0.14924128142378745
0.02626996464242214
0.10194538012804152
0.00749393948846463
0.042550175536623484
0.06760815523904613
0.1365983719766949
0.013241863275962896
0.1447895565722654
0.05114449199493308
0.017271459338332806
0.010533201672682756
0.14289837417657647
0.06977818152502638
0.22119355481329575
0.036697393483317145
0.10262936172026059
0.014664604187049993
0.04880392467499016
0.12813728927800563
0.28919522829468586
0.017982943062335995
0.4274550348123933
0.050888618136324566
0.20514947683477894
0.04722949057513736
0.03227538857039096
0.05699940265065376
0.11302212013218277
0.036895235344551844
0.11545433357214319
0.03479715676068238
0.004724309188793227
0.40925191497057567
0.0413158594220759
0.14609112425464693
0.1676842111930106
0.20091287797412913
0.11746854477118403
0.0006739362323248323
0.06440748941929418
0.4667820647182479
0.05308182508402932
0.053157073058637684
0.11222719359253835
0.024101069707887217
0.08134356695540912
0.08611497141782423
0.08942765388589906
0.03084116171136699
0.023243893811162982
0.17942809722928388
0.23080846770461924
0.20043241851167515
0.015333427272016505
0.12479265984771065
0.03735557105742022
0.12372372511473653
0.19189878297584706
0.07750710892449085
0.15615280027583675
0.17195453632645805
0.5830145422831681
0.11968191545688564
0.26470835903103185
0.09027868051169864
0.3330897757245514
0.1573295064573448
0.04263942315537142
0.07509015443031127
0.13972233001967888
0.11307446698059598
0.031077109382054314
0.10007225510682324
0.0699792568011117
0.19667654923457414
0.15733676620221546
0.5379434934363617
0.022016923081883414
0.2832482099248154
0.03336592239594552
0.24757965698325424
0.09618259780294805
0.044812422665980865
0.20305715732345644
0.0819546698325467
0.4300404555454397
0.284635231525196
0.31082105327596066
0.24064635207530136
0.3027461392694081
0.03644627999840096
0.2571022166610994
0.5532839961326337
0.23026482495236947
0.0635092767388794
0.46656293466067755
0.12137912181097747
0.12493369068153284
0.04096013738424075
0.018605031285155605
0.03365858229113274
0.03417057802727974
0.08040113956306054
0.06444665041778923
0.0076438954167889735
0.07422137740716686
0.007991822010539697
0.06222343756650334
0.0795726551801132
0.06340546247883276
0.03826071502077892
0.19071898967259274
0.005764503172858486
0.11988489197311587
0.00012797719183061266
0.15997568876613544
0.11199250076181858
0.09222130957351157
0.5625221142125777
0.0037188989910759782
0.7458102060682906
0.07846007203332978
0.11213868995781671
0.09139962709979785
0.29796942187811776
0.07053595570036426
0.06697019148901934
0.06134866972190673
0.14840122709173093
0.092957804509113
0.08080598715522919
0.24269442938815972
0.03458731152578722
0.006914145813107534
0.00504468423414924
0.2611612183549834
0.09017666603376702
0.2861323759373522
0.2668822268809865
0.023710271820199073
0.11243789851637626
0.02046241672379726
0.2940397533690417
0.023634414696931793
0.11481897178672835
0.13149880519809062
0.2450772897283893
0.13373662762255212
0.009368887049575149
0.33282017225812516
0.07931644992241851
0.03622340745772226
0.089344933445983
0.07638923336560371
0.15174741523695795
0.0966575923790258
0.027092647728253455
0.005581871071780845
0.11897586112694147
0.18127253189994538
0.058091929370377944
0.14495533008073908
0.35172977049742576
0.09485868514154558
0.23901060321658346
0.5975958757903331
0.001907194231325194
0.09234350911161888
0.02899496840311635
0.044892835740684096
0.1891973915128053
0.1481460768312544
0.15197849292181598
