0.01598092848762383
0.021993387104693913
0.022474106771482667
0.10635962596756274
0.011823880699134032
0.010079060548902454
0.034627521706351326
0.0005596447866595625
0.02302475947389609
0.06609968436777623
0.014614960468351416
0.18315614249316015
0.059713473307898356
0.006520411326586117
0.29871494264643966
0.03540615432414486
0.060204658638001105
0.029689844783800094
0.024345946532815927
0.1989737102499908
0.01850612591318945
0.061337134824863186
0.028007496368286245
0.18246806539390378
0.032849960309007414
0.06846184676075864
0.09087255225115347
0.035218299958987176
1.285804078565102e-05
0.145474897585098
0.023235572950640764
0.03800787404926961
0.10270904754400345
0.13657026925889923
0.022965494471465408
0.022385940457136988
0.04134669008843323
0.11694709792118502
0.11226363709785221
0.02292467772112161
0.02135542233377957
0.04118546338015156
0.01549420566012826
0.020465405385684515
0.13392621572522234
0.0024681535283183125
0.046597838689221176
0.06342190604673749
0.0280325128302483
0.02712276263778973
0.009885901453320512
0.11342558724523628
0.00869064918834591
0.10016199018409282
0.040244533338475316
0.006961352898850631
0.029311862196648122
0.14515094439057372
0.10350224671325292
0.025377065525240966
0.1490853325161536
0.0771809853780834
0.001435464185874975
0.062069499008008844
0.03159470034003024
0.10867035872117274
0.15917943340015347
0.009474116358787085
0.4005521307071617
0.04946449578467032
0.06299462550168104
0.003957027762038618
0.003043046626922013
0.20608532829947473
0.04923522408504532
0.012337386823296055
0.03883108000266255
0.044821974284866256
0.029955948417699937
0.22550799421507273
0.016154363839065416
0.04208897415633049
0.09302358618662755
0.01748548614186151
0.053088325479710624
0.016229272591304595
0.043806915832222855
0.11027010638594592
0.006288655496938561
0.030261091956945277
0.02567035399295426
0.040025582196048716
0.10132513206647761
0.04886925007358264
0.0037946643322311915
0.009717154002752288
0.00686976812766966
0.11450776002128406
0.17394308181953969
0.004214551981374538
0.056147783856906414
0.027404101924497815
0.21907491135742374
0.07146733170359065
0.25386690100398007
0.006812228695205778
0.00784877847888612
0.04550649562116124
0.022454365845361476
0.00020405816377306026
0.07255660051666715
0.015897478628666452
0.008282949535803382
0.029088546817782238
0.0016387318819871622
0.06838355560546867
0.01559263363169548
0.007332351619456954
0.07380002710962909
0.13957254129657987
0.009582861501860697
0.052456504675736516
0.33788896944617614
0.034202938852740936
0.09490460575233954
0.13046389905845648
0.04655578547589784
0.006285773055642414
0.027663438770250397
0.012262830468761574
0.034238817156030714
0.023330257883620805
0.1157419058643991
0.02164289155519852
0.1461309219956143
0.17218878614088926
0.2891516297279122
0.03261704654570845
0.015160067378377532
0.07675335951256948
0.1062768177062987
0.04469062371027446
0.03542453607211044
0.05843720221800108
0.011501433653403448
0.09708909623982333
0.0029410189858651344
0.03949175306225609
0.026939736703605537
0.05266596581295492
0.26131153337225355
0.07921978208895845
0.0005130751465798408
0.047373682107606035
0.08763126621768323
0.017852616844433594
0.05302847825786752
0.012451169518729625
0.01904613184523299
0.028911714764796443
0.03011099381827445
0.017401913018653542
0.0386084575088701
0.06588100151953594
0.02813524401842621
0.030378258076534236
0.0011811757736124035
0.08910716641235349
0.002036939849981075
0.09936703845887299
0.028506100114917648
0.15018874678426997
0.011517926337938435
0.12231071031722572
0.012072817439586922
0.12408538096916909
0.053198564653558114
0.037100491521970695
0.07324273603488045
0.005382013243338285
0.021513246495270158
0.013814414648756804
0.11349805606509909
0.03518406238760882
0.0304366481733667
0.023736131753648953
0.011454776205460853
0.02963272497350826
0.04959304471258512
0.056173165559402376
0.08981739769995999
0.016884299759403303
0.06261792229633492
0.13174680278439724
0.11512240005036385
0.12647176303094976
0.1450713585646336
0.1568873666403176
0.2295790061203597
0.10380536758361131
0.009240798898840323
0.11310781365697216
0.044488352599195535
0.12021918716403783
0.023209994477714522
0.018232801571829445
0.02002209110436917
0.013060356102316003
0.051579514472576075
0.0023575818174907384
0.07686478609353053
0.004536283177949266
0.21958093585586766
0.025886155549343044
0.04997583111968185
0.06327471394415378
0.11218647036993601
0.021185673738084217
0.14946446259946045
0.08214346950698857
0.06744635104119825
0.0583252136658463
0.04735127343950977
0.009282675718270319
0.01203642010877337
0.006886026600769093
0.1500282075765433
0.0001237748002674961
0.00020627926598259751
0.21429091981938697
0.01083420859591562
0.094949987900279
0.07378382803894522
0.17316425951286069
0.0020158326629546148
0.053537211552714924
0.015817782462353318
0.006477696363205419
0.08373940749525509
0.012133462552980988
