75.00362084821272
93.42387041464296
21.053697618985957
147.72092219767808
17.76234009080568
5.33408517566635
147.92543937302824
109.27566650237574
32.16372756441617
10.641723524962739
104.28080295887133
115.00816267655189
33.46656806735682
24.41444693211631
42.45611069576381
45.769005865734584
35.72660252042851
50.50513229715986
82.7235634389525
93.76561529334033
57.76496247981487
36.78441539401158
12.35442062098718
13.54851505317498
59.294646565681916
28.546131920565713
54.491238636570365
1.3864704515056552
125.00117597274436
106.64945455276515
5.55540444841937
18.89360461779343
59.73072003313776
28.39186751287171
52.17750194501258
132.01610585362783
34.84674367037336
117.56642085152411
42.50551847430297
91.59824805727517
16.101713217392497
1.830462965075221
2.956153719114673
8.861738466049305
11.908638152098023
13.0714311860527
14.845866447599535
16.209927528759355
13.375380581284576
62.24944320270025
0.897981300240754
104.76819412689717
17.0938295074099
114.37140584044306
19.822685595451702
43.767375312872964
19.268582512184597
5.03592353921512
27.752647686503416
23.065305771631653
56.07307886490095
5.169408646708082
3.6846766339405184
6.403850614506951
76.17959847651947
9.273913988129472
16.128850766539497
267.8283960511786
106.46642538524058
649.5308738420961
43.965072493850364
12.978715024660486
