62.3760756459
151.023915426
180.221671836
110.695305752
191.696321829
131.906440929
27.3243246741
72.0922933507
110.242759019
88.2034149392
145.650417606
106.277205676
130.039166172
37.8669686146
139.550907634
94.9182098959
82.6435874236
161.286404065
111.110972258
106.456518738
111.211886988
173.84732701
437.095991905
184.758587547
228.919160737
189.281881855
85.2288934246
443.53125784
212.83971585
127.788930777
464.873290014
78.5297482908
69.2863535083
137.16325694
73.7854065855
26.0262395878
86.863931711
189.155604757
132.827322808
264.57489746
180.953066017
193.056948698
433.230826528
133.538579738
113.612601546
481.305260457
83.3999771135
128.47381584
64.0116877964
345.30044206
284.00025956
191.874819435
191.51148236
80.0888357404
271.89459309
98.7508552642
110.121315138
137.625360889
116.074979858
145.650962158
144.041104488
180.063751406
192.928985371
199.44584833
196.400590506
82.3554667459
72.884890629
134.756251891
92.4332793128
121.972578215
127.000109595
109.327394895
164.630631296
98.1835258967
183.611933096
81.2322070352
68.2180329649
67.5855087678
140.300488653
81.1770152899
100.721861799
143.334303145
58.8940776636
138.53823918
382.521013055
209.159385339
160.198518536
180.193363998
65.0824327887
285.549789238
322.522102764
116.081649921
117.221667023
128.141379879
134.840454414
175.212978254
63.0918618464
104.891217454
168.888722522
229.572585437
318.0296555
81.5426520115
220.702558171
189.005036716
98.0369888149
124.647463948
161.401438014
156.286812875
166.056696442
489.489439092
54.3604811587
74.5696910036
167.687225893
361.958735478
158.06353749
203.710010906
88.3219120742
104.689394015
125.447685179
451.983557059
146.490496825
94.3051699756
114.024081042
89.3962745899
256.024449265
73.6004293819
141.801889963
57.2576609131
84.863360012
148.885013431
63.3185047471
179.848142453
76.3836186554
87.8531647186
85.9541945356
48.1676689505
44.2406706636
16.8355930393
80.123038122
47.0048156251
142.551816278
9.35176938024
160.12052744
45.1518633189
331.375228491
112.589802819
72.056950684
160.244431604
292.30067848
126.509810847
58.3184303741
183.870153688
282.35553819
70.8215805799
94.44341469
110.045700683
141.408461156
121.735564142
74.1808327841
72.9907040642
73.0209681624
43.8545697426
135.209710801
289.345262589
148.89929026
79.011799415
55.7899403061
271.340410653
35.4655819109
50.3825320218
232.299292795
99.9971376078
428.371778239
339.109203059
41.4725572216
126.644458774
77.6595743163
149.669868747
299.097799293
132.115211623
322.50311232
99.675704771
234.536160622
176.660399941
129.854284676
66.8076881874
106.215243783
152.990376811
48.1372530477
527.294336672
108.446475592
109.608088546
104.161766833
245.975959638
137.267976532
126.920859414
242.380844165
134.454224699
575.773893397
80.8263586044
76.5892732944
105.290271515
226.260174456
139.907262211
133.362545085
29.2606486971
63.3354057878
147.621625696
152.689918927
140.315200693
119.710378865
141.726353241
99.9091102605
81.4657159298
190.643919284
450.341805625
178.300410394
66.1128801708
62.1914403258
123.302116799
117.491994054
86.92805525
219.608286362
94.8174375339
184.516506327
187.564102024
55.5228888058
92.5340382286
187.480527925
133.492259157
14.4474068685
40.1849240704
70.3020605957
60.9955697196
93.4379461956
258.762748181
245.357400617
86.3595253114
528.874499678
65.2811403897
259.520262509
238.363966101
98.4540419903
124.370012818
335.53358621
63.937598447
85.7166994186
183.733368132
433.138844608
208.323253661
249.282712247
225.748926314
651.089091922
235.910267372
50.7346864626
294.525479623
58.6966858996
92.640677706
83.249145817
230.497227779
19.222730419
189.078146947
118.095867048
91.4812625379
157.279035635
309.685012934
75.528748796
301.547384767
77.8422950033
52.2124866673
382.89496794
65.731585539
139.418618223
100.099285241
72.7471902529
93.031737598
91.0286928924
88.718677429
110.131610744
75.6219772026
110.113145627
165.41331446
96.2624142381
73.3475344713
180.998104251
247.126752665
90.5867836339
150.747849303
172.013241435
139.363626588
169.797677229
127.946420787
116.254583485
79.7593825369
101.735683899
159.628386489
99.626085465
173.741757295
226.200489303
100.871691066
208.978696353
96.718238734
107.236437592
233.808680269
239.710546862
176.575616915
302.125457036
150.344941443
102.256704388
420.272718669
128.955050223
101.989651675
79.334825899
109.632372355
334.919252944
125.717187843
408.309300909
120.932629825
125.463223701
291.817905363
206.905218847
116.261669908
185.469263449
105.839940208
112.414496299
102.213334193
242.618680424
145.084121284
102.101396255
192.863344508
87.2729069194
103.453817556
110.131870333
465.28107439
167.483657287
114.331588615
54.5182396586
70.0427226323
115.58311116
170.241859416
266.921756226
150.298208292
37.5675577752
84.5584657205
196.440362688
112.313577542
120.715058935
335.461629702
110.393767967
246.273393973
103.247864664
60.0066268641
255.209360569
98.6723903801
139.806239552
196.279288351
140.865680933
165.919820052
76.7405066736
200.649916393
191.239013811
127.558287812
322.638519345
158.216179788
145.715865614
163.121424703
117.761942396
121.569459097
180.838290365
31.0076364746
234.112447365
96.6165873821
122.845988343
175.153783626
169.399523287
51.5879492956
72.152230797
72.8697570891
221.844192278
66.2436420963
85.3254933099
87.2516528585
99.4655572663
304.860421462
119.811526289
74.5913770232
61.8924078165
118.428210182
145.731428411
151.534200106
424.305670661
182.054630547
113.786516296
57.7372491968
89.6608202025
119.150664185
3.27471492474
103.204727806
177.80739576
36.9508181483
151.635751813
396.875806712
105.639816165
82.2907491011
162.803499656
117.375969746
165.851126237
116.754561507
117.213219832
138.113628345
134.199807337
44.2739812325
287.045996191
30.1869654807
48.8837299764
82.7792496287
74.5300632786
155.832782344
43.3002424072
59.6737954301
200.882631727
98.3803523582
25.8672161745
70.0383956066
309.305572843
133.246242327
85.8897140563
66.6555255815
404.960132919
108.577490819
177.125759728
130.940244093
275.620375319
43.120805252
48.7550911453
164.72444586
174.069178352
93.3032555643
317.998115667
84.4313018601
118.866102059
87.8117167945
25.4975513413
20.1842016455
42.298809405
67.785669309
180.182988592
122.330545288
55.0822791794
75.804018904
89.7562237061
177.0930872
169.294841518
78.3296194873
258.646846077
108.800754142
167.127288378
118.28188354
103.680071221
88.0249678935
131.255577938
160.829720652
275.669400948
56.6926155105
198.987475059
113.10405715
75.4008557555
122.228491659
147.38334476
266.950722699
205.081182596
207.837685901
126.503439939
174.988904909
485.095338917
109.400789063
187.492546896
183.292429951
150.338729029
169.484614801
63.4244686593
77.3874229852
62.105856813
156.043454888
245.158685103
268.891118889
44.1434840425
68.6208353829
50.8847068109
165.754347704
69.7116350938
135.866252842
79.8771140256
184.572882685
139.009037589
193.438231258
158.015705319
59.3596644103
162.518478439
58.7947408782
129.563060608
208.758626878
184.611122607
37.1734479872
134.660022151
207.404840039
99.1637762209
162.636023798
62.5120559271
337.964153801
61.2055020808
102.40440251
150.118260445
89.4029980401
159.768035896
168.915952336
142.671854155
36.5472230132
98.9796093525
82.990363198
161.385041883
270.025806128
134.12457725
31.8117937942
382.221676655
114.545020284
195.996834389
98.7766318378
108.242885727
91.5727843894
90.6958860629
81.7194949075
37.9138804295
84.5923553055
124.605167053
518.306264653
84.3127683489
185.965196792
75.3245948627
46.4084677221
110.643755035
135.389543895
61.4249705349
58.985362403
38.4246783568
115.511657732
64.3925073113
105.840512026
77.5955070208
62.1671534331
216.35204514
207.719800681
141.81544813
109.784653035
208.628522622
171.948785562
77.8887542199
156.614292729
53.0955124189
135.902502971
140.729954371
66.9035130239
131.104556087
26.2446988065
93.9684081622
37.364947394
190.744403845
64.7298508696
280.753910587
182.245136223
31.4736789116
495.708037984
179.40104597
69.6863715973
49.3023951622
128.987965185
97.1926521268
258.028620796
84.7455529734
135.890078747
117.560991095
78.5183222502
270.857389778
320.443150473
200.080282336
143.201538222
119.341243787
114.383400802
64.1894589721
67.0508226232
228.598397354
157.28957142
100.139535995
283.786147191
232.52088462
140.25031664
185.734642528
132.283591706
88.079540364
194.138447646
79.0968561258
238.161936606
205.440206448
153.97632527
211.927512993
215.850959559
202.836424595
129.964470611
171.287627988
146.2718687
239.576196
290.508751897
142.335828038
79.1335073254
340.501572309
111.767992109
89.4203959842
139.432077752
108.842231703
38.646335413
86.38710681
178.686717262
102.170155976
174.594353129
113.352503363
244.915817215
145.924231496
101.494140914
100.523344966
53.2734167479
228.008802831
132.217852896
145.842802013
142.468621775
94.8070327199
99.3600431876
84.8169012671
144.723651956
146.439967709
200.615740922
61.7042073493
171.365089524
320.615273488
59.137737994
56.4042046817
415.187923643
109.835380731
92.2139552376
200.199908471
296.123984981
361.058329905
292.358501408
294.328255891
487.75773203
382.099391406
166.657855794
41.2280205509
50.1919047248
145.434338254
55.3834270376
319.557114965
250.335766435
149.55438632
264.216143515
66.5410481263
48.487771135
283.207254681
108.089572389
274.874492442
59.5009293245
399.396688462
162.043849613
363.450619346
211.966943214
246.977029806
125.281824968
80.4354625581
101.386416905
60.7881981128
105.393129121
237.954580542
331.017158939
144.628057293
417.861883087
156.240719666
107.608474001
199.485194699
47.1302183776
70.3947257749
66.2362227637
124.16896473
33.8775096315
100.32959221
130.105090658
158.934660945
86.3247062388
273.433593842
53.1252058554
135.725417365
199.012251312
138.342826203
108.042656463
173.911043218
12.9519698747
232.939087727
399.590329494
178.385751868
56.5286762971
14.3872711305
127.851949893
250.198861937
137.379195404
70.8324791888
95.0150829183
255.737729153
46.3321109026
134.007346884
49.7498800695
154.607166493
73.7728199742
131.832388532
104.817006451
216.342980797
257.77127123
187.133219467
88.7601062301
97.2966660435
63.9552525667
197.820788384
528.466987558
300.22078487
45.7157888722
50.2466911575
204.472990923
217.284600243
97.6918812947
145.788021736
269.343747245
107.262957117
230.150258874
108.111321515
211.041933672
54.5752266191
26.3510383432
74.6425594883
98.0401707612
51.8659041973
74.9874326149
103.246892269
218.60122018
88.8023484628
140.131044297
92.240371604
135.044987645
34.5615187951
358.004810948
74.1171752608
56.8681893583
117.572981022
198.269494417
496.315568312
39.1145854376
139.513785238
168.662583298
86.7655937511
187.54184254
181.482517962
157.988548957
251.693606315
106.893318545
23.3890514502
285.125740157
76.0728788344
59.4609728087
91.7348228953
258.773180166
65.7437033353
31.7665113818
66.3885251117
349.792294019
41.875538501
150.580752368
78.2816035486
285.045446347
34.95335901
118.881015371
117.048740052
199.88448418
123.152470694
71.7178500906
371.320802531
119.224394709
58.028024961
182.447270104
236.85863034
165.810100915
163.492969776
54.6839859435
115.053168185
92.7809524747
137.997963212
68.6163391974
80.9394872389
168.055437026
149.713534279
84.843821972
69.5356571701
56.8927003668
24.5250886786
236.894171688
85.0300678749
51.5458373168
83.6683658182
90.7050537922
50.6626598157
89.5949886183
115.947546857
108.152540958
271.003572884
145.48356236
99.3286327482
116.822100321
212.35841005
118.603949741
52.8424626262
132.201522901
95.4295759995
450.311142558
108.75452
46.4402573406
70.3796443449
108.398985748
90.9117447823
192.025254121
41.3767065814
84.6758871681
83.316103971
252.903909299
388.783108715
217.345522339
316.417230104
73.0766541152
116.593475047
141.922471938
46.4418353003
134.709358942
94.3961015971
93.8164646065
121.241911301
50.2434993683
284.080956805
115.633506239
92.9054730157
90.958229571
70.5437340625
207.802462059
103.320150761
55.4412932867
72.2979429711
134.861319019
291.018814251
132.597461531
237.33687037
117.559919564
167.604850943
196.00031891
85.1086248051
61.1945767746
208.462241911
75.6382475505
133.933338252
319.924377347
58.9936283201
118.045720005
130.064432109
84.6983201914
96.8055024558
78.9476325262
83.5592718328
117.995055247
159.568007848
233.426320817
76.1111128625
95.5872232675
229.314453408
86.9223528166
98.5417567355
166.738938316
207.84926934
206.506985721
45.5070355254
208.092171102
155.777541061
102.666470121
128.168672757
86.7503410571
193.151733514
185.415849645
308.867684177
197.738492152
314.563814978
86.6220306571
296.348594947
126.629395368
75.7921180163
147.361490682
65.5123328616
146.304573624
194.407390219
132.815897262
103.53897335
69.0472736194
85.4187911426
62.0861125028
29.0178787802
58.1559909717
70.5365755814
222.990305262
112.303176729
367.716828222
81.1286088326
122.875927015
237.341355401
88.0537487178
229.164881907
231.178941001
95.2463906752
176.931346208
150.60931414
223.698821216
262.318522802
93.6030963612
94.3612947731
146.572135024
81.4066300528
70.6441881249
118.649627897
121.931866391
340.079385877
108.858190167
90.6675575222
236.02300972
195.772868311
200.104852186
53.9622310338
114.131836791
61.8916129872
78.6244432821
59.5424061694
44.9778146964
116.427161689
103.984925316
158.495186781
63.1866585682
36.9412109107
100.467317214
155.02128095
115.405303543
303.836386065
219.680327574
41.2290727351
80.8258950563
161.292627561
116.651357832
68.0647887072
129.67304166
121.952489626
44.773675746
71.8300227136
85.4413532969
104.13122288
108.416283129
162.227198482
69.3037884849
102.931390026
172.765837173
115.870662688
151.458402185
364.919947618
210.992831266
88.9221643249
72.7751692367
179.083163176
58.5917884475
515.524821231
254.125288846
90.5919644704
265.118026307
154.816565138
227.522509571
130.688976968
102.734371856
83.9947476835
307.757925451
154.936554238
100.654855556
135.602785264
96.350382096
81.4189769774
120.939598324
127.912695468
123.140199757
89.0401927369
171.078853961
231.964781274
95.0904917834
47.6141819572
69.326118124
116.596848136
129.288480294
136.921825054
108.012042027
166.023667579
117.276806508
133.120960435
99.5242833212
86.3069396488
99.2932174458
104.773887935
15.34690301
138.704843442
183.250357947
156.849785395
251.954447917
87.7083919433
171.68393968
139.035993553
14.2764821461
143.872513786
55.2134272725
44.9082162662
63.328690236
222.123565326
216.360031111
143.214395482
73.4353650701
183.961483694
170.499921457
64.8097803864
51.0159008936
133.24239193
140.361126642
81.7740225762
65.2374983044
121.421114137
93.1553172079
73.9008475024
125.160467183
135.288842286
153.256552485
147.067467684
143.6302774
83.9156679191
93.8665373741
267.386489234
185.025305924
