18436.37725502156
44987.605343457595
18817.48587340419
479.42978101852026
3762.2542243386365
8134.0011585020575
56469.76900660268
17472.70828860291
58506.64617759625
3407.6890404089363
4558.363442195952
66998.41959869217
33070.46884488219
13676.81030670812
198428.93773564385
1167.4476234077629
4862.151489813308
9292.17094425116
27981.599823615124
105150.06038204579
155079.33870225426
66287.27954116081
68668.3457547694
33659.30875271148
45970.56363124416
73569.9809616097
140899.1296160291
28203.05806945577
52576.87073129158
1818.0616267742753
37776.48951561855
42205.15783445244
26255.271428590724
14289.927783082747
36801.149099555616
27591.03585608495
10062.554647938436
158003.06960034408
47762.12980186899
42472.85211818559
4342.528453494224
105663.42709163768
96768.08076261095
104710.14432499647
38333.94006644312
32113.45465931628
26663.107642868614
16343.194937072025
52633.9888883282
124459.00782871863
81828.51205322237
24376.639157623355
158231.68505596474
73127.80562962586
75382.69927814856
79557.64129592237
23216.089021592157
15009.830298853605
35623.97818800876
29960.18861898573
1306.7787994601633
76639.21692522419
27434.038896364775
11159.874275090328
8343.994375917404
47057.83152478448
8077.299617700561
51926.91733561675
37704.747196385375
38045.2537537023
78403.37504898982
58357.55610729994
3184.445714102726
30160.291378115766
113211.12943255366
14609.690652203828
57324.126901759824
61830.18085010644
24565.110123166527
55802.33569966952
42471.251534469804
1896.4396763520695
106267.7083582906
29031.107956846005
1069.8438239413927
13098.484841848334
59238.86001528887
71929.1052035579
98086.81121887884
33202.49733274887
57570.254152793415
32882.5526610506
84140.26121969715
96288.37480202969
8284.191195071877
8012.135577376681
6246.55044086274
11252.454460748299
37875.89359256583
77016.11395084539
2701.413156417374
1937.2888633751313
38940.37650163999
54034.424846288915
26458.259881254176
28489.294733852166
2687.0874004862617
58893.14651331016
37993.45528836306
112099.15114961167
128976.01758871383
16510.567455231194
127347.54445330304
373084.48022734607
81019.32547751679
75022.72167912766
7502.793538077514
174509.71568533362
32106.87146923946
76520.11960458502
20037.845785010762
32499.793337673244
23894.12901515792
46722.73880212163
40644.58146201483
6645.306216936875
6587.211944788945
28916.107367914763
6212.0045004925805
31956.55638865483
22262.23305747742
1507.507790618458
15174.28547061571
7130.1184795087165
25766.55911227229
11858.01874131931
30527.179522748767
81074.2695703601
10931.580784894333
201742.7245232019
45984.28755209379
43842.560725082876
489.1608374834708
94139.04714089903
12250.908908949483
27323.532683926194
62232.85609711303
27462.272980199894
70037.70643473256
4605.636068819593
148348.1963412754
87664.41282932043
23970.086229208257
32705.408222875292
31359.624670022076
23514.195389879522
32723.37186759165
211937.7460186815
20652.998020374613
142919.10545737328
13561.43897972925
35776.08461064677
18065.443988363848
16151.067001814457
25738.921795255777
39692.91306963707
37933.33217677407
48044.61142488374
3523.4595302084235
30441.278364639977
72976.13783534765
313.49323755470675
96019.4846778247
35802.94430898963
62774.4486867007
65206.41994893414
25410.538157019742
197502.94851879467
106201.35182485082
45065.22066819275
32680.003637901267
43040.165414536175
7329.540572882836
18075.706625957475
113617.70229069258
118908.14636932769
7575.605828761043
31340.42238008225
149020.60560140916
6640.238357430624
3764.475015297789
2752.73221265738
7767.679663284387
20858.124345468463
2885.6782005912146
59340.16511775956
20753.593016094852
29073.459025452048
9650.696967400756
135974.28606497202
10816.01967565539
32927.42822961859
5922.991012758473
42336.25677060409
3095.3382712438465
7560.964413926948
50680.48841482046
1195.6844466233638
45947.825165925846
43905.731244773495
5092.686345017393
53263.169121987274
74703.40907156406
2887.5583669771554
59192.780320042424
30291.503795823122
104740.95282905384
39218.04818399916
4042.7309179210474
15061.39619639682
11440.098431070079
19038.118197176245
67122.64297747608
135753.89826521138
63990.85483071521
30007.73214297938
12917.395297374771
35420.530780152694
20206.809249653248
32233.86181696919
18040.12324876212
133889.48697761403
7642.366417107077
7382.035771845328
42645.250970255605
29473.574649980328
38450.44565409129
1145.6155621555424
7004.761016588893
58250.92167790295
26891.786293460274
48505.555295070255
3354.048140536376
1751.929934985569
69303.38174470354
59703.10760579753
51060.66631237347
8957.215862806937
43129.49621093634
81804.81522343183
66270.78115277392
69738.94441906079
66412.86632174053
17145.682439397708
41747.1660947986
75070.14298921521
140696.01055101847
71243.9840698466
43261.95200820387
201167.48221252448
15599.49571793652
7163.252176377666
3372.7540503554037
28386.88619242666
54258.82897223686
43490.70632298306
2940.0147872829484
5531.959814614767
33487.736058622584
62684.99614119359
60202.308400206704
7193.890598960692
42588.647645001736
1599.4940611259408
27533.980020582745
45044.94676407514
36137.47908310591
138329.4975315558
100283.561222662
14342.512471269903
49458.47290932462
3587.4465172740765
3302.7351171866258
472.27801197612536
12209.047717996502
54159.301988805426
76491.99830523437
57931.99912719752
110116.71744516003
19186.479688977437
13565.350290432329
28881.86063302365
88210.5282184427
34554.08878591371
29592.39469225386
14604.48797381506
2769.057308697405
13322.587820729252
2226.1086174262055
17913.17482426077
109668.80766014605
122722.72705589932
12704.685223658289
102838.74916951361
27826.760039512086
32467.140518605698
19063.86225877855
65756.3716665708
39010.51114337087
70035.81316018097
69338.0108822834
51553.84189441855
13355.547615502841
88853.52345509724
4920.584703144913
54903.48347348025
38854.51085493233
20302.322446068207
87567.72725052966
6867.176865421961
5020.711000226317
12811.214452951634
13735.197599422652
110385.3245853214
23672.10172568484
98265.72615926134
59047.162098822846
7834.657272143265
49775.435780064
872.4866635715097
24896.689771698246
6579.92260257841
14536.163172398425
2195.177146619649
77285.50732561816
29128.744334253657
17958.4416565838
77475.26936322385
9711.191091056335
54593.85959080217
4288.781763599041
33417.274644422265
9446.068647850007
104759.17308773704
8151.366566753827
22927.0658412066
58727.72683732489
13313.678109920538
50407.96058901799
20708.80919087336
34435.38213899762
44472.8127483
26682.76270739233
59846.17039794897
31139.844304299037
80026.98817091397
31709.936318593704
45873.60622737971
38229.53085868328
10749.049416089167
15783.462068400228
5725.8476338442915
74100.09892851843
4593.428104866619
9538.63917086304
31170.809629446543
22738.26526561894
26419.806458930565
5536.181212862375
8043.579120530768
47938.84703984731
13091.830636613224
58284.759391457774
68264.3916602986
21949.323285640065
45373.29890226551
13300.988430597938
24711.96254382134
69194.67951445114
5470.975000887983
22840.717961488826
122818.88922006867
20931.325667473844
181773.76764845455
33567.99197260982
15501.999826808376
86581.4170242169
25043.83222092564
23946.276716538454
28353.622224954415
15254.378913800401
27562.61285983202
132540.04652698268
314.8225037783636
15707.370070318912
10874.343853365743
40667.10135875698
4253.356276081801
19590.303619018618
41298.731802079004
141749.52094344844
126193.07979822523
61103.120133762386
556.9224994940561
12301.851045477553
22568.90464167949
17504.15585462664
83555.12065804227
21841.774775493654
32907.94518880371
35246.59819542868
36816.35502519683
39154.13086090402
68848.577746704
103667.93685186534
32091.824289275202
8112.024279032491
2588.5735626519768
26885.81448255908
44556.83688507891
4047.9465464751706
29986.295289038113
76098.69712252016
33219.05730667231
34662.08387618155
29695.22340835315
477.5412670299149
30221.068531332905
68512.11076062357
5874.507684916371
51541.15175171867
58953.64648479829
107829.65813554196
5713.135082109037
10315.730636160557
44360.93378806931
7497.302265963385
47922.405400545744
26358.01888310949
49825.8695062375
30148.255597547373
35354.11354096936
7626.503196112475
15764.091029082703
19530.885943360285
83309.00033150375
101564.60934567047
5473.029912686059
48732.47525783023
24789.862336220507
937.3241129432326
53383.320205177064
75962.25436369792
7862.452101208881
61895.070696938215
138860.1514618215
114188.74083112962
8092.240984307203
26477.177938765028
23410.773447630232
28969.43532086899
1420.6869306665951
30262.00532370616
14755.177831732266
76037.69799828317
64546.968418029115
5570.5295781666955
48713.35212741078
37645.978058423134
168774.16322102875
14939.420754634299
9282.195566305349
48599.36922886657
47.231042437639545
24350.34855127812
82249.38190534562
6263.445971771282
176925.8809064822
32466.933469943397
9648.905741873072
18563.054501121806
10582.392497063114
35957.98738185931
7206.6958532555245
54558.309222563024
29781.231507259792
97078.4185363629
24265.096940137148
15115.614739423263
16096.00754714259
17234.3461679392
53213.188979618026
19820.69567660372
584.4141267573535
60621.745790020825
10501.4890453241
93943.18098972528
93935.73027906285
2861.232697002035
35408.666960170274
36238.39722797192
49680.230075222644
49309.26284501274
14806.696340942035
199281.57349061864
7032.81917521725
79133.99429646721
110410.9488454278
18112.08006967208
48215.893677905886
153134.4805798258
14785.405691278012
61763.6288015746
13803.244556870077
22975.617807064726
15530.630640961876
26094.457431616564
22380.738758620955
37766.67956301585
8824.54979567355
16413.291419167672
12475.171952479355
27685.750327554724
41414.64442293318
22334.60846958928
54118.02936450022
71995.85043307605
5691.930467162454
2558.8261228383085
97074.90121594923
30901.334208365843
142500.7788623935
57072.6390771591
148702.8877401381
10167.67882331204
7845.119844678976
78126.58113947109
24456.61938678244
6379.038852609589
238821.85522437416
21462.466068914513
4094.1214383840525
41740.449507573634
48644.05948012477
1165.823101836379
8584.754102445295
68631.33972064503
83372.04257029718
103983.94298181702
40520.46776376781
89904.03917056051
55364.7741146266
56499.36335393431
61724.81832608139
13422.829196333392
56830.11256010725
103739.96996129754
17184.92823898452
10276.951225958903
2052.8897948824715
19170.209202394937
28925.62914517884
50366.64237272551
59295.30003759228
31153.73048208845
13109.629330721376
327007.6625466801
11872.327881435136
19527.686069783536
688.1753027419556
119294.59124764687
1283.9303179899384
35990.556472616845
76834.91289939474
109624.83938198209
51675.50848744656
33442.42450435
122708.0042936668
64811.36057616868
105343.56376076302
98573.2568197478
34250.96077486596
741.5879578739541
194026.23138173434
53514.318985660175
17284.95767553488
47392.31356017983
33393.293456878375
3816.903403188919
73411.80211171396
21312.53871228804
35116.75692315608
12853.191453880529
20344.455229975443
10910.502164766014
7282.725667358205
13177.373544878528
11097.009907745703
29176.822502704857
10602.169431702014
75890.26639998623
15822.492501176335
16784.578228338916
5745.92643615745
59351.41995904551
8665.306742995199
29649.549675829614
7020.546437700885
12132.544312959677
78324.05511683118
5803.279034375504
11610.345936704623
18890.317197790042
66501.14902404106
74898.15097761508
25545.28359532887
23758.35066395462
132350.49213031383
10488.606490447333
71247.80953540994
106066.59835362212
20123.211372651465
998.4053792917388
7885.679747237897
4382.931513634947
47058.68284941582
89052.17728565352
18918.313995060154
1187.491642483883
33446.0692742466
100404.22520292609
40058.12722871162
1577.3928766568329
11417.776354548054
135478.59529299586
91811.2971438354
38713.02151965576
24236.337529619326
12629.365725943164
79646.52475594156
28875.974948824765
35229.32835588265
35652.66513484099
21279.06613569197
45004.56445075854
93822.17962591068
45039.13230929507
109110.8273503069
16683.499942666385
890.2448351304613
9467.55883433207
18113.188854751028
18466.401750724926
58066.107128031064
49822.0875369761
1170.7873297226931
223420.9050030745
750.6167253598574
88313.806490933
175778.0825129189
1918.3008145280303
135945.55484380326
55376.65402162914
127497.18383402827
85429.05412286596
12121.804559127393
28917.622318325302
49264.31937559482
111770.26059336834
105275.86994932435
13320.061832568223
76605.62911768912
45836.68825040496
139034.87276384173
47185.46013007088
4299.69783906408
56759.79022180107
8650.056081277537
77649.68229183565
41164.46464408713
96763.40837279447
53942.6659859411
16163.10487215083
26761.824730607586
8223.35100913804
51476.638880650076
50151.144722355355
64997.04258143499
65597.70459084595
97198.72502948662
111645.17942795879
15065.461449949189
7386.192773494016
41163.55948574155
30618.39446922144
86633.67116353214
37362.884932208384
55358.29529317805
35602.18559585257
82612.70694508193
120063.83724935242
20279.972718942117
59635.21780576272
53467.38661729467
31708.8788739804
51969.69217536157
103272.04824553686
25260.872076724627
70622.80802943115
25286.24029088046
2458.6302710212944
42510.44122052015
189469.73404767684
31682.218366092333
50447.54610213055
129712.92045205236
32849.14337391745
11786.11851700611
12133.366774927117
221409.8443207284
51003.85495791353
12877.297435039043
1843.1630225219592
18312.066546080696
421.51340809624963
40618.06495448628
2368.252061323536
26793.900929207837
81735.9592644366
5177.859456150136
18743.78031638912
23062.46710455829
16973.354994002737
51494.92341637379
20082.649500073603
36419.80608560822
75666.70646670704
21503.181676167023
19576.137858634804
178841.40126977043
80526.17240872908
165.51471338777733
46255.52082013303
14041.873477333256
75246.87122852195
15204.317731082592
1878.9168688005082
10766.844144496865
135823.8396116478
23633.755206232912
149608.0166772136
137912.10535747037
11539.127442549428
76241.21025014415
10663.274245212853
69122.14963381573
5449.872431499209
32299.21106579866
14586.136060552506
33537.10530366526
1299.6615473844315
77404.24395943934
14480.896602597453
54583.4994984402
36334.945958759665
15208.343990583
6406.343439050372
29011.797756641856
46825.79872372521
49441.377165323516
5854.399032379287
26994.639479179597
7238.044073231954
97821.83949033344
51146.29361233663
38175.22365602455
75875.15735523718
117456.72508685541
6918.861259119211
56799.90915883535
22945.718307883115
33932.64045236871
37101.333448316145
56445.27532663079
7259.642232715001
53917.713978443564
35798.63756585929
33905.713511553746
28366.160930768277
8712.949929737026
182021.601866721
342.73849952784485
55939.267704533675
33762.680516785906
169666.38132003573
94446.31083197593
55442.39190049769
1587.1423716722054
38637.340851256835
8682.696626020346
