81075.67582443054
35517.33589702123
81128.00955056468
109799.5125575928
20139.088008326897
270286.8435397052
85885.38071982069
390467.6677362648
55655.81986951226
227773.49727481385
127492.04647446507
27610.98658603386
38782.57892257225
2849.3965273526665
44471.84344812627
118654.3346503747
9635.179932736177
90352.0929311853
116231.42473724329
510617.68178417947
26719.37419847796
55657.2197487517
79851.28447259066
130081.29743960052
91101.92575402308
52405.32665518761
51293.62072013059
91753.91427966859
136220.12590603577
45429.442651459554
17520.608286512994
162848.70488978023
59333.74828448385
106877.65226699247
265874.25382589555
618832.9498890371
31863.921752167564
82715.7963723013
216696.78242152868
62977.25032040699
483277.33631965885
325993.1484904966
142386.98466893059
22592.42264444038
136513.3468587926
42102.43271495964
146174.29724062796
75726.3765108271
554112.3650050593
124930.34997748343
109328.00368927394
192391.30730386957
159421.62406760652
66868.38358025184
260081.05443935347
121248.38950904756
106066.77287696784
78209.96893961282
26134.176678029628
166596.2398416306
23515.585153523323
20338.449520307786
5309.293513537426
15169.412651414397
7735.0998876038675
123897.99341371503
27358.21749371608
133879.55815115353
42505.095305265466
77473.5172854665
309068.0462765677
101026.80168275327
