14783.409334546206
9836.947117911066
44764.99769192041
64222.48890896831
14171.365703840303
5572.135218478448
28155.65773827883
28847.8400686817
14638.960147603391
227938.83721548656
48662.67896820024
21637.76401801384
19008.66819032909
16154.729874892893
4611.52006164275
52025.03829267802
18716.515128582098
672.4984166186981
5033.278784085479
36682.395987451
51183.26770174197
13636.955190208373
124272.95760183455
13313.419368171531
15476.013800473498
84416.5437601411
29534.190468013745
33888.93268826138
21295.553071668113
42262.77052477792
3637.380518750847
26478.32958722178
19454.204722546925
37795.051436642505
74726.0371909636
2641.695719139675
45620.004101888335
19713.469628782943
24962.19710332254
11000.12963116308
29344.789621050848
9159.20414600132
17597.037494712564
2330.683364499003
701.9646268104024
21762.19665786995
21248.685656695896
19995.263987383005
6703.454664091435
20470.964386960313
74857.58521777281
12696.918633688545
12239.173341114887
18639.946208601417
2940.6442162739118
18776.83889239894
21717.21975446631
87087.51956956966
7674.032046620669
14994.514817864165
44551.951148553046
11926.274765730648
5276.861324551529
719.1086690820786
49261.03717497023
22261.52616837703
38697.68068694762
35073.5420827679
2996.689922557722
23804.131429737477
37428.00201993662
803.1774369269083
