125.87200759301676
434.77424865480873
31.869044234810165
75.79073215919398
57.130229897670475
37.98625570158111
9.981942870391142
148.54224650808717
63.365473672566296
64.49183423910455
78.04666025223992
55.51186544390212
68.95347392647983
58.837609914739915
2.452703110617337
2.958594207073203
102.87708164975383
158.25870060763538
16.990006852094787
78.09957223198998
77.74417170222458
42.942646152272346
179.64529158534222
13.817363013929429
144.62332717400872
0.6332245204938036
44.31352159180738
54.64496646032933
23.391623901882515
8.480601549134867
15.518786029500964
25.09839639106733
6.740532285046313
29.792859852992144
67.68598967261217
246.77020297000888
29.773009440519406
50.389187094444075
61.469882008549185
70.10717000214287
6.08328223369959
17.354417198261967
132.3347079806347
85.48358257208712
78.72476304150308
36.082554710655735
25.959313833827412
18.94219826325945
159.85897440444512
184.08085798620127
15.658958520019482
60.800848216780885
51.211629024314576
402.09609126517057
10.380447688345958
2.1539622537437557
44.525152222897475
1.2872287464505734
10.861568217638544
13.660750570476374
104.78253448169271
138.0082051923138
26.492850624028588
83.7962747025638
10.5112967582155
91.51498425685111
24.088055645548806
37.26082213630233
12.172937355919062
32.214619271184105
7.600855760602624
74.35761884212785
