2205836.62451
174210.030876
34078.394447
148724.427027
426517.774234
25567.6159171
1417085.61443
2062450.3293
940779.228563
1045901.5605
941973.175953
1717934.34859
176176.524872
1107477.71018
386368.249028
6007.89352153
94593.6383833
393434.081232
553524.014646
599337.723278
802133.000651
23311.5519293
1741465.10342
1605199.35322
5998.8473139
261212.809586
736367.315789
906830.021266
221561.998018
640745.498921
193399.766349
1879348.13738
1387089.7623
1136165.40893
501803.330005
2426683.54203
67815.2009897
3570752.32271
620814.852098
166710.348209
3968.52255283
1294588.31596
394082.645192
484192.536402
732971.827519
1257023.36584
36269.6136292
1205989.73277
525589.18452
465140.682608
2053976.71862
188646.583975
1560992.76345
1382331.38489
956784.717201
297970.503016
185141.712212
4645.0237381
237605.466903
494779.012658
678822.973605
2269136.15794
115969.737049
38782.548228
474135.157106
145253.888824
8282.64678176
1528521.98208
1459020.49417
2369455.90082
671749.404649
262949.660753
510847.715081
526862.520727
216587.102087
1674275.60612
855709.86273
320345.928121
1421662.45291
427393.192155
491313.914348
255234.957118
27999.2653269
86688.7218496
1445097.66949
1279781.74756
174641.092955
531915.95584
370093.518252
536868.964733
108805.417857
617050.088512
365292.488804
139515.832984
591992.664427
3891260.98774
254713.016271
2511108.95187
3202630.97202
685051.630293
605599.750884
65795.0045928
89506.6388627
1795831.69013
548097.626943
833233.76752
677751.320936
64959.5735049
1149325.17285
274967.189378
278228.03909
707220.600268
2486776.77013
1599004.39455
1012104.79828
672973.022802
993556.374051
357289.111531
96245.5209315
415859.024099
311742.121282
8900.44961628
2085728.55682
1197024.84061
391583.632998
354027.727321
337196.05617
103400.943104
329606.931645
257588.382182
44389.3761269
421392.590449
243870.22029
229295.287804
473525.118743
2050019.20921
1152063.99797
1765592.60407
1179785.16828
61065.0768194
267138.216509
365478.65033
1004938.18038
824610.966313
40374.1646148
186137.81985
694963.084651
480442.651442
228308.776607
622980.753031
10989.0014294
429044.935919
369224.157025
438313.966701
632942.174617
675070.689439
1743705.5596
1170077.70701
703383.521532
800153.27072
94561.6861277
1289277.05033
1136901.24434
751181.230233
33115.4724838
95718.1508092
44198.901673
108912.185846
371912.154672
237402.880536
426789.266458
226077.667094
1072717.72237
146483.329588
326862.19579
208949.50011
177797.001133
296284.441891
1210680.30328
1336362.5986
241712.81695
610690.010266
480973.615089
409443.155747
106964.975567
1173502.51367
995582.245451
41403.3223657
127196.589714
29291.0967303
928607.836051
17857.0452388
827380.951311
619028.308869
17221.5244126
507013.036243
255383.195618
642046.59338
262363.361878
20162.0104059
69063.7557082
1669816.12986
753635.777062
232747.103822
128286.902881
436972.247493
19908.2488069
758283.475738
2864847.6211
448172.135781
31245.1561748
275894.193331
620936.456549
7313.23780799
187165.407725
835618.25179
15151.5666717
353303.153508
4125266.40754
1463547.91722
49099.186988
162940.922115
1644078.97809
676916.028728
771362.09123
411594.494824
1460249.01214
541270.075289
691361.726644
574021.763195
946767.477301
1046931.15588
5390669.17256
171324.448618
827682.359767
266745.066691
704914.603844
360143.929184
674228.592332
575967.145744
182018.659824
571610.415229
719436.886429
567740.79179
718863.468682
17673.6308185
93959.9465365
809109.585054
217836.56765
311242.527583
231956.209906
818285.727849
130268.899841
5923.35402401
163666.915295
687424.825769
227054.565589
56114.3151347
27384.9022829
522171.348476
190166.718331
836235.62752
870265.159897
1342826.10786
357986.76386
286894.211523
336520.051296
394934.543438
126626.784708
1410454.64788
183594.542931
787507.200099
198509.479668
76897.6190551
234542.572749
778976.781035
2144405.29957
164475.66809
1776708.37039
22314.8013574
117533.996942
11391.8722209
926166.186923
216215.039547
615003.226994
374942.090789
212944.685215
418482.804662
1807872.76801
357392.62055
97903.6388193
28126.5286315
478300.657046
651730.781202
663544.42262
808703.917066
2253820.27923
585784.589888
1057926.62248
987288.67956
805859.507597
407971.949281
28631.7610992
1011565.47814
1223238.92095
670097.598931
943872.973997
376906.111868
1211988.22765
103962.036118
1405847.61344
478525.632449
217086.159247
2105047.37689
944311.504223
139956.661688
2480639.18819
180806.242866
558475.8976
704060.695695
1464275.11785
97002.3955814
1244091.88875
51346.47092
2134801.7005
710267.254392
97531.0224385
278928.285471
501636.827589
177135.735205
443003.370052
209650.73323
1233846.40473
784719.43837
829408.135944
382047.591205
25531.7076459
809643.902131
2527563.38067
427897.612291
1360893.52408
800625.137991
708750.368253
446780.667944
136827.791333
2364463.40499
610788.886185
501538.220163
925761.408512
459538.609898
6453.67068185
87292.0920253
1618056.70488
164085.842662
1582021.04727
193474.310209
305473.441383
592916.372833
2348430.55682
1772201.27317
1098532.28964
163386.268296
39195.5324679
1933444.61969
1552954.71472
274325.003945
575083.64142
401564.054928
285850.148672
328138.013431
180360.015413
406512.391143
65418.8655873
141880.381992
755174.074942
251446.013744
352529.670623
3050705.71618
1548631.54123
480996.119273
2286450.65786
347232.993861
1365091.30685
496313.862799
473127.194497
269172.982747
617676.231753
993232.289427
841084.511981
1837482.84046
2069283.20102
435072.64265
62765.6294431
87142.4074769
622217.465428
811634.007507
355723.582679
2371728.03425
354860.335744
537435.649048
90477.6758
136238.665822
431291.592044
1205887.23849
44017.2497741
266108.595336
1657796.06884
286843.142294
1109903.37114
1304267.54731
838148.616912
142940.508786
437926.88311
98320.9861596
54201.8630866
35347.1648377
1868118.05708
163967.062196
899993.46002
916912.284688
166300.112591
47456.6883291
618569.813639
379172.729323
1050964.51653
923532.213932
85176.1832473
289909.498808
538458.237821
593563.546193
263663.414893
4021.34459275
1027448.78264
569904.493259
587499.027353
179736.758215
122526.264891
575580.845894
369778.551964
20237.236377
493503.655831
62702.8435111
789945.895756
587178.732212
3436.83019625
94859.0242794
1375762.67899
1063250.91139
505550.069745
215595.321951
383750.443674
558080.051712
93196.2479349
269107.636928
5670.57762616
1696044.46722
14178.0784177
246113.283576
1922029.05606
171482.806501
416647.370454
93667.8672677
1377705.51586
705379.467389
388654.58015
109223.357661
349897.002203
137480.517726
1364521.6879
1397968.24062
189370.702755
567139.80485
210299.479115
743898.634351
82665.5579344
299405.288651
1103732.05529
265970.132883
312336.265367
619193.746168
864111.517263
2472998.74428
222983.259268
250103.907978
602402.705092
8203.22569218
817867.63828
366445.198187
702631.14265
554362.687569
977788.201076
30501.4366671
1251449.9261
1118462.82037
594942.57008
355285.03598
103816.455222
29367.7537858
12343.1850271
277475.858746
420380.743232
737875.124862
1233295.58428
346528.70235
317934.779493
324776.337184
19083.5198313
472028.824049
77761.3753132
797309.781107
1328912.17446
1837814.50118
280060.410796
656500.964591
309891.039008
1111447.15252
1013480.92225
589779.166988
1235465.47172
753130.940379
1448505.63611
408505.788618
329750.108897
22440.593252
2434897.90366
444577.627695
421463.725173
298299.563257
561020.558025
847166.175712
772358.058435
1354206.01847
34537.9377436
1527703.94974
1570532.25621
474690.57749
866987.630252
151323.701924
96863.6229793
519366.00492
420753.563032
410340.230476
900237.704391
187389.501588
2741641.23278
1615470.99377
946704.746933
121146.978043
161419.836686
997034.589129
1487471.88439
1459370.97219
126093.085057
291672.507727
343326.520177
524011.301279
423545.689426
1376763.84349
185861.144987
5969.60027069
694767.116421
83585.4339374
305681.807799
16469.5996752
568469.856493
2966193.37446
958666.356726
297979.143322
688444.144266
82022.1491009
8878.44729945
475061.748589
601271.560085
685184.281581
983174.817921
114110.108957
1144953.16614
97571.3631074
592591.63722
358355.454507
549138.157402
807600.902127
1004661.88837
565364.304143
417497.352122
371841.705668
26155.4529264
242076.104238
26561.6419508
829111.327639
1980693.4397
652328.865052
643668.083487
4139436.42944
507726.304253
270425.161156
290572.434017
319284.321277
1584823.22853
95361.6441225
1215976.15068
223696.724427
1936417.74997
519300.745505
64692.5310926
186552.029137
562002.521293
2014523.86137
603997.597611
2179408.62027
1216796.92711
1705080.81775
197600.157845
355396.552302
1347423.37946
1895191.76733
31065.0343116
44965.1351063
662115.526392
1208067.72904
626209.887956
1476130.5273
157456.899528
1939275.48473
154797.735962
654978.85686
180634.108339
612720.283252
26897.3688855
22805.9178345
206286.915117
886646.449331
177988.204648
715406.30951
1129192.85097
280889.919419
68121.2614121
188386.435533
147486.437486
1413705.76487
511358.903267
156310.331907
88179.5080792
272133.956681
553292.554445
757989.251775
437332.977105
753161.884315
296438.628913
770797.603691
1731258.9429
365393.126874
1199251.29412
751088.724777
262366.223261
1477362.29165
1307899.20403
513100.513958
590889.073846
1270082.11004
473103.651897
1794560.39154
346300.235382
261539.359994
916323.665922
529170.37402
249668.284433
822594.846724
664552.674439
502822.808966
848765.886858
1096320.74854
1848939.06665
484597.570039
682893.020311
573039.379226
33733.8634899
705031.526988
729229.077928
401161.318708
1285366.62245
1296782.93625
453036.843097
202505.874349
202520.471967
549071.297922
16343.0741243
359274.720311
29470.5391475
1028082.05357
491461.165409
22510.9216634
1158391.93475
943896.598507
411139.748219
271250.54128
732067.68099
300407.784895
644908.585833
340063.799292
467047.15471
266918.414404
118912.796779
290247.062687
156276.75938
2127906.98731
234643.554294
1697920.74241
173751.85729
328573.048255
170091.663328
167703.433734
78257.1852748
1263337.33314
898840.583367
301887.622907
146900.364159
754982.438598
118225.682053
911046.096473
1000236.95062
881314.306837
1190579.50082
243066.721749
2562011.17145
630597.127395
433172.762491
751858.666701
40996.0951783
80585.2239808
236718.15486
458985.421017
485816.961767
1407093.53495
249488.017582
23440.5564918
767488.497537
848634.807272
2362733.23887
192018.632524
63983.4903246
123544.822921
1201770.2235
428953.754867
581640.791423
2545635.77008
314332.006512
1297359.32661
140276.350973
90974.9874572
16632.5789745
485740.132965
87953.0641435
465549.149398
110542.446211
551648.419066
678771.415225
1116859.92944
279075.871557
389802.25889
2356791.04599
419119.98586
133902.834882
46817.9882196
352708.808492
69815.9434925
1977335.97773
1589468.70951
608297.731956
588912.909195
421565.06555
150346.218819
568380.139011
280155.274454
554399.270687
1337680.73751
400420.004055
26295.8210115
536223.083601
278911.552371
134772.272622
743222.15586
69351.4480431
265268.242981
393510.15566
88325.3247078
1211969.80954
110729.842046
1010730.28266
470891.99311
1423062.34388
98637.5097954
1995013.59627
126050.934392
665828.792961
755468.089852
434851.738816
739099.230307
512024.989569
236784.100282
