9151.97421746
966.150151272
860.632668699
2696.30543383
8455.63081853
259.839796322
13943.4533415
2168.69100863
1022.98823519
6985.53971035
12304.2976383
25.8917895062
10237.324385
8230.76082037
1175.38624336
12785.6928839
5875.72897175
1607.30015114
755.473891706
14297.4895613
9841.96506973
1325.50572918
2763.56266859
3606.91528287
6550.19017713
10379.7861014
9663.39906354
3552.11556432
13591.0989989
1953.80040032
6354.55775861
10023.9410603
5459.60297519
4703.44460291
7190.97115358
16948.308574
4363.01612135
7445.64456013
1746.97907047
970.623583569
2933.21652466
9408.92990172
1887.82106901
16605.4920209
6239.34766539
7756.06544708
2706.94016685
7361.77783761
2494.4238627
8909.31608246
23309.0902182
9712.41104973
417.066991774
14291.6540318
8688.09429745
9828.56752036
8252.74552344
5448.50657626
9431.13603728
10858.1548079
6207.96775281
3622.66691421
2812.05618642
1358.63878665
9765.8627417
3317.25214079
2719.84094143
3353.2131809
1495.42712493
57.5918812652
8012.55964454
12446.7830816
5816.70650443
781.076993577
4711.51930143
15417.0410029
6708.03841607
1632.61774551
5432.84739654
2018.63084306
6607.5870936
414.703515522
7431.97003233
7395.2223483
6034.06173138
11009.1088304
4884.30899705
590.525814789
6598.40018492
494.014231635
2649.30370186
3058.25204661
692.861173761
10034.3765096
8948.87653935
8879.68830132
14976.29777
15171.9281268
1867.17938175
3180.94031759
2028.50684167
16390.4511373
1994.44998949
5356.58103746
681.243943132
1508.44237484
2644.62168475
11680.1519948
833.464962517
4298.15196236
2458.06510537
19889.4569964
4224.68474472
8170.13152879
5236.37607422
2065.37487214
7460.00574816
12072.5964602
1260.70282314
21061.7814032
6081.50471598
16289.8448944
52.6134961059
7139.18776533
992.590410101
10868.9727404
5921.3931354
334.301379695
863.172609025
3222.35038265
952.042568979
1577.68624876
1896.6294504
5701.03045686
7879.18374895
6425.66890815
1671.61197246
9075.92626222
11570.3956929
11603.5557742
7223.40997053
236.600531343
2486.37879467
1630.07273259
1408.76512214
20061.7619453
8644.62601251
2989.9246768
7003.3259863
8391.82606489
9222.76458762
3348.97105525
10141.5605989
1159.46445756
10231.5451373
354.889633267
1410.95571349
7294.48863196
10759.7643088
1823.4942937
2533.59818681
7868.47740671
5804.78017645
29355.2191003
3472.93543282
4097.69512169
20157.3849418
2700.16507776
25208.4498846
3421.18260816
2753.56857791
7705.42932105
14531.6555114
18341.8843638
8113.72519166
957.305941287
1595.86189376
5615.01439938
8203.00228202
4771.62807745
12900.7794186
850.437911594
1357.41128423
7687.07559684
3994.24599655
32617.3457084
8713.37884093
2156.11995933
1351.44167203
789.939774029
10579.1883492
78.6195042803
2643.82815766
9952.8859256
10781.4007101
12471.0044757
13558.722075
15822.5409992
3501.64884088
5060.70213745
7311.70509681
2276.65013789
679.534551216
4196.82790575
14672.8447088
13442.7479539
12076.3235911
1050.90589239
9147.00257481
3820.84491615
8536.24249663
2594.4807215
3014.31041652
3862.66833971
2142.82497248
24339.1110506
7658.56535489
281.604067935
666.669338296
1520.5226335
7747.71555641
9535.76913307
1360.06651166
10447.8329019
8054.96556065
14058.4618156
6690.17125591
1111.39810802
3998.98752154
9954.34283125
261.233541116
4566.47491714
983.634845503
4110.6292697
3682.37943018
8441.32684422
1527.26811121
1959.26875043
1727.49441792
1817.37631477
16543.7383456
6553.92337762
9512.72429628
2454.93961965
5807.30919769
5426.31410181
3975.89170124
5725.472244
9769.32820006
369.602605259
2279.07661002
120.402407453
3939.39236646
10562.5427152
24346.6428392
3633.9400748
4734.58114309
2252.28377263
8511.91514268
25841.7729801
384.759817053
4542.9997785
13517.3560966
19326.1294769
580.534898743
833.199807526
3388.32270917
908.791177102
2162.5104213
1282.73923289
9748.0538313
18784.9347957
45.9103729014
7891.74925023
1536.61833946
2657.95913462
180.413660641
9123.83937738
9503.2712753
19842.9760941
4636.23685034
767.425460967
1008.7811305
3960.50188246
8157.98264758
10042.6107494
2710.01057036
2111.21073908
9052.90686733
1285.63084833
890.95209898
2890.6731378
11990.836003
8253.30841424
3396.23977218
21630.1516684
6171.3260939
1901.44705261
4183.91833653
127.785160984
38.1969559367
5956.17243528
2019.49035082
1111.41915825
2912.04508955
1150.74550333
9849.19879574
24094.9228471
7970.36473671
3275.63313141
12555.1551317
4.16231959017
6621.21229922
6010.68645496
21636.7469962
8264.99703909
3359.57376702
7056.23117399
8161.30634223
952.390708721
8045.49149365
4764.47272511
786.521289446
241.734953376
2997.83378109
7606.51190498
3722.58324431
851.276197081
7110.95514911
2079.50952052
589.396850895
3609.65211227
3947.59483787
3534.57876524
21221.2039603
1996.71731197
