8093.0,1999.0,21.0
7963.0,1961.0,2.0
7891.0,1956.0,2.0
8001.0,1833.0,1.0
7989.0,1912.0,4.0
8107.0,2007.0,5.0
8095.0,1842.0,5.0
8053.0,1814.0,5.0
7943.0,1953.0,5.0
7892.0,2033.0,4.0
7992.0,1926.0,20.0
7830.0,2071.0,1.0
8069.0,1985.0,8.0
8051.0,1945.0,1.0
8130.0,1954.0,10.0
8011.0,1939.0,9.0
8019.0,1976.0,18.0
7968.0,2069.0,6.0
8109.0,1867.0,9.0
8018.0,2028.0,2.0
8029.0,1989.0,11.0
7760.0,2046.0,13.0
8025.0,2070.0,10.0
8131.0,1875.0,30.0
7890.0,1949.0,3.0
8043.0,2030.0,9.0
8074.0,2009.0,8.0
8030.0,1985.0,3.0
7899.0,1986.0,5.0
7974.0,1902.0,4.0
8041.0,2026.0,6.0
8019.0,2007.0,14.0
8172.0,1992.0,1.0
8009.0,1949.0,7.0
8083.0,1910.0,6.0
8223.0,1928.0,15.0
8121.0,1946.0,11.0
8157.0,1934.0,6.0
8039.0,1996.0,13.0
8036.0,1991.0,18.0
8124.0,2030.0,5.0
7851.0,1919.0,13.0
7985.0,1943.0,16.0
7906.0,1926.0,6.0
8004.0,2009.0,16.0
7983.0,1966.0,10.0
8005.0,2073.0,1.0
8191.0,1907.0,2.0
8025.0,1969.0,25.0
8085.0,2069.0,1.0
7974.0,1911.0,8.0
7955.0,1928.0,11.0
8154.0,1886.0,2.0
8026.0,1918.0,5.0
7949.0,1921.0,2.0
8053.0,1983.0,5.0
8087.0,1977.0,5.0
7952.0,1989.0,1.0
8202.0,1920.0,5.0
7974.0,2041.0,1.0
7994.0,1889.0,7.0
8236.0,1935.0,4.0
8056.0,1967.0,1.0
8145.0,1940.0,11.0
7867.0,1944.0,1.0
8010.0,1915.0,15.0
8027.0,1837.0,7.0
8017.0,2041.0,3.0
8157.0,1917.0,3.0
7951.0,1946.0,6.0
7882.0,2077.0,5.0
8074.0,1942.0,9.0
7909.0,1966.0,9.0
7882.0,1961.0,8.0
8206.0,1903.0,7.0
8164.0,1985.0,10.0
8120.0,1883.0,12.0
8123.0,1921.0,1.0
8100.0,2030.0,5.0
8070.0,1988.0,14.0
8015.0,1968.0,5.0
7947.0,2016.0,13.0
8182.0,1837.0,7.0
8081.0,1861.0,15.0
8068.0,1906.0,19.0
8033.0,1974.0,17.0
8273.0,1796.0,12.0
7842.0,1913.0,2.0
8071.0,1876.0,3.0
8050.0,2001.0,18.0
8222.0,1855.0,10.0
7975.0,1958.0,7.0
8114.0,1973.0,7.0
8006.0,1858.0,25.0
7982.0,1976.0,1.0
8149.0,1823.0,4.0
8029.0,2015.0,26.0
8068.0,2033.0,2.0
8023.0,1940.0,15.0
8068.0,1967.0,26.0
7980.0,1952.0,5.0
8089.0,1950.0,2.0
7986.0,1968.0,3.0
7916.0,2035.0,4.0
8074.0,1953.0,4.0
7956.0,1905.0,22.0
7715.0,1962.0,3.0
7943.0,2075.0,7.0
8070.0,1980.0,7.0
8118.0,1951.0,9.0
8216.0,1933.0,12.0
8080.0,1926.0,16.0
8061.0,2044.0,5.0
7912.0,2004.0,14.0
7900.0,2006.0,11.0
8035.0,2010.0,3.0
8087.0,1917.0,3.0
7935.0,2059.0,9.0
8013.0,1984.0,11.0
7963.0,2075.0,16.0
8117.0,2022.0,3.0
7827.0,1958.0,1.0
7910.0,1928.0,3.0
8011.0,2090.0,3.0
7862.0,1997.0,13.0
7966.0,2051.0,7.0
7983.0,1991.0,2.0
7954.0,2041.0,7.0
8227.0,1918.0,3.0
7912.0,1900.0,4.0
8004.0,1835.0,21.0
8029.0,2011.0,3.0
8017.0,1959.0,2.0
7853.0,2080.0,3.0
8076.0,1979.0,21.0
8064.0,1917.0,18.0
8202.0,1939.0,4.0
8035.0,2017.0,4.0
7991.0,1956.0,23.0
7999.0,1955.0,25.0
7960.0,1977.0,11.0
8070.0,1969.0,3.0
7951.0,1932.0,2.0
7900.0,2025.0,10.0
8030.0,1987.0,3.0
8144.0,1901.0,12.0
7998.0,1950.0,8.0
8150.0,1910.0,4.0
8040.0,1950.0,4.0
7988.0,1922.0,8.0
7893.0,2054.0,2.0
8008.0,1992.0,6.0
7823.0,1946.0,17.0
8197.0,1868.0,3.0
8085.0,2029.0,2.0
7858.0,2068.0,1.0
7978.0,1852.0,3.0
8045.0,1971.0,6.0
8188.0,1905.0,1.0
7810.0,1973.0,4.0
8101.0,1807.0,20.0
7886.0,1979.0,13.0
7979.0,1909.0,17.0
8152.0,1880.0,8.0
8149.0,1870.0,19.0
7978.0,2014.0,5.0
8095.0,2041.0,6.0
8094.0,1879.0,22.0
8050.0,1923.0,5.0
8059.0,1817.0,4.0
7984.0,1872.0,4.0
8001.0,1983.0,1.0
8056.0,2065.0,14.0
7891.0,1883.0,7.0
8058.0,1978.0,9.0
8045.0,1892.0,5.0
7934.0,2038.0,2.0
7916.0,1938.0,21.0
7999.0,1983.0,7.0
7999.0,1987.0,22.0
8135.0,1858.0,19.0
8044.0,1896.0,6.0
8103.0,1982.0,11.0
8035.0,1978.0,7.0
8147.0,1982.0,6.0
7899.0,1941.0,9.0
8074.0,1879.0,2.0
8164.0,2004.0,2.0
8055.0,2053.0,1.0
8107.0,1998.0,3.0
7986.0,1927.0,15.0
7986.0,2046.0,1.0
7997.0,1959.0,12.0
8053.0,1938.0,4.0
8033.0,2015.0,9.0
8080.0,1911.0,10.0
7926.0,1946.0,10.0
7925.0,1935.0,8.0
8180.0,1984.0,7.0
7973.0,1954.0,4.0
8075.0,2082.0,17.0
8065.0,1894.0,3.0
8006.0,1902.0,3.0
8325.0,1919.0,11.0
8143.0,1945.0,1.0
8055.0,2001.0,10.0
7943.0,1984.0,3.0
7966.0,1962.0,7.0
7808.0,1941.0,9.0
7900.0,2039.0,16.0
7806.0,2101.0,3.0
7968.0,1979.0,4.0
7955.0,2026.0,28.0
8143.0,1997.0,3.0
8019.0,1968.0,9.0
7999.0,2022.0,1.0
7938.0,2030.0,11.0
7947.0,1907.0,25.0
8159.0,1940.0,17.0
8207.0,1876.0,18.0
8054.0,1975.0,8.0
8028.0,1939.0,2.0
8009.0,2102.0,9.0
8032.0,2008.0,17.0
7957.0,1903.0,12.0
8018.0,1948.0,7.0
8179.0,1987.0,7.0
7994.0,1995.0,2.0
8185.0,1893.0,18.0
8016.0,1955.0,5.0
8079.0,1962.0,10.0
8157.0,2020.0,10.0
7943.0,1958.0,8.0
8054.0,1919.0,6.0
8120.0,1981.0,10.0
8019.0,2008.0,14.0
8062.0,2059.0,2.0
7974.0,1919.0,3.0
8084.0,1912.0,3.0
8050.0,1896.0,4.0
8021.0,1971.0,16.0
8277.0,1922.0,6.0
8094.0,1994.0,5.0
8092.0,2082.0,8.0
8113.0,1981.0,10.0
7882.0,1920.0,3.0
8052.0,1902.0,2.0
8083.0,1987.0,9.0
8004.0,1954.0,18.0
7924.0,1946.0,3.0
7978.0,1866.0,8.0
8253.0,1900.0,24.0
8018.0,1915.0,9.0
8109.0,1975.0,2.0
8036.0,1930.0,9.0
8097.0,1979.0,13.0
8015.0,1930.0,13.0
8024.0,1943.0,3.0
8042.0,1990.0,1.0
8260.0,1995.0,4.0
8046.0,1892.0,9.0
7951.0,2042.0,2.0
8053.0,1944.0,3.0
8088.0,1960.0,22.0
8039.0,1948.0,5.0
8018.0,2009.0,9.0
7908.0,1988.0,16.0
8080.0,1941.0,12.0
7996.0,1979.0,3.0
8096.0,1926.0,1.0
8103.0,1981.0,15.0
7917.0,2011.0,35.0
8225.0,1974.0,21.0
8179.0,1972.0,11.0
7967.0,2040.0,5.0
8033.0,1895.0,1.0
7870.0,1928.0,8.0
8126.0,1872.0,7.0
8013.0,1995.0,5.0
7958.0,2003.0,7.0
8006.0,1945.0,13.0
8106.0,2023.0,4.0
8013.0,1905.0,20.0
8187.0,1934.0,6.0
8006.0,1983.0,25.0
7914.0,1981.0,9.0
7957.0,1919.0,3.0
8122.0,1928.0,8.0
8164.0,2018.0,5.0
7734.0,2070.0,8.0
8133.0,1911.0,2.0
8136.0,1949.0,29.0
7907.0,2005.0,2.0
8280.0,1913.0,1.0
8010.0,2038.0,2.0
8010.0,1924.0,2.0
8002.0,1887.0,11.0
8039.0,2077.0,4.0
7973.0,2004.0,3.0
7862.0,2014.0,12.0
8061.0,1899.0,14.0
8029.0,1942.0,13.0
7958.0,2042.0,5.0
7834.0,1933.0,6.0
8055.0,1914.0,13.0
8215.0,1980.0,9.0
8082.0,1926.0,22.0
7944.0,1828.0,4.0
7961.0,1984.0,3.0
8045.0,1907.0,5.0
8185.0,1952.0,2.0
7839.0,2001.0,6.0
8010.0,2055.0,4.0
7915.0,2061.0,1.0
8135.0,1862.0,3.0
8079.0,1991.0,6.0
7964.0,1980.0,3.0
8186.0,1943.0,3.0
8135.0,1968.0,13.0
8069.0,2007.0,3.0
8066.0,1900.0,14.0
8065.0,1970.0,12.0
8049.0,1974.0,5.0
7871.0,2057.0,1.0
8068.0,2096.0,11.0
8091.0,2031.0,8.0
7738.0,2042.0,1.0
8017.0,1923.0,10.0
8159.0,1982.0,11.0
7935.0,2027.0,1.0
8043.0,2077.0,3.0
7909.0,1934.0,4.0
8047.0,1941.0,8.0
8073.0,2013.0,27.0
7801.0,2065.0,3.0
8028.0,2051.0,7.0
