0.000000000000000000e+00 0.000000000000000000e+00 0.000000000000000000e+00
1.666249658404516606e-13 4.999998291675430067e-10 9.999999999999999124e-06
2.212238887733308009e-10 6.049971729735360105e-08 1.100000000000000310e-04
2.217312505483923398e-07 6.159653366480244921e-06 1.110000000000000092e-03
5.227696686804943022e-06 5.239164129117590411e-05 3.238527442382988474e-03
2.261533888343764142e-05 1.436892825996939301e-04 5.367054884765977071e-03
8.323156085520508221e-05 3.583731853240921649e-04 8.488969969354373535e-03
2.608981561137196838e-04 8.139999788963231961e-04 1.283138384911013119e-02
7.501510548219394222e-04 1.777227243856882317e-03 1.906415044058783897e-02
2.051322753356106185e-03 3.841860985441440147e-03 2.831431458113352340e-02
5.541256090318571678e-03 8.507686241153479545e-03 4.293539729469595528e-02
1.610221554750147777e-02 2.088173803870374545e-02 6.991356362873094032e-02
4.348556343678346842e-02 5.036058310997060250e-02 1.161836984029372549e-01
9.013366482681191283e-02 9.851453992545525229e-02 1.766581549860851141e-01
1.656535978154384803e-01 1.749744101330255319e-01 2.612719816142706764e-01
2.835576094909296740e-01 2.933153809084890762e-01 3.842315281525287007e-01
4.739629850811404865e-01 4.838479261209828186e-01 5.776691461715095510e-01
8.269446244864757656e-01 8.368451572495586577e-01 9.343189243546337064e-01
1.739033712427956013e+00 1.748934678026617284e+00 1.855532743087836112e+00
1.891882701406932821e+00 1.901783687265663714e+00 2.009910401694344984e+00
1.987413405916891085e+00 1.997314394601968690e+00 2.106396438323412834e+00
2.004237376076011934e+00 2.012738740170854967e+00 2.121978818419726576e+00
2.004245249017759800e+00 2.012743265448219354e+00 2.121983454384728240e+00
2.004324295062553052e+00 2.012788509801558323e+00 2.122029814034745776e+00
2.005146952846494024e+00 2.013240056346565776e+00 2.122493410534921132e+00
2.017195604458099201e+00 2.017603316984730277e+00 2.127129375536674694e+00
2.071440848317196881e+00 2.023961164011685465e+00 2.136023200210416917e+00
2.304104762075666279e+00 2.018658926099284656e+00 2.148371412456018703e+00
2.573946237843922180e+00 2.000457794972527736e+00 2.154545518578819596e+00
2.908151263307237500e+00 1.972859577482698024e+00 2.159205961125037376e+00
2.993861248437010847e+00 1.965305757580317447e+00 2.160138049634281021e+00
3.344367877724463423e+00 1.917174865357508251e+00 2.164759869975481976e+00
3.370074828084558938e+00 1.911583987182206457e+00 2.165221355843817808e+00
3.558333901064163474e+00 1.850434466894125496e+00 2.169836214527175233e+00
3.688990400216803689e+00 1.680621897265762499e+00 2.181204040494740148e+00
3.582830788240336961e+00 1.469795795451646292e+00 2.195493570237275094e+00
3.345985851623884955e+00 1.224096221278652585e+00 2.214781586678734815e+00
3.039594413274763873e+00 9.480856893335555258e-01 2.243320279991968036e+00
2.980602251871177444e+00 8.986230007745583670e-01 2.249712582906536973e+00
2.854389783793083168e+00 8.550052224405729762e-01 2.256104885821105910e+00
2.780933518138996252e+00 8.423896406826931749e-01 2.258316121918700681e+00
2.114145543541829042e+00 8.176749940678698092e-01 2.268245421554004437e+00
1.840762982892642619e+00 8.247507801504541103e-01 2.270727746462830599e+00
1.719316377143714991e+00 8.309370694200250984e-01 2.272004830181415080e+00
1.392142451044636964e+00 8.650383319434188367e-01 2.276713019948862105e+00
1.114426734501068772e+00 9.563055425222113382e-01 2.285444242203580778e+00
1.057149662815256352e+00 1.061573070200997115e+00 2.294175464458299452e+00
1.116009379645985344e+00 1.199300676995005865e+00 2.305564245049810168e+00
1.257098110416738024e+00 1.360859419350731736e+00 2.320043561864580717e+00
1.460134970722669179e+00 1.554201186227716969e+00 2.340284218843439845e+00
1.721620073211102220e+00 1.791611822760820427e+00 2.372273903249734417e+00
1.924533558432340641e+00 1.975378249359451610e+00 2.406187400734533188e+00
1.974990689304159774e+00 2.021267780139787362e+00 2.416587464272587749e+00
2.038179893247269447e+00 2.064622794348137447e+00 2.427438925028220229e+00
2.039787217363294936e+00 2.065191975527198576e+00 2.427593641562634463e+00
2.057809593204773080e+00 2.070749282225486265e+00 2.429140806906776806e+00
2.233284093424571015e+00 2.093561679303818757e+00 2.437283498515455893e+00
2.648021929076127545e+00 2.094184891261372083e+00 2.445426190124134980e+00
3.016343485829082294e+00 2.078128933481479645e+00 2.449497535928474523e+00
3.366147597693889715e+00 2.046646455338248405e+00 2.453568881732814067e+00
3.672666642737237197e+00 1.975131866361510058e+00 2.460052315950281177e+00
3.818161777970114024e+00 1.823481374092066343e+00 2.471484792230616900e+00
3.730411822589823956e+00 1.631234525938141999e+00 2.485993337987627338e+00
3.515419103965534919e+00 1.406372479368859896e+00 2.501287124152988817e+00
3.315830414692661599e+00 1.222585940510739988e+00 2.481623684797524376e+00
3.109574167521466759e+00 1.036123269404796154e+00 2.456783506767628911e+00
2.973516062992405118e+00 9.227430754868759522e-01 2.438105855904867614e+00
2.953931315395030399e+00 9.138181389832498169e-01 2.436440843768516995e+00
2.911755117161441753e+00 9.003368967044569349e-01 2.433787205605747239e+00
2.685180105511465687e+00 8.707807318944379427e-01 2.426270271134419509e+00
2.005421287090636717e+00 8.722735373393771807e-01 2.417043738897198146e+00
1.773297118608381240e+00 8.843251240230547428e-01 2.414737105837892805e+00
1.696991989478968899e+00 8.903673708329022940e-01 2.413836470707685589e+00
1.355661722283745485e+00 9.418344213491499639e-01 2.408081111768248128e+00
1.144751307287477093e+00 1.047178983153944642e+00 2.399053953775466042e+00
1.125498477048092028e+00 1.160763930918969900e+00 2.390026795782683955e+00
1.212155965279564818e+00 1.306713040758750166e+00 2.377951344331559191e+00
1.372431116325324441e+00 1.474639990961975622e+00 2.362179600370209798e+00
1.584491192623863842e+00 1.667857016429851846e+00 2.339527971935608797e+00
1.835871011144657672e+00 1.887543232964271844e+00 2.301823067960197644e+00
1.997822428638431846e+00 2.026457450018509299e+00 2.260580497196967631e+00
2.018047227900357843e+00 2.038413542195103290e+00 2.255406793094538287e+00
2.019616514396865625e+00 2.039002837323739659e+00 2.255134042451981458e+00
2.034148558209505353e+00 2.043442130172087090e+00 2.252990553104532445e+00
2.145055986422772953e+00 2.055860488601464198e+00 2.244556790857675566e+00
2.525157849325606829e+00 2.046923614613929132e+00 2.233926155281567905e+00
2.919303781868856529e+00 2.020608099144589609e+00 2.228610837493513852e+00
3.004479261756081598e+00 2.014045328323435413e+00 2.227739706634716210e+00
3.088413983834631615e+00 2.006728657915226588e+00 2.226868575775918568e+00
3.228792972277955364e+00 1.990738794594224315e+00 2.225193790518610104e+00
3.672315649174410890e+00 1.855859031782944646e+00 2.214812000321759289e+00
3.731225407841920916e+00 1.697175479828038513e+00 2.204430210124908474e+00
3.595098505391095323e+00 1.472684165570011583e+00 2.189391790957692763e+00
3.332731741262169756e+00 1.207308091138799666e+00 2.168952361236725412e+00
3.149881093680825472e+00 1.039067306209237707e+00 2.153508774805420689e+00
3.031113264130476548e+00 9.315835283077087414e-01 2.142211537629027163e+00
2.980273236834581674e+00 8.877139966272857841e-01 2.137203432563534733e+00
2.881901174646039454e+00 8.471036316318633075e-01 2.132195327498042303e+00
2.816172032109903522e+00 8.316861091952064688e-01 2.130076736062215481e+00
2.457191712701862762e+00 7.950710060563197512e-01 2.123299945398316346e+00
2.077545489161226833e+00 7.882413400978818263e-01 2.119213868278887247e+00
1.981324461339212695e+00 7.889032983701851354e-01 2.118396652855001783e+00
1.887806092682205783e+00 7.903430192179902170e-01 2.117579437431116318e+00
1.548241748944917173e+00 8.052934402791882551e-01 2.113848665762241730e+00
1.156812166381439466e+00 8.677182869227644257e-01 2.105835585265459109e+00
1.022449998464767473e+00 9.492447469397568005e-01 2.097822504768676488e+00
1.017706039010868757e+00 1.061569542689858370e+00 2.087349501789351525e+00
1.105520480773339198e+00 1.189812102263641869e+00 2.074680895706466188e+00
1.252780446152861771e+00 1.337803457354449277e+00 2.057756229106138424e+00
1.441200761294118005e+00 1.506919717753109067e+00 2.032886003364549943e+00
1.659234570141000953e+00 1.695830127146831012e+00 1.989383756937042058e+00
1.825207127648125649e+00 1.833783898595570561e+00 1.908282505472521873e+00
1.842743617413440393e+00 1.840182838974344870e+00 1.827181254008001687e+00
1.773027885529338876e+00 1.765029599996641885e+00 1.708529159353139759e+00
1.626961196530720910e+00 1.617363449493049998e+00 1.546812127142677795e+00
1.387608551822195224e+00 1.377727429794169067e+00 1.302551986609802759e+00
9.536118159623840906e-01 9.437113307572417842e-01 8.640435024124746288e-01
7.339209504044945653e-01 7.240200019487844640e-01 6.421516184572260144e-01
3.720841499534599528e-01 3.621831610037646310e-01 2.766960907580879314e-01
3.027030390122425474e-01 2.928020494308153920e-01 2.066211631030248075e-01
1.639408096544410220e-01 1.540398196605993197e-01 6.647130779289853186e-02
1.290385779349940143e-01 1.191375879063870380e-01 3.122005344783630038e-02
1.150776852167814945e-01 1.051766951777331899e-01 1.711955170981112676e-02
1.094933281255680152e-01 9.959233808279045752e-02 1.147935101460133972e-02
1.072595852885050577e-01 9.735859524430157119e-02 9.223270736517567847e-03
1.063660881535904851e-01 9.646509810882680780e-02 8.320838625284059445e-03
1.060086892996104091e-01 9.610769925462425700e-02 7.959865780790513837e-03
1.052938915916262347e-01 9.539290154619788076e-02 7.237920091803422620e-03
1.050079725084236554e-01 9.510698246281942825e-02 6.949141816208585787e-03
1.049850989821654729e-01 9.508410990728813350e-02 6.940446054018576359e-03
1.049622254636444207e-01 9.506124237740866401e-02 6.940446054018576359e-03
1.047334933924530531e-01 9.483286061631421293e-02 6.940446054018576359e-03
1.024488194151407239e-01 9.257837699380828955e-02 6.940446054018576359e-03
8.208536703174251770e-02 7.366672112453198640e-02 6.940446054018576359e-03
5.898197609985336015e-02 5.305805200281230732e-02 6.940446054018576359e-03
3.208190636957451713e-02 2.921203391022656262e-02 6.940446054018576359e-03
1.906570700805877705e-02 1.767746119288007844e-02 6.940446054018576359e-03
1.276980212685205687e-02 1.209832212214301955e-02 6.940446054018576359e-03
9.724550619127402332e-03 9.399764335989047037e-03 6.940446054018576359e-03
8.251601774928212646e-03 8.094506850891726446e-03 6.940446054018576359e-03
7.400541884246666403e-03 7.340337897260077599e-03 6.940446054018576359e-03
7.038121545929597149e-03 7.019178164235751784e-03 6.940446054018576359e-03
6.909423942694568714e-03 6.905132445700230652e-03 6.940446054018576359e-03
6.876481430713008054e-03 6.875940352336727159e-03 6.940446054018576359e-03
6.871930707615210403e-03 6.871907717132201728e-03 6.940446054018576359e-03
6.871735558766496957e-03 6.871734785468259880e-03 6.940446054018576359e-03
6.871729188833649270e-03 6.871729140735566461e-03 6.940446054018576359e-03
6.871728792822835719e-03 6.871728789809544713e-03 6.940446054018576359e-03
