0.000000000000000000e+00
9.999999999999999124e-05
1.100000000000000066e-03
1.110000000000000049e-02
3.238527442382988647e-02
5.367054884765977418e-02
8.488969969354373535e-02
1.283138384911013119e-01
1.906415044058783759e-01
2.831431458113352062e-01
4.293539729469594834e-01
6.991356362873093477e-01
1.161836984029372521e+00
1.766581549860851030e+00
2.612719816142706541e+00
3.842315281525287229e+00
5.776691461715095954e+00
9.343189243546337508e+00
1.855532743087836067e+01
2.009910401694344984e+01
2.106396438323412923e+01
2.121978818419726665e+01
2.121983454384728418e+01
2.122029814034745954e+01
2.122493410534921310e+01
2.127129375536674871e+01
2.136023200210417272e+01
2.148371412456019058e+01
2.154545518578819951e+01
2.159205961125037732e+01
2.160138049634281288e+01
2.164759869975482331e+01
2.165221355843818074e+01
2.169836214527175500e+01
2.181204040494740326e+01
2.195493570237275449e+01
2.214781586678735081e+01
2.243320279991968391e+01
2.249712582906537506e+01
2.256104885821106620e+01
2.258316121918701569e+01
2.268245421554005503e+01
2.270727746462831576e+01
2.272004830181415969e+01
2.276713019948862993e+01
2.285444242203581666e+01
2.294175464458300340e+01
2.305564245049811234e+01
2.320043561864581605e+01
2.340284218843440911e+01
2.372273903249735483e+01
2.406187400734534165e+01
2.416587464272588903e+01
2.427438925028221561e+01
2.427593641562635796e+01
2.429140806906778138e+01
2.437283498515457225e+01
2.445426190124136312e+01
2.449497535928475855e+01
2.453568881732815399e+01
2.460052315950282420e+01
2.471484792230618055e+01
2.485993337987628493e+01
2.505656777343093111e+01
2.534999514549178201e+01
2.561705754278106895e+01
2.570593366035883420e+01
2.578943705783477469e+01
2.579113712990393736e+01
2.580813785059556409e+01
2.588300107359675906e+01
2.592986887910815597e+01
2.597673668461955288e+01
2.602360449013094978e+01
2.608886043365641783e+01
2.618298536269800891e+01
2.627711029173960000e+01
2.640933113320865644e+01
2.658789691368543728e+01
2.685663484094054709e+01
2.698041490324902014e+01
2.708011589842469391e+01
2.708218652147909822e+01
2.710289275202314130e+01
2.721606396449361043e+01
2.727264957072884499e+01
2.730867576197508129e+01
2.738407571305398136e+01
2.749868348517023620e+01
2.764506479949357498e+01
2.784391862470354440e+01
2.814230467451301010e+01
2.869009600997017273e+01
2.908476826186856101e+01
2.929405445111328987e+01
2.940952696029572877e+01
2.952648077778795255e+01
2.953419137161995778e+01
2.961129730994001008e+01
2.970014318969632328e+01
2.981796672273609872e+01
2.987687848925598644e+01
2.988481031885875083e+01
2.992553491678582844e+01
2.992782501597449851e+01
2.995072600786119921e+01
3.004028003154588689e+01
3.012983405523057456e+01
3.025299785243583628e+01
3.041569090162477096e+01
3.065222833340953912e+01
3.070268275648192002e+01
3.070873422547257547e+01
3.073819524894030408e+01
3.083898693110648992e+01
3.088938277218958461e+01
3.090819696712165054e+01
3.100645113514459439e+01
3.112813066197891487e+01
3.128650861060657462e+01
3.150671003739013187e+01
3.185028626539001095e+01
3.254023455516983176e+01
3.275850052063077555e+01
3.283109180029704532e+01
3.290368307996331509e+01
3.300943032118473042e+01
3.302000504530687408e+01
3.302836390577579095e+01
3.303672276624470783e+01
3.304508162671362470e+01
3.305344048718254157e+01
3.313702909187171031e+01
3.322061769656087904e+01
3.332546825320493866e+01
3.345287739690991913e+01
3.362398412575253559e+01
3.387697346486385186e+01
3.410122898020733118e+01
3.415180123842156945e+01
3.415400372986557898e+01
3.416972068368515636e+01
3.428746210140887740e+01
3.434633281027073792e+01
3.445725573818221221e+01
3.456817866609368650e+01
3.471323255828765042e+01
3.490943384429795771e+01
3.520192575065152596e+01
3.546633868515583288e+01
3.555936616180346732e+01
3.564520882724171713e+01
3.564690370598479063e+01
3.566385249341552566e+01
3.573615220525645242e+01
3.575370435086219345e+01
3.576480250614372380e+01
3.578256154056634131e+01
3.580032057498895881e+01
3.580821695076917877e+01
3.581611332654939872e+01
3.582854102889367454e+01
3.590295843685334631e+01
3.599513635533610056e+01
3.608731427381885482e+01
3.621100544191672554e+01
3.637434120011052840e+01
3.661176973786744782e+01
3.701698408317476208e+01
3.722129985787539397e+01
3.741798085286907849e+01
3.742698697197698721e+01
3.745850096755907543e+01
3.754316785125139688e+01
3.764658555596306400e+01
3.769829440831890111e+01
3.773355925425873636e+01
3.781009710478049612e+01
3.792611057520301898e+01
3.807405755059548369e+01
3.827564931822953298e+01
3.857855561921959975e+01
3.864875657930627995e+01
3.865849804043033799e+01
3.867822065146643951e+01
3.874699085993997727e+01
3.878137596417674615e+01
3.878628290061658390e+01
3.879379427489443799e+01
3.880130564917229208e+01
3.885780527326795664e+01
3.893268384676635208e+01
3.902834691867062844e+01
3.912400999057490480e+01
3.925854354557850456e+01
3.944056833487360336e+01
3.971549753004787675e+01
4.022923897009653871e+01
4.103926388984940843e+01
4.202216277495268315e+01
4.330567565021427612e+01
4.510923693476475194e+01
4.794335661115650993e+01
5.343782372318073470e+01
5.667914350759608055e+01
5.768201429946093839e+01
5.954140683715218785e+01
5.965959762630106411e+01
5.989597920459881664e+01
5.997819521233441264e+01
5.998477249295326175e+01
5.999792705419095995e+01
5.999897941908997723e+01
5.999940036504958130e+01
5.999956874343342150e+01
5.999990550020110192e+01
6.000004020290817408e+01
6.000017490561524625e+01
6.000152193268596790e+01
6.001499220339318441e+01
6.014969491046534955e+01
6.041877367979561342e+01
6.087008637042009696e+01
6.147217011206053172e+01
6.207425385370096649e+01
6.267633759534140125e+01
6.304821584231380172e+01
6.342009408928620218e+01
6.379197233625860264e+01
6.436209043157715826e+01
6.507472939611592722e+01
6.597098914089235677e+01
6.713210497726089443e+01
6.872612375002397300e+01
7.114697463531220478e+01
7.556423925625658455e+01
8.722339045877924946e+01
1.000000000000000000e+02
