1539.4108511249842
67499.7478772472
38457.030415743124
10968.329234883608
157901.94319569838
37447.81688099327
19762.13779132674
26236.639802592825
51815.16040114389
113.87805138063472
51101.98697241041
20135.27210606018
1641.4589320643743
12705.253982271493
48898.016559016505
2273.859584638134
38077.81843169785
28386.016372215672
19560.590483725748
9830.382334267437
6318.402677190721
97518.84796990326
21791.55582672222
5855.237316060905
19462.721185095656
2805.183497876793
22507.578680860428
21053.587352332248
49569.91718428814
56178.428893169905
1740.4104143335348
1908.694390587086
584.1598270444968
4395.456858377301
34917.47191616309
10364.037490890103
27685.741869900194
67141.48373753643
1320.0685658330826
8689.429226839022
7221.517185051791
164567.9670534371
10947.969136546715
68167.62013449674
5435.8341580620545
9880.600163663497
153875.42601230074
5019.491579208687
2796.3573442714724
18563.685950653653
23180.733021686756
6134.737235371208
12862.099405630555
16804.43359809775
12669.470940534931
11364.875136417584
2697.34108689724
10807.064604070201
22369.02150413847
15753.684855727859
54961.39185362032
127.48459195380636
72772.4940178682
2515.395906210814
772.6730818606599
16155.704100709347
70704.00920219676
83866.61136552089
28767.689543060525
8193.23886254412
41683.28013936117
23769.108106429594
