22171.36879545307
4499.7033449805685
8321.264752871202
11784.33062473377
6976.298242257054
8085.419636035951
4883.33443277002
13679.551655135796
15027.167359354393
22224.777151374357
16873.484763689274
5799.40070613334
11883.22073291254
23700.26386184233
4929.4859612576765
2228.510201429446
14003.355671900408
20306.941665464932
9796.901610067107
1605.9237941908432
31287.81227144248
7913.16026819941
6316.263412827358
69364.94904844649
69821.33982102426
2322.8469606446815
14937.42808153225
2778.95215115968
34955.049059774705
18268.594723050144
29126.65340909972
6627.249892786796
58428.4324893527
30096.902329600918
943.178865156973
8254.41221645832
1857.0265444241495
50965.46706287328
26716.130352977805
17788.10919731887
27588.77103303174
3283.203908232444
31375.13326378604
22415.032915377207
32577.81490652161
28656.64026114635
692.9429176587772
5359.2203412647605
6851.4619848326865
15091.27368044304
18480.9542000001
56890.66631159297
17991.891282327004
2415.9013787139033
7437.319090275564
11760.248851711918
2085.616840116464
27663.994190521316
8596.585642682003
19728.09259069871
11858.534237896825
11932.128123478213
5679.2767639851
109801.72445162521
1922.0504291766852
5544.430539164655
66.30814737093485
9832.877080122917
26820.186548328762
8113.2014894533095
17566.110876875326
26911.68990191901
2778.918120734333
5789.4211285913725
25581.960304595796
1622.1842086094748
13547.238473642086
97628.21987054383
14958.948790998229
18363.923189652083
19730.031962000638
25054.629714341798
16137.261991418738
111203.35313928156
37788.89378057886
13642.318095977993
22157.163296714425
13344.353252332552
768.8085086395422
25075.634516555026
38826.496066327236
2112.0233252370954
7235.9319030417555
19461.81760131913
43091.89752000032
16128.112478805804
12160.627441057371
11931.665525288812
69536.79218786892
24835.73409851328
7787.93026631237
32249.624077779004
61976.75925017026
12219.771425519704
46555.03987464685
5352.6437663358465
4905.042880276122
14043.107589996473
613.3853845034059
3955.373041459604
24551.164408365097
19021.758383555265
7225.976325322386
19234.629415776897
7586.941953727405
34152.5831750602
58331.49272013509
2208.5036855622366
2014.9830155738712
2873.881966655153
26523.653771645822
77809.8699817888
10381.180247263746
23505.770836654716
61104.692122548135
15834.12999047161
6225.2883780204265
21705.907246713
16503.44412718419
719.1197352349589
22267.03122768389
2983.391004357662
6207.228005757415
5420.315619473371
50919.17165005295
22725.6594816137
18952.22883220897
11369.993762716114
998.5538774933357
1502.2252255924498
5890.004731901682
31526.826734990336
4573.279868654837
12455.377859582793
14968.836909622969
1724.7080759868684
12029.216547949982
16313.876892902173
6452.877068935289
5236.937577649935
15791.202981407436
10515.746571731821
7647.879304447056
1325.2795319392594
15685.436352170887
3777.54819366367
17418.735221243045
36460.53964860669
5368.307490572719
45973.258571654966
60400.88734872261
7124.347372833194
664.0965779007934
47155.19698784178
222.5219928720233
25160.7219572193
38468.09762025702
81723.14275187378
82954.39025047373
8123.8592089570975
23675.45852328037
18539.000760131803
3728.9093503781837
22494.88697923112
61968.44944741611
26399.663052080625
27698.63460281292
3798.874110978509
4924.3783854223975
28685.26425087796
10028.60921689655
12339.428654088422
605.2966129836186
508.81880256898324
75291.12253650566
18061.045410614155
14283.769625417348
21306.86180735429
2043.9517630735743
8630.801309184131
16001.511061146053
32598.420644155744
21555.6306802086
22259.690181808623
1982.303132373614
15107.958270678919
44509.21705975047
39408.89353775467
4595.37766223421
9784.977078142007
16163.579646986105
35676.32466153339
50989.87689613723
4360.408594550561
259.5792181792083
16394.848346248455
4635.236319892947
6079.75645905118
18139.896016266754
18829.837457109425
45632.72962762916
24598.21744159862
9527.367780085999
32048.91778038624
12388.490622503617
34604.70389723379
1267.760937473935
40610.28282675923
7422.476984644147
19230.124634256164
28891.958360792116
26968.867058666576
54994.674499105604
7965.098435618349
29502.162107451568
17745.863227120473
4929.483854805769
11704.831796722074
13933.993971622687
27387.41301611
4074.2710575365873
46628.069910251565
12612.282868345272
3444.8658061509855
4074.0708861617895
19468.38319084645
3611.912864930918
36099.93316280293
7911.4275496771015
8207.72136604901
