2686.323842423158
304.71334464543366
3738.1851450784234
3102.197256237709
4851.355593978084
65.60373755834412
620.8628975521949
4619.051975205285
10932.521713429402
3046.8298859249007
1515.0521601850473
3500.488404377369
363.02420899280975
3565.879996204001
13841.979173304484
320.136512274519
313.0685341370533
394.7867073586073
5626.645130603814
10794.5154712218
5010.091051919401
307.8198295178242
932.7440427749794
869.7556348788381
830.7810905470528
420.2916493294341
6425.828705379939
2476.9827674877884
103.29737938804361
203.75667815783603
5083.352016211339
518.031716946017
3150.277186996904
5104.723948889823
3134.067741885804
1996.6912698215788
679.5461901484434
264.83787127930134
1669.8039657274096
17294.44855945496
3591.467251586795
1209.961725443916
2240.613378417905
2120.7953400862766
3456.174939074227
650.1892083550044
1713.2786016541004
2119.2507940672767
9139.745194644718
1513.3263958007205
10646.231056809123
3668.059151337915
885.008785806052
1417.68515062066
4932.360983164996
158.49247851464852
10181.789946903173
461.05288719104067
3016.044577788303
1303.3833339167695
2706.2682374034575
2522.7707564049974
2965.3474606877503
9955.567688223164
180.18933938520456
711.6557533293611
1170.2157347292455
52.33324738966656
2876.5384211222367
2714.0243541031227
4641.820537235711
1568.7258521119163
4840.0929122844045
9979.390522265967
5436.0244591723795
106.78479601980067
6119.340749215783
1915.9565632795102
2531.211089710684
11418.762784866243
1592.0161120869789
3363.3251200783566
6265.339264253433
811.9583675206765
480.7211540858106
5487.024791510861
5768.36118997605
3935.256474079302
3683.353808138009
6578.548443466273
6548.905387773244
6157.2735254882
1584.992708934167
8623.07705165435
63.69083579746337
6360.752134361998
2013.58124732874
2215.2479893221243
2304.3381311996204
3654.1020152518204
187.53634390581
2849.2069585805293
9023.124010912037
2561.734736444682
175.64233871906976
3850.1891637222725
266.1258324667961
6166.907245421766
1763.4364367019666
2336.837344819243
622.5098956682971
6353.475268776517
4984.680008514352
169.76054466077156
2180.2099298260255
7010.585623515873
600.7532310338735
175.27180697806702
4336.71621051183
5975.959817478696
7456.914399920173
2013.5607217972681
1592.921959330419
653.9775662293188
133.09019356079475
2047.6858757344585
86.42533666350828
1147.3363525576149
5979.633842362267
2211.485920137111
2458.8025723970827
997.7461863037295
1054.859815502662
529.7218372123012
4535.545724356258
4591.712509348767
7873.082413854289
8343.575933673757
16286.844735313727
504.07684597031437
11268.761335611416
6042.08267506049
15054.152517726821
4884.057046502113
1635.60132111764
2962.3735018509155
833.6856798294923
2338.0338804525277
2149.3127754102693
127.66753040142716
3653.8093459672846
9016.27633701417
255.6147931922889
3725.621843215531
3911.322348096181
4834.861737070859
489.8132225538878
6820.872886921755
1754.548328975604
2534.9926887787983
1719.1665274437614
2624.919799340601
2659.690639668315
218.26031842308782
1621.0107591502383
3469.6638986367934
6326.4594066357995
88.21119079938657
3435.973137783896
2197.4866642269476
1141.1250185160952
1599.3153636541886
695.9296533936641
8619.613241730018
408.99075724417384
68.1753205930543
1395.1287943732618
48.26211972023248
977.7283250940884
2179.2850945475448
2483.841275926664
4872.909573281342
8795.49445842374
300.2485589496753
1577.6921410893906
10097.210389354192
2231.9505258797917
591.816008034694
758.8561905024574
4824.5876972144
6993.42057610833
2301.229864510553
4886.0636891465
3190.1180232564657
2787.4089050945972
10513.227714557695
15382.666875533194
5792.906404880225
3476.664883984987
4063.924480087407
3317.599561411018
5444.932161208041
5558.716559265897
1302.555827189048
382.1500647589881
8674.976417983442
2596.1342412985878
3383.744895252792
4741.736692299324
581.9029761687087
9982.332276341132
30.565990113024657
227.71402749782717
1276.6338553902965
616.0391522093561
8836.268039586057
7804.2904508184665
1341.3000782451797
871.6353573463991
1716.1080794669524
5479.705493955956
7739.838460774317
10548.837252631634
4599.261366887727
689.3553312820554
1002.0221530191277
3953.5374918612124
4888.154823537279
6463.640532526086
6019.217708502607
32.26090647912739
3698.566966276535
2430.110747422314
11705.619196354675
6107.864021395638
9202.566508231395
609.5734598393273
861.5186946220449
5217.805790395728
4609.75609016728
