177572.80361738265
102166.26397377257
44801.805697511016
56157.18178276392
112829.13321250447
70010.22670662231
264779.8001344527
77650.136867958
211905.5882971333
87135.39953290668
93108.89335483834
174780.40202363773
343704.55059198476
103372.49904213297
152650.7973285215
219741.91485957144
589628.9651349217
209069.4583625699
138776.6801173753
448628.1226519098
122541.5834128692
169670.37520047883
5023.496376954324
390348.4400789922
16528.90955419863
136362.3762406911
85089.33496460466
478428.46350107115
119200.40351903604
3315.64937518746
123248.18291114709
128257.65278168987
81477.8835473488
712430.1977398606
231632.37015873598
65044.510828991704
111246.61648995413
101920.01368931984
313113.8760626413
246253.05778266935
24825.181280768593
505540.46647039434
9260.867475742787
52756.58495580318
274514.7908549362
144498.94078900438
114792.21312947696
508086.411703614
259419.40684204974
42475.982520831814
50017.9825855371
413082.1861125943
6806.699402872692
222353.57290894605
777278.8145062457
262438.1626230445
67146.10463292115
148837.271943316
315204.0312867667
69050.79686331189
16842.953280055077
49961.67478742901
285446.574610059
375866.6273810632
83176.91753370273
169809.2133609283
292399.5078574172
9522.49428702639
411922.10412527266
356069.67614625423
127777.42411878699
174587.30948620767
