679097.4542183619
65508.14239806738
218458.47119534467
385805.3680779945
315262.18274417263
277668.7753896124
301912.0063879348
52356.53578656582
128169.03177578705
3357.795824148215
273443.53598570335
287402.7856211898
1110075.3751261127
744735.1647454738
134353.96825462676
89651.69810724222
175459.5021247512
260538.72919824254
448957.3950427118
117094.8833337676
12126.206940025944
302841.1256257219
294801.3868110521
207267.77823964215
319200.93365938525
156949.4214129549
363798.09304598253
290649.12115856167
339501.85678486445
9181.845655405596
280298.0690216325
41284.131207994935
9786.593005110908
178030.43774470783
187516.74783352847
200046.4972876738
246333.08107175867
167180.65731025286
303032.77795727295
199330.11554187632
496405.78186969215
185656.9677078382
43964.39770712549
174597.75529086005
635773.4393664621
114998.02491784154
390549.34128829185
311014.04219399765
625983.1535213422
70577.21348712569
661470.0860421066
264506.0575322772
208246.9444310132
436646.9005416148
932217.4908442838
203122.4158802309
3669.0320327604604
65230.09940254944
687893.3600527982
70382.48869606375
7835.640013156135
29136.808095819884
448679.5773631253
62427.05942781759
275970.8769324467
67337.4052871274
237650.151315176
131659.81598021855
2114.401150304547
223472.22062238885
350532.8638874369
32300.032211009016
403432.8442588009
580089.5774606316
843963.1375102154
115078.54780803167
311348.37168054515
709008.8827428152
41547.77570997236
499011.5245987005
264789.2352671446
66098.54559900201
254060.18983406157
616470.6101296488
1257.9702379985279
259067.79680290777
296232.21567304386
324061.69850216986
28226.14443272193
521971.6999642249
530527.9441800081
295651.85593346204
175856.33981784483
325018.7063971806
415191.6292729756
676888.0688213222
233069.44019874843
43310.45117237782
270194.097326446
125802.04771944886
60959.23271719731
129736.95733706362
139658.51438530462
470577.6907453202
29942.44024192026
756499.4544988954
137776.16028115764
364892.22091448965
163138.77955468497
47560.49803460047
55440.74055609062
278739.4128199611
5764.8412591832985
13782.483943402987
106108.09379155307
100742.9154191239
350514.33189422946
79733.24852548818
141908.24739763277
161986.76972057193
254850.80482630685
626816.251771646
114387.7733446737
3955.3075181763243
457705.6990621806
70523.1943198444
295799.9927608173
438772.0172997564
151631.53357685462
86666.7624663312
174687.6057216676
159361.78773827362
202829.4625596503
551420.9409179544
656237.4441666474
144073.8781643648
261789.4695578856
22346.357359890735
245859.9071460586
594478.0555795997
1260.7484966226184
444031.3288713534
320626.64365524304
78928.74032112422
42415.09322392411
410200.4860041593
59102.575074643326
8159.909584353388
14218.324144888718
85538.9962675254
598265.3056507905
637636.135556835
562643.4841408757
683565.5180893068
234975.48209001555
74254.67054016038
161259.34373831615
109554.11362415807
364697.1376071729
524768.9287770758
12360.12165289156
210784.92763469342
236720.39330739342
254724.73769054725
312559.40804280137
175811.22755546938
11254.436177069714
118374.84320476506
62156.33503481988
14908.471136593169
30940.225087825325
209008.69113351137
885399.4419391389
72747.6952253203
336480.76043348276
208833.52602889657
121702.02936123316
1157721.2271047956
21633.628304841943
966845.4106165149
317199.8247454329
39842.79453618099
94497.56710913139
60276.874605368175
180318.94586743682
109144.37662718786
137451.5073303451
127859.81040338412
641387.2640277462
23291.460367995216
727917.0848867949
382863.0458948103
32757.755413049166
127808.17957734985
149961.2406417922
31795.340805793498
71268.45382193946
12545.228391252704
30048.534367078162
1322258.718471947
83346.8859125942
545948.3362110195
46885.75965636222
471851.189274912
176541.06039030186
588202.7225914602
252517.7540422049
172260.9890363015
274701.6460649358
382703.0822121847
3031.583280643198
294263.64243054076
372732.6973027744
7733.784451154693
155494.0681588988
34064.89860694192
238343.4815712983
34867.191018185425
210396.75125195866
725181.739757025
396018.5855592091
759286.0854995152
11545.723734766116
31528.17535274792
64437.919215142545
5496.293992629547
443922.80265368795
38494.03500819049
127566.80882232473
298659.5881939249
152184.75279745882
745207.0787302671
931419.5538787929
64531.278938278214
182514.90007593154
299917.3882351443
283626.31467655336
59408.267578368635
111134.27871941557
7448.180953750931
69670.8766710988
342251.5697218077
136095.07023267102
35829.566602546445
111334.11765675938
93970.56639603298
140269.34931814365
524135.918646179
285804.1331880325
229196.80760572647
2439.7607757087894
100827.29926111542
573153.1085837672
430069.5574001771
73130.86593005357
21249.775787692437
204145.6234386659
108383.3689846764
17423.91682060267
11598.100956355407
306852.8057090727
549074.6960964802
89578.1251054921
99560.60085414094
131728.94416167703
37771.36803018977
958089.2024998923
124096.83639384733
128718.2908775522
531484.1661739366
76923.6765500428
124180.98689956014
49851.78734625011
54940.67555374038
231130.8308944686
336749.1653784136
237975.18028697278
548304.4354799695
371517.77754714957
511967.6772227642
203360.62376994826
81169.88699208053
190783.9097443725
367287.96174779313
3610.882521111621
366187.3291398993
223773.23534284058
76117.60110424884
702145.8208123937
172503.89895542624
136183.92427051777
418974.3996875158
581205.1462395777
273520.78086473246
420533.942283168
728988.2000628588
38013.734798020545
58835.231901196115
73899.7980590567
3057.2080837358535
118968.76073897032
103253.54084762726
156724.82967842423
281357.0159450374
148890.60201755248
50320.60419986121
478445.378613425
686787.1942631481
197700.88889469652
144949.18491625224
64367.3617489695
61617.262902909526
317972.4575460073
250897.68236194944
166098.24849736423
1197915.2210362544
192640.8387176907
47754.98706764972
29689.960114723493
190939.7798479601
1507446.0852936069
164415.27786721196
6983.780889425431
641463.051490049
189033.1434499619
232858.0229826487
42441.32236464582
121804.1421419747
136748.680040158
75843.66993497442
103888.87283174998
895298.0562212173
61080.9088662531
86869.76215523461
37788.84639328907
336814.3190822303
205945.15922555156
145196.54006417043
172713.96927403763
242526.81659653416
20435.1872286763
375980.5505036923
223587.70853983544
338525.0448303302
355366.30023509904
238391.56531913538
101250.27943675632
53674.387045448384
590994.0493584747
477114.57842221163
412104.59563505853
120343.47227949779
225741.59147009
115865.82326739469
575360.7715885978
310029.29709624295
1523796.7417831293
63715.3196527514
73529.08464938641
34712.65798731823
164347.33216709702
575006.9250271573
52654.231337526486
660131.2595174949
13620.32632179629
477761.57415942085
389168.9971102093
36336.4346956172
173715.87403182543
490867.55568283686
828765.3268020607
396874.5731872132
134120.33683953423
64172.44548137476
49289.51915711439
1024536.8506483876
519713.62872724416
12675.046147313393
92426.5996121614
441900.6126701501
395835.46865647845
247360.26409012725
317346.86696572974
2635.139339007184
267412.31951937854
79072.39517649724
80473.96562064963
31703.99473741015
124561.66552202347
28395.097139701735
133317.34385373667
934241.4297100831
562236.8091086376
154342.98592933684
14756.661045314378
606350.7411360227
132356.97457514014
109673.79645143764
118364.95675788882
420619.429876781
663037.413778598
283260.57835521
151993.96473775225
464809.71472292027
84346.77530663623
30615.716222754905
66245.56781971263
74748.03000920839
14213.704089975317
195595.52013411047
41257.06702079237
230448.02401773358
813731.6389828285
131584.77639132083
46933.873550728305
288801.9064504923
284482.4264500006
114187.19659507253
576240.0532813931
526137.2557953427
81237.75596436125
31853.00917332288
346554.55426124117
35693.47695760755
40946.37245572751
56225.00384027671
175330.80786211498
64757.33894536484
364227.98760547425
163969.8446679456
68537.95432922355
27721.443549334588
229496.53039460906
515314.64148784144
176082.36549412846
22579.180368524274
615770.3366663442
37484.483534064406
168836.04102219103
208912.8319196716
69024.5105342614
244406.8727583662
2867.1471250072987
38792.85979948136
459807.78498572495
453486.1124122095
10795.370612329983
75355.30814386348
195148.87548893498
67848.54473305843
141928.36382376048
145356.929361697
377726.8276706713
48634.03123989082
502206.23672506376
203187.26473848108
427812.41829766164
27755.36409489257
215487.49730445305
422736.17886748014
18274.54060168175
97987.79587432602
856426.9458486832
62368.788268806595
55478.93855861967
433713.94394232816
42017.31353383129
279108.60120827105
1411519.1241518895
294178.3459027439
1586862.8706597085
1235363.7426798432
119043.89331081687
508772.48473865446
179428.36198717504
24914.585270879215
118670.76717396917
40670.3209154813
444263.1842254735
43158.17620170966
71810.23478329426
467309.136604305
20672.572781161394
249616.40274687167
96026.41641416792
367608.0669755102
50255.853865832585
302121.1746624516
253709.72669218722
129604.40223445192
48580.534986935025
149425.04509763722
778629.5576506361
67779.24887542844
1880938.4352604207
18052.859205786215
284684.75953508064
199312.19275220748
158453.52406484343
175354.4708578525
147310.4449836721
99460.0821329435
11327.019481541045
253616.31681754984
1287490.5533330704
809667.60301647
202717.3234820794
297135.56507276674
110672.20428118041
142822.62151920312
89289.92938424581
278996.2515994258
