41260.44905290929
7245.365906689358
22989.90674662122
30130.552524264087
6668.258878577732
45678.08787779764
41138.063608951874
2288.5448205971798
1217.7812112942727
4756.479460444234
4560.180605759354
19705.566370150373
10428.359760935793
39206.461142508706
67615.08860710173
50524.41117376498
19944.47991974772
55942.30382482334
2320.446592905917
6904.575113089143
35367.733653473944
21948.739632784236
2079.3386634286835
21285.99896908682
5226.967361378231
25714.805775858833
46397.34639739116
40337.532880671686
17914.079474418908
31515.803486012344
106843.45384598272
9666.2793905254
170100.4876245418
62664.09883239641
23075.373237909378
13309.455575798123
112643.12676901379
102163.0605062812
15972.015841097691
42137.309111397524
79732.18040899363
15322.353494991436
55204.37234831453
4405.176309989323
47985.144666857464
5747.864207493466
112016.38109450597
42166.54380321769
23245.507229256255
1504.3607198397501
4290.245125284676
10116.876419173755
12101.818563828538
21289.822339232356
36560.080378386316
26319.901886989992
115497.40170417828
105481.38223906215
20301.065046665073
69505.26938769098
82910.9303590223
63498.3625866571
14989.848496670375
38428.62254879593
4177.730531728202
8191.6038260994355
29882.92669796926
54033.27602135003
65317.90430368093
11745.14919185321
18480.85086459412
12447.432183384426
