87097.20352193894
890051.9981484733
161242.09165688086
55129.6685475614
11456.747293942522
130620.23435175142
13805.048897751578
280780.5190960992
145068.17194894375
231894.20621851168
42882.35591287632
77674.6185956048
78707.56447317131
37629.23833041734
11112.097377114518
102480.80792001361
24597.8210844254
256186.11942760993
194907.7049209746
41310.5247178878
36646.357835188865
36153.26521101602
89698.21889486327
125498.47252073293
65718.40164520717
30013.852158119334
9489.568309214892
107513.53217579231
201327.20004328238
242160.99243666927
154881.0006184468
209313.1345305844
73513.24288312122
100626.90522970828
190612.28590527308
434061.84730577254
14575.446591308455
269727.1796823705
184934.02181269866
16851.65158428218
49056.779612903294
26544.377007807845
123910.61249179963
77186.8699310742
38746.40943097997
41621.39713885425
4074.193713405694
9196.027222335577
49438.83473957632
123804.89523877355
81477.11601806594
393312.2825442076
164496.45938833233
173830.19820759515
69965.66122646966
41432.67225709711
574574.9471894697
251881.35451368455
327963.63448893203
98677.94588139112
121493.51449070225
144464.22606961068
114625.3898709211
244156.0459496228
189367.90884367796
1936.7113351842265
88485.46614555488
318046.49579280324
393883.06215342885
199233.99333789045
6913.834849691931
50953.178918500074
