2341.996217392018
8004.616322391623
3335.8552101922974
6681.688413087885
18302.8685237387
30877.090281418936
4440.495191325031
8505.816139251587
16368.20953493164
6900.518485981244
19641.834151089122
18832.00666818475
5403.843583345166
3610.851623629894
261.66268377905203
43.44380112783192
12363.414218181992
3347.2540339485763
38500.95487970271
5086.922582396111
18045.07506391398
17122.724315928663
2368.663765586501
25.51589757326841
29516.78732822253
3008.338127134708
15876.304019009232
3392.011912681435
42935.28682305606
9699.108067301719
118.57020068706453
16942.891302677577
1320.2928865354052
21570.137888776295
5256.346284329398
2143.3598472367
13720.588851253742
17145.25545341819
16276.573201483188
19838.385059580192
17372.874726738813
37243.811023379
13829.893407670106
5732.054368344703
9506.038543866733
20945.471931770426
24032.74914310893
24762.332044649364
3356.46353533683
1088.3930188671875
23059.538676927066
8110.545282518607
8630.652678046836
1533.8338321641138
11614.858178159157
1581.4183331103272
6663.882775019951
39976.32640753008
6970.0725851515635
7130.347884005002
3209.96516167001
585.1186920539022
41770.91747856508
21852.894241565
871.5679357074322
4302.475627311342
19449.124447883027
15156.8913152878
9724.351921605525
608.9066432485926
3948.3615260563
6678.397338568868
