3420.511751522708
572.7802984832983
420.48879700845896
1452.2458156505738
99.87662648988258
2516.7937190074144
669.8510785753563
5790.827495035575
1839.99326817355
6873.435138307124
1069.1396052056866
1097.1391812566064
7448.415004111446
1817.3062987058543
6799.074668222009
2082.5997388493874
4800.934569195394
294.36682664970067
2660.967573577904
1663.1616362995915
8065.646284803837
8206.620264284806
6701.643191982601
6136.585450849901
4150.527369167149
3429.2995787136283
239.8658236003445
4564.695310943631
2753.0312534717987
259.4871067026322
2876.635183618701
2441.246334200306
46.97394489248666
1778.691260265842
5920.816476717818
7187.911098165186
3210.97230055002
649.4381994647536
1701.7317063405324
663.1527651185326
10342.999702430596
8273.025962152473
720.3220280484921
4049.4034722313913
1374.8739877070584
8075.989450591011
15455.544737041966
1243.0112083413674
29901.14010489467
9251.64581571746
2348.0602027940963
643.3155946376662
2671.1089290479695
796.7454569999624
983.5423145432665
3677.0295621244777
803.4687785470496
1601.8743345763578
1444.0437826547106
601.7802466623269
489.1547506784328
2039.5741984361962
9536.372110572485
126.41751437787349
5903.469529415543
3111.0695605677333
1727.8881656644917
885.4089265378652
3085.8897086611682
1655.2180951433784
2324.228184673615
1516.6593124992128
