7835.201583726683
15033.752606876975
195.97817497596077
118.07239627426019
267.78263764333576
37.43594181493493
87.49220589899998
9.844572844192363
30.918163352551293
52.73139337403679
125.61555748158376
38.86248467172219
32283.527442545226
581.6466499922791
127.77754965530261
31.873590762277434
47.55499568627912
49082.804474148594
41.114889874150926
81.52631290725786
111.40964883050941
405.7872434619771
18605.41739099297
9157.580771449566
2688.219295579234
20158.23644685598
22.21243956975347
91.12508970989745
82.16952538731667
10344.950023331408
280.30141930368455
99.9989152099788
244.03402565548038
366.04878588844326
217.26902563136002
306.69001017980383
82.43580082322588
84.54159165449123
63.66886225681973
40.51700281569867
10703.131158482027
51.10301166081312
7.137479186513922
246.14575860077412
651.6437372045324
8886.154785641886
154.1792951091713
106.02322690619779
54.74063282947403
31063.319219871195
61.44718461438623
9155.808261609915
63.34098503858752
9962.549080679395
99.30909217377992
19.756822558233253
253.4117989020898
4038.4904639650676
418.3239521251247
42.20108926979409
134.52714507873057
44.025553084266335
160.277248970758
1850.7731877941094
8217.767265323546
86.27451458007043
4.542755365679194
94.53880190718452
63.44971086378336
26817.053775494594
419.231019784348
37.157272311542144
39571.72063703924
18566.522091212853
94.95636369661445
3487.447434487135
119.78406865432645
53.038756125541134
13.196606977348623
4280.231611762769
139.46660150354262
123.895954722756
57.52198527738248
396.6778061902255
23473.901697994082
623.6528831300873
28187.663158097002
112.90957958324154
198.23033986249337
56.86049920923765
5341.631746421574
5311.497231355791
14868.259404458526
38.09614235141283
139.37618480331125
47.7779981897421
7395.531745017286
300.113048689211
143.96390609618211
20206.106866077287
85.75308315395743
97.03519856917993
85.23683184120615
264.7666258876956
2936.3828365250647
139.4108608204319
310.562354721976
24.887724609199758
6408.990137307265
201.46532252103611
26279.026474340004
1016.8723851497041
236.49703917349683
50.53083023956809
10999.476503215457
32255.614055301507
10188.684966588256
147.633044690164
2137.845702741922
298.90781399601724
873.6910295317322
21615.99547910337
15928.557093805823
26.047908616942284
61.129216460882006
6782.560304004436
130.925238635425
154.6360338579452
546.9044435954175
41.736015873919655
9169.945386458085
16897.330569050457
22.02210656116639
37.11507873736853
208.12110086071314
3871.3968005310444
92.75874765844345
1.543873590346552
39452.003926926234
7597.445931208662
256.37310986039955
37.96467652517245
13953.26904627301
12706.401533780145
17982.97069344062
38.07938920077223
1566.2013542218494
806.8339441967767
326.9866071066617
19300.246283298948
112.46067165814223
312.8653275950339
3573.502903481887
54895.71159487176
46.150419357464045
104.94094308698446
150.2857810236238
34.69812944001128
327.1638496263625
304.9903811817583
4645.503482649575
9.311640684641674
56.312854516554346
114.38876961346936
53.025289025411354
134.52134137959948
126.58221526338416
157.77300281657452
166.1291920138845
130.0352295906354
7.841977537573615
5195.4254029399945
1868.5161855264798
115.80678549962641
18.866714177693883
3403.756337450486
30641.5590524774
37.675007824913976
26.99252752974988
102.76644321660777
10.632804437825916
51.12161292115471
159.7832675463334
247.796591465571
216.96966575927166
55.17134865080347
124.2541074030101
370.0817775831368
106.30218849549462
421.160836116831
58005.363681235045
1488.0772124163013
7445.465008344334
5.760013360786052
4485.340988483022
4412.7366267573525
62.852827965747736
27.816061175485206
17808.549225587314
204.9187614859241
24405.158869380328
10063.899511134077
30.76213335960326
8857.932587866248
12696.496597364398
57.81208317117127
29.744486405616293
1839.0902350103004
47.97138087017576
28197.260902195227
292.1635411863115
38.99776697242144
43.036882775587294
250.6448636299492
7495.1339483784495
15.517721430969381
22.666332703507983
9762.58266770419
24.64455592014761
81.42309960909573
373.60717702156313
3163.0713002477
230.15808733427417
103.69728930843257
333.26053919570774
6.707750878196692
2102.2247398641434
160.9146404086936
614.2439705081583
38.52804983047459
12411.88315915077
8031.3768376954895
291.24469601854025
2420.8772981038646
8517.3045222098
183.9211157317984
90.93739086159302
158.12744133929306
97.88089440039182
78.67211646553561
62.82444867077004
70673.7834336852
252.40568339732582
19832.23331570674
18.075882267882506
8556.81224117322
255.47127508767645
28.119647730462408
60.6096047757582
363.41316828140583
81.52802842199296
30122.943892391442
325.9151910559898
354.46351761373097
3701.8161023265375
330.8633680372955
8949.997278086448
3496.1055040136166
96.73518395883336
4946.956120837446
1292.6640623423364
49.146456824451434
175.8338827033974
41.72665402004127
