0.15721907003382837
0.19180803724325726
0.07108497066067666
0.11466149484077388
0.3177220214194288
0.9469788137975969
0.24166624248391189
0.058798961548050525
0.005194005594105809
0.03996539706375646
0.09599159589857807
0.2911449313228312
0.1953634734949445
0.26256808333031156
0.21519934037998845
0.16353851691759672
0.4486976032371098
0.1696118016314867
0.10883370296144412
0.08249420352389517
0.28816013100623483
0.06769135665204735
0.8007349819918947
0.23514734557151593
0.22954254222690507
0.03753919631868866
0.01876689958778959
0.03689611254827633
0.10768154322967712
0.10169759399679389
0.310091730393014
0.034387422926231946
0.030976708442377758
0.2037368813151489
0.44316188132334916
0.8403437661123582
0.06290911848248532
0.15806088870062496
0.20711017715960067
0.22600336482274244
0.4208895731991157
0.3045990083825541
0.1344031024067921
0.1182522752437929
0.02935184721083179
0.9760951162581264
0.08558208819487248
0.15641138615286643
0.4834579867408919
0.09874355868404575
0.09949276706653831
0.17747707482676564
0.24163618081938287
0.2623174174436711
0.012457643496449603
0.0074114806593706525
0.5437374021112713
0.001849652569610801
0.1623745533368314
0.07532035314504154
0.06690978247023266
0.24831209727145243
0.4898365801792325
0.06106462706014009
0.11094672715102685
0.25751850185835556
0.40122863495990047
0.1634817094431621
0.05908557540241888
0.13681616557439008
0.20082462450477748
0.08019596022584968
0.14504280506049713
0.20678438579128905
0.12486284275875699
0.5760505122166065
0.06692746910270125
0.7312763324720674
0.0021006201651976907
0.0057654839269711345
0.08606716484186193
0.3112462020948732
0.17350630196787203
0.0775109534030821
0.1994423771237986
0.05198114652314668
0.33460393025125534
0.09024413202809835
0.012212414441213702
0.08915579143833746
0.1916450622444194
0.2387207904023285
0.05138203856808778
0.14221787444903652
0.1728671963610232
0.06597812949531921
0.32162451720457824
0.07443118105243884
0.04434711524045191
0.08645317044728168
0.001304696202924861
0.08715340809837967
0.4196581649650449
0.12126082207582232
0.10818999319479808
0.1549567012030177
0.2136458804220343
0.10245229701477107
0.10954811684192388
0.1962770707465472
0.1018213991866719
0.2140646181139077
0.002244734921837124
0.09280384370470988
0.4217169385425615
0.21369334628326858
0.9635476592026617
0.022479518950451575
0.16980477061604238
0.44694739490638985
0.07630705138100041
0.38569348104200285
0.1938621581408515
0.29883429285660323
0.1186239918526708
0.19776735367466053
0.07875675575991907
0.3947510774220867
0.03769574735514161
0.20017180016115962
0.07185075846606437
0.05207125488893847
0.04707310397892604
0.212143646258498
0.34597366606718455
0.25837107315637103
0.1521541109170137
0.027971676946736027
0.01986463468177446
0.03455031317531781
0.08997613607415558
0.038049008388607676
0.08538450301903029
0.3790892214596189
0.08319250243802005
0.02516450043770929
0.8748088372307695
0.5347682256695546
0.4732514298669698
0.1358547608471344
0.05833228788663159
0.0632234322988266
0.05034730187972925
0.6672068178906333
0.2752711686245273
0.10046957238671883
1.2286053000503687
0.38255107513774916
0.2310410910766863
0.23740481231357013
0.1337315255504714
0.1752365606262318
0.18389036798455627
0.3663199063048117
0.011892140833935453
0.06223416155762412
0.00011054996440642
0.23947287069458778
0.22542319205498665
0.1220555724200377
0.10605274446486232
0.001701004418869745
0.035364506264988285
0.16049729734190088
0.0917272293032507
0.059007475103784665
0.09729570754878397
0.046758698878678784
0.30425931259274014
0.007115909910851978
0.09661366491037592
0.09098188453308899
0.12808757558401695
0.20642402772798715
0.2635054082252183
0.5728293400298616
0.2605660440387287
0.8939767073315363
0.05129677705803545
0.02793533883323347
0.10445044277202635
0.3441070781679639
0.36357596886007115
0.19970803992965344
0.04089691426911067
0.35904922735182315
0.47409773439218095
0.07361134687858008
0.08443073727124868
0.11876499565990803
0.13037807724388156
0.2792260116432184
0.5070299230150852
0.32440579692604
0.8286946063351825
0.03850909718056015
0.5949452248431324
0.027363757126553156
0.6382048672106188
0.0034214010251177305
0.42767860472513936
0.4026075557962197
0.015352187818969415
1.0524152641648
0.2097226061203351
0.03191869386329448
0.15109149516714268
0.105734053155122
0.10585427428646091
0.09767770504378134
0.6889543603890909
0.004852702305031987
0.015816000986318877
0.08377173885806834
0.0360609413295505
0.0010357626786689255
0.27414135851273363
0.6453341136761223
0.45536161898483457
0.12673812188564448
0.29277249532927085
0.2772793412934178
0.3937625714956503
0.7210830020713997
0.44250662283821274
0.23678972466231124
0.40791634041006236
0.15497176779256805
0.10535420606468937
0.04679675136388305
