2.8830615471390533
2.204642076910259
12.297035532883969
5.012365155437139
4.456423935751841
1.2162119440432455
4.324883179899998
2.373683089955668
13.002261565903984
29.61355435797672
18.08484937332574
0.015822013228875376
0.03536261541758872
2.6546883707164226
6.329664791831135
1.8601291066939922
2.2751513843181677
8.25467682518799
3.4288812422326544
0.8030818868980708
4.252757820080108
2.1569230340557985
2.1486407362752855
7.026085147995168
15.009401100859085
0.3221198279392543
8.386597987744718
5.983874181536378
3.6884672419836604
1.155867107772586
0.7855634683684474
0.8576198187331662
2.594056262593884
3.5021362019977045
5.179121788915168
0.42035239548278186
8.059865105688493
3.188767960483549
2.617168040764079
1.662246277531853
6.5500875087593515
4.161812052065124
2.755065546532959
1.4751788359411824
6.583414659331069
4.6695673423099535
8.705809477305008
3.373294191315274
1.9610387143105619
2.6420893010873394
3.06003400296793
2.505131143472687
1.8529885713250749
4.583406898729898
1.9701163426359876
0.012714493330307797
2.8473987955233504
12.718962752557637
1.2792387053138643
13.388165336810841
2.401344806409525
2.091434752693978
5.226873601931742
11.891609519439061
2.3244733114613534
3.906894980290992
31.07827437524734
2.8867435466626206
2.5036329260792054
0.43937603873810743
2.2367725912516985
17.814469431306872
1.530098135880867
1.6099339351603088
3.513792496499368
2.3491266832160838
0.300103282064956
1.2029704426462189
2.145539839616366
27.898219466622614
1.307625717035982
3.200272454294096
3.1115937202716526
6.798040020790074
1.369401754786735
4.273240962073803
3.1824970137105066
10.000133218770845
1.2086694102653142
0.13428500270269955
3.9963073145425287
2.9398876968395307
3.3607961344461867
0.7210859665701697
3.5699939961815392
6.265034545230922
3.953983988073261
1.4198702882759164
19.16652043585242
0.2769342082325355
1.1830708238712655
10.014877637245378
2.3264586999997854
6.1687846257429415
8.0845515121936
3.498686750484108
7.263911453707477
5.964752958998502
3.1615951995334406
0.1405361110834463
0.8407446537059794
1.4512623961850104
3.620740028242698
4.091249174439533
6.2577747486501725
0.46262999729451115
6.4134130451154405
3.545489303433176
4.137650730435837
0.2677757147688646
13.621757136878017
5.956827012720748
0.8135761795850694
1.53384297768467
0.2565420007053091
0.8392012018008542
6.337675250880693
9.150652343592004
14.284771394098911
8.340500105826786
0.4906801585972068
0.6344917453914151
8.238553669068871
1.2717761557124434
2.3347500607141756
2.9539524129521695
15.650226647473215
0.9825301332478459
2.395489271486994
2.7232028157580555
7.875730511590381
2.4738396797663356
1.6630658242610385
0.6578521141655714
2.756891424749525
0.7338114620324039
0.7922989233203217
7.743036442047444
1.860969320540521
4.627006529498261
7.136689387258059
0.23700347007326436
29.134534638956502
6.319374884092405
0.05754554261785432
1.1647209993847447
20.248500048268966
8.378136481220109
7.28616357323387
0.19413698521281467
11.559270391942789
2.2685844053242112
1.49618097136253
4.823279538609526
1.2952247748738952
2.196008998297994
2.3612493837593083
2.0112392145641125
6.251224213208989
0.8863632339487393
2.9322728997317524
2.6781624522964362
23.97381273061116
10.09017277048115
1.586592042647723
1.0909220977821492
2.5093026815347512
4.060091225171607
2.589637798037266
3.1778750446779616
2.0317609999899027
8.78946173925874
3.182891975456366
4.0393755808304785
5.020693747958434
3.148183655747238
9.829336142929986
3.2804280729775814
0.07928397560130158
5.327402905223924
18.010159956964767
7.595466135159719
19.355028890474493
9.491502340626248
4.370067079193861
2.116353542595626
5.6758935789238745
3.021954251606006
3.2772787333097244
7.585134571782451
2.973234070384449
0.013407543799232119
3.999726519252174
9.664870516115627
0.11682696795648442
0.9585630022153222
9.576874476714817
0.9025095345656831
0.09220561951382751
8.219090468569545
0.7197276048120548
2.047672806155061
2.5552331753458946
7.6689104520738445
3.7074025113321025
3.0690650158577903
3.254350736855386
6.231832963735135
0.24536126257146124
1.6355377297931044
11.508535412155519
5.60747922630804
14.888656535091187
3.80575785347879
19.908685507084193
1.9598833651619483
1.1850362192152837
2.2385769691512563
12.862453222571924
1.9186331861595125
11.992721595231504
5.973317934929892
2.130133815595405
5.239624219522335
8.295388417017191
0.5165592625046116
1.2508230463176622
0.8944560937771571
3.395018392232804
2.5808582483502267
