0.01270848755405554
0.1279109408207215
0.13695510928494029
0.2646817043655735
0.1602324040888592
0.2035139984952471
0.05650390200099868
0.17362375387652268
0.1070036005327026
0.1800831368482869
0.06785694642208055
0.12570582631666305
0.2973717297388584
0.24610418073063933
0.06317996426198406
0.4406162283446247
0.026466369587568046
0.03091286468959938
0.03820258494245981
0.013441151663069244
0.08943930249141231
0.0008532464607364928
0.17292029170125245
0.007301389889910908
0.08246436880081057
0.01717678356409712
0.23092701479469793
0.047149324928082756
0.15313157839677471
0.026934955118561817
0.14722927141161096
0.040885645285522125
0.0329646115411272
0.058826204277605605
0.10268759758771444
0.16210815560094075
0.3167343077656069
0.03346373087512046
0.04479199774503836
0.10856004741520983
0.004353022367902439
0.0014317067752744976
0.021138704947929726
0.09786195235508018
0.06165535829145442
0.22188183692877395
0.003990077012880941
0.08197173448183154
0.26007361520782757
0.03434767716638682
0.10564472699360984
0.03205084379007826
0.16362343911108385
0.09765517850028912
0.5301058176206046
0.12125992350235341
0.19429597641785665
0.6658660515035281
0.013251256509633658
0.029689094071742996
0.060994898773368854
0.17893989855814335
0.0525242289296283
0.11464943597057196
0.2886061605593772
0.06485522578545286
0.003930549368718766
0.10550117336702851
0.09576998015224375
0.13433558080228067
0.08793753774445408
0.14073457346379897
0.026040743429792054
0.2547981602351635
0.031861817078554414
0.15280155650075955
0.12747639354710866
0.08792195871641727
0.30430694045391826
0.006843006391558444
0.07801483882956982
0.15745769700796286
0.018360945409742885
0.05822877594757431
0.6188492706474253
0.01840039616890765
0.04125716443602862
0.06488008317670368
0.08668524755185972
0.20319570325244024
0.21398635077388542
0.16274466209151414
0.1270156936163014
0.012562805771802228
0.04326698199224251
0.5150281013546711
0.005529265533065898
0.3193450720586297
0.06489387399040925
0.002736809299759999
0.12902568665635997
0.11355693760812993
0.07286280179453727
0.002281842456342244
0.01923812532469112
0.037141240384204646
0.037346045768607596
0.09917047546676509
0.054523780857745056
0.01515373039018209
0.014214291799864125
0.004116327975240152
0.005827976509086195
0.06563740831602875
0.09092484717052032
0.06563182648269794
0.044491020351886165
0.3225730878793025
0.26295968147489146
0.05771966354007585
0.045022859011372734
0.1386665352241741
0.07195828589799357
0.029099069049916583
0.07060516109274785
0.06477002453974508
0.008044765893982056
0.0018746481473367695
0.06417761282941624
0.12129252326062617
0.01575054065165745
0.05582965897237684
0.03867466714527306
0.11995986143766116
0.29130908593816596
0.13182223504692442
0.14856038404999536
0.16531786540783125
0.041309027204491394
0.019073253059602144
0.012765332295943562
0.2225887997333571
0.1520719015245952
0.20255586601148942
0.43467493036804505
0.11430723517284239
0.012393261494517313
0.000990198194116423
0.027855176859330883
0.1686891826973398
0.2516438791963253
0.0014634180369749222
0.03510214733712159
0.06739729870804438
0.03145044365129909
0.1096891293302342
0.0736284446705469
0.08682591804946439
0.03487745089720277
0.14328416667433416
0.04430509728213468
0.03406593181197665
0.05134711325477687
0.43340364522839897
0.17461882072175272
0.05229749416176788
0.06294400018849287
0.09731896413155638
0.08965207797891704
0.009390325326871566
0.014610648900073235
0.07684145640140164
0.019436548077305157
0.04286792414015468
0.16597538017406555
0.15477281316245772
0.16361029947964864
0.03660420478506213
0.03917891853999096
0.0474661839926866
0.36544998380960536
0.08981142902737972
0.34729746826262053
0.06111371588431529
0.1528818845426832
0.09787090953132821
0.08412899616060189
0.009265261647952036
0.11702439171302637
0.12527971309621144
0.03928073008724407
0.10214442880943006
0.013582158946190246
0.11540035678506559
0.013208037412812207
0.02660644361829015
0.007764485541900774
0.1443903342146392
0.1406553757375673
0.03922359980513823
0.19098068532484946
0.2684578190719799
0.3480023463210802
0.602643833579025
0.008404859565045584
0.11637122364132758
0.4813374086069934
0.19621745448953587
0.05635272623796694
0.7875567681728957
0.04084852481023129
0.33927425330802957
0.040359884452792295
0.015289649804762722
0.13386818441561515
0.29473697622207895
0.008587786298681607
0.20721094916655836
0.12609119865912652
0.09579260962478571
0.09649739374964628
0.0025531201260947526
0.14852484411125716
0.03745232430143006
0.17024218473359312
0.0879610820523808
0.010194274106865823
0.03837354703038014
0.12126907777920566
0.0800067704455567
0.07010265028108517
0.019873297172845746
0.031540702770264765
0.22241435618213368
0.08598342005080331
0.04156940267335356
0.10913512653600971
0.18363126551401102
0.05527845993987107
0.27698472038761734
