0.6224250213845698
0.5711350629223079
1.347114643435557
0.7489804144265185
1.0420543662695623
0.46787964207938326
0.20348038894025888
0.8455373615114813
0.45241566228599517
1.4991638882386327
0.19409543501804005
0.660377966876152
0.410544054528056
2.7263156983042274
0.8263704617142941
0.32868993002623204
0.825024104928371
0.5636815178661816
0.9372748421268153
0.6137712745124628
3.1177796726016047
1.6639802099797043
0.11746717044162489
0.5681358118632942
0.14497354428837117
0.6688908812997537
1.0092389495821843
1.252960634193632
0.7100825791083698
0.40103437855445595
0.06971689583528771
1.3631642558343338
0.7243980128962996
1.045659162109016
2.007497522250528
1.4235242590135166
1.1065106919246757
0.058529032891965475
0.21585343140743404
1.6375271132815143
0.030841855534388767
0.3862308855508136
0.2347420281518484
1.960036129721561
0.5746728221670496
0.876574584549557
0.47362599889775864
0.07921312226079719
0.5863127405662883
0.5634493791842129
0.2988564806539145
0.9290474374331406
2.0051059827132836
2.0075473531026415
0.963922718844034
1.109239109378433
0.024646489802827954
3.5578788765173615
1.7589543471931444
0.633152837871577
0.5203046135112861
0.01100503236870687
0.3934934668117837
0.07940178745158794
2.007234378474449
1.081540013211521
0.930290762155861
0.36703558588952284
0.43873713939626224
0.5485784905408194
0.0854750339304886
0.10558124825968378
1.1506705295825916
0.14347268317327655
0.5944990714960626
0.08158003270614891
0.8858902790791086
2.0334226019737383
2.2491920680532878
0.09869337952237481
0.6040864120583439
0.6827458434401878
0.05880187357109759
1.2212498778030336
0.8159589894110559
0.9139209150806598
0.5035261655268968
1.6569428476607106
0.5339145290830328
0.05844788878932951
0.6944038829165765
0.3753010564205737
0.08947958135334988
0.7598089082520262
0.7394212280173731
0.11169303815840038
0.5251539460803272
0.5067170116714372
0.7585531425071651
0.047332203498650194
2.22735990059597
1.3787653403562263
0.10579922146283918
0.0953855121154466
0.06889175853214076
0.3083660214283889
0.015372734944243316
0.051255231272467554
1.4863670269958638
0.25629338709394406
0.7305754408627877
1.6378271752746154
0.5673088812565525
0.32983691346936367
0.08272235571364274
0.25759660653134997
1.5650658908661548
0.8401215665906433
0.3457125006372725
0.05900742070252065
1.0023758505839429
0.8514740227780953
0.02385786326674054
0.16384884534648803
0.380272685549907
1.2251196471775512
1.3147144791669874
0.20108956537493114
1.0117531526294128
0.22927909684831776
0.3679354320859355
0.6106100269699992
0.1586036727024832
0.3054771231640987
0.9396806256594986
0.4242736963774349
0.31397776264647304
0.4473147345521588
0.03361367835370492
2.0492446833164997
2.2924152005123624
0.5442940137431426
0.4083119193648199
0.3683011281276059
0.8199682695917792
2.2958427497656984
0.6189368613310179
1.1141741562386573
0.15234954274978157
0.24257593343253547
0.7049017406473916
0.08169513460600594
0.04331981527811283
0.20944367340829181
0.05934038515159474
0.4905850361309358
1.8366579498379256
0.44585387899388707
1.0970451754123196
0.5614893553631399
0.010020909488428428
0.0068528337467382945
1.2381600558284727
0.6112154977225157
0.10826153417843162
0.48171437671499656
0.6232531458385392
0.029734957303171553
0.1841839246147193
0.35623781422258793
0.4567545750638411
0.22656371967291092
0.11873829109175053
0.40518930451291574
0.12773990722900996
0.5980719862428131
0.2914472273510258
0.2117794779296116
0.7713984245083253
1.253735656478694
0.07310851481956683
0.22478946055418547
0.15358442830835436
0.17194914080753498
0.38186048746677403
0.24950940398294016
1.5071610557485398
1.2794943839620279
1.5552270439338234
0.8064411384561534
0.8603382865782941
0.3349153879617371
1.7347550851687092
3.8331552613123336
0.07207468732569937
0.20937919554526266
0.10385859397781161
0.5993870863413873
0.5594387246314034
0.5648986048337784
0.5024049946314919
0.546739688841806
0.35146121296879096
0.3537094457120273
0.27633667818710617
0.5149029098799619
0.30360871555629576
0.7014991820436219
0.16206035493924614
0.01980328943796941
1.0823717837824733
0.329326260580228
1.2122143851185836
0.11446369129216002
1.0040114285123825
0.7489463969136838
0.16741691143859527
1.22432100953473
0.35473566812877033
1.6371388516790493
4.117813376926596
0.2951048132951974
1.2663637389758873
0.5057414133029459
0.17548458531682257
1.5843164317325762
2.6662822663603025
0.2843957600752795
1.0267679384139434
0.25877998338207764
1.6898820301983857
0.02241354234197787
0.15013842331524369
0.146979423348226
0.213506636154472
0.5480719346972622
0.1060628421201962
0.40022521216020496
0.8047263075873741
0.547189612234995
