0.6058848134766712
3.02226419448647
3.535599161992353
0.22292027878415727
2.672933882152342
1.9836450245858268
3.9923627112812
1.6904110696669177
2.3044130282631743
2.0051009158305075
0.09246938911435527
1.1970109691240838
0.9482410752394693
0.10537701850179294
2.071427684727532
0.6518734509268502
0.142822518063512
2.455939887405852
0.193867777608174
0.09693897072823116
0.005850748843163874
1.8866587808973152
0.1597385147447309
0.06387297032021885
0.49385535491400506
1.8854464407834408
2.7685626315852114
6.791393156763844
0.6091553643622214
3.2393796569982283
1.3467726699288047
2.637928250889543
1.4120520400878482
1.4857310871550822
0.2911222760391776
0.04551962169473927
2.8953218888335486
0.5431829398241919
0.7476959840509863
0.04704714353716183
0.1186949420759492
0.7482467098249564
1.5580879832922117
2.196937097034812
0.9015117662197976
0.6602693860961767
1.2951382289012716
1.6283174076178295
1.1915609587078355
0.04999734292353005
0.679207189723301
1.194502620537847
1.662433810420536
0.630279595100355
0.04857350109139179
0.0011007490654934798
0.48090514625420544
1.0671047396722597
0.09926037908609021
3.362555689685046
1.9527874060803454
2.4111236647625227
3.795879309040098
0.1870530538321498
1.9343682102489588
0.6449847621824122
1.0651749533566959
0.5935805240202989
2.194113384573615
1.5263936649036287
0.38931894114837384
0.6905430633212479
0.2656624518910086
1.1032044184305116
0.6119020902021981
0.5853317949048488
2.500151602498122
9.683164965465552
1.7224927977995634
8.46329129842548
1.2918655669381303
0.12996559907767694
1.075650825280171
0.2823284472900542
0.11436953907997147
0.15556382676960867
0.5715478378592005
1.2769624601987888
0.18874989270707163
0.6635642495238612
0.32071892852211026
4.383939465899333
0.035715589490576315
0.011875093352134535
0.26962246219275676
1.3979409096976594
0.6970736375132138
0.7906148757321537
1.4491938051002167
0.2411670887225968
0.4798198629904948
5.512211666925203
2.489348139975359
1.1068670314644091
0.5335852223714819
0.5905302789776474
2.671596030923689
0.7006849762525861
0.012857135773535415
0.05974546732071368
1.819690929039115
3.993352092475189
0.35409028782810564
2.4389463439471184
1.789198557796897
0.15257857876538036
1.0010267988769412
2.3007214541163084
2.2045483933174186
7.6519869344402975
0.6424164154815376
0.01378314041452946
1.4281501945101254
2.104093802563857
5.477771989672677
0.4963533708795201
0.9648979715056419
0.8340448946882928
0.8828220669889323
3.457669827596212
1.710789684143751
0.35979589468694456
0.663778233931311
0.5260915375655995
1.0341996587089364
0.578838989322519
0.4004743788621137
0.9168444365199078
4.048012361284655
1.3542285254333106
0.1492920479576379
0.7738654036318732
0.34618622190149334
0.6820626834902821
0.17352612255375177
1.2908182201134288
0.09739334723463605
1.0160382819446092
0.2884270734348519
1.397269446707509
0.4557309092368443
4.19976083161261
0.691185186073248
0.538463429606619
0.6604125634532828
0.4816026565270201
0.8311750346592518
2.4828439449413997
0.4271690766214415
0.6210124194774348
1.2287088790405267
3.0913641038497226
0.27725828975744693
1.854038855350902
0.6008833683080501
0.426495625059131
1.164839778805038
2.6071456605427366
0.2969504967898555
2.455318007434322
0.22656912278582456
0.44454542080223036
0.08884447735211454
3.216682745047098
0.7616717338940033
4.202702806708495
0.43739346377735583
1.0896931237606866
0.04279900794174839
0.4750440323569529
2.570261476018093
1.434828724591493
2.3545111124838267
2.86420949304829
1.6710748021271704
0.9614083911265556
2.2722910877495988
0.9405893177136301
0.8683170926628
2.1369523597487907
0.5326444462455359
2.074134796342751
0.14157701883245233
1.8738935410792579
4.211985296182579
2.6643107362625416
0.5175146860756424
1.7749015845456397
0.31856855374919585
2.960707984366131
3.660938636936355
0.4877159331238608
9.44921042520073
0.6671027108065871
0.21409264355482152
1.7275972492138596
1.0054148927443833
0.6454302405747544
1.685415231198944
0.012816742265828369
2.3221434525292204
7.838506269355397
0.006316476965280845
1.912574318149253
0.05550500460372601
0.8048382321549374
2.828344996429611
6.419055651244562
0.32882106551548995
0.47744112832505325
1.323129585700648
0.05482895113904306
1.1603361373137646
0.6493876021002035
0.35796669096401745
1.3906041372231106
0.20858706221054507
0.4932145422192274
0.5755585104307128
1.128055477869047
2.503459651281609
0.20217682312575685
2.1679068353571456
0.5433932714990032
0.3240571453642379
0.02543128180797105
0.7064881752549207
0.7774372463521464
1.89772776062304
0.0745277392290773
