0.003944033011391023
0.0012350995124822183
0.00582338936032573
0.019618582704863614
0.00969368847145777
0.00619171942049865
0.015617282936972858
0.0007560856469988074
0.004220116787837312
0.026713022873553004
0.0009166578018147358
0.0054758901225200425
0.008268957541147488
0.005896695414045717
0.0032723793077658247
0.008307485775583016
0.0032634530199669573
0.006998033730533832
0.008037886773536127
3.604682575235311e-05
0.0018379052846300113
0.003104711463521725
0.00035826592031601716
0.0018582092721542874
0.004152451313329643
0.00826828181974201
0.009818171213177606
0.00325733284841412
0.0026768026529145556
0.011502428217841426
0.0009413249729176136
0.015718798958040944
0.0036959662618279822
0.0051148078359724795
0.016386857020552065
0.012786096533479905
0.0013572496638535878
0.000764525805078579
0.00440118113895234
0.0002050587071174247
0.01171347397225431
0.0032285888054253316
0.014437063041386552
0.002859680866747438
0.009561758909753406
0.0015426067028824356
0.01454046230807182
0.001871725117786638
0.0008737819115041176
0.00771326351190238
0.012407633057211072
0.008001054788870997
0.0024409021003880607
0.002901437674503549
0.0009959065644019522
0.007811804827449403
0.005156167875490867
0.001838843734347499
0.0027715489323713563
0.0032716147743247883
0.004487580013537119
0.0022429226235433524
0.0013736486440898133
0.0041544316523664205
0.001806336352402352
0.001809732918189205
0.006647987351942859
0.025009758400466355
0.0066060814007894405
0.008864739136463832
3.6765673573362303e-06
0.015874297812528707
0.00178859640809467
0.012772106921376104
0.00038965121279794477
0.0018646669843841322
0.002073900081559959
0.0009080670264941369
0.011361731910410507
0.006255373430530766
0.0075119956559682784
0.016102426757690826
0.01683301758369029
0.004092164629189648
0.008861905427138524
0.0032673610157158404
0.011258607493020434
0.0010326029313995858
0.01014027812583473
0.008442973982853768
0.0045161507254377654
0.004862812074676271
0.00666095548310569
0.01716714372579818
0.001043791165576469
0.003975765536240336
0.0045634539472238275
0.019423276095554966
0.0008756722474044712
0.0017833315422038478
0.003000234446122325
0.005402967999949339
0.0004452335390977309
0.010789000290429025
0.008227217718969471
0.0006518069366677879
0.00396762726196949
0.003779309345133155
0.010904929889746827
0.0012384422526715909
0.008015458717060856
0.003263203654188849
0.0006667658181090881
0.004394504714865681
0.034235498255204375
0.002405280606037658
0.013882427421407906
0.00018217032571261673
0.009931090833865171
0.010718657954429917
0.005494279582148354
0.000958843933761698
0.0037083588642459323
0.002342785067052343
0.006924819127404947
0.010471998032552818
0.0006358593054278778
0.00431230040783095
0.014280734174221467
0.010082122003297998
0.01774281962990154
0.005437281283451395
0.0063956427022128885
0.0018788691497201493
0.010786781677249866
0.00018988124638892386
0.009303844587507893
0.016256960515118837
0.0048593621073935375
0.009754669215306279
0.024426123661690974
0.007388072826281406
0.00043198492002697106
0.0052611777467658615
0.00137873312853763
0.003994433425435327
0.0064672623502350654
0.007252123024135505
0.0011726930091846665
0.008577989887169611
0.006603451881560153
0.005571379928436974
0.008720478891439992
0.010615956514500374
0.007371030666982487
0.00729348258277965
0.004124830018470162
0.0023252271185122343
0.0015165582991544192
0.016041659958179737
0.01930927740791877
0.0005184020379889447
0.0005076062916989219
0.01848717454612361
0.0024940526127712765
0.0029269338316178796
0.0003232583113899701
0.0022000981333869193
0.006553797421204428
0.011702527839910899
0.009923090606987995
0.015258849892936514
0.020659959489574893
0.003136208213416753
0.0036305049135508588
0.01336499528098922
0.0013754061752233098
0.0021878798516024073
0.0039592054882571625
0.0025633137839754408
0.0025743380238176985
0.0014506540259655262
0.0026819798122876474
0.0023094746839128037
0.0005715623968991485
0.00196646561979637
0.0037131368956534504
0.0009899571631208342
0.00032475781154622465
0.013220122408434521
0.004715605501356178
0.008089295758954533
0.0011824706262374238
0.0014075384348698568
0.0029042361684923816
0.007024013284798444
0.01614602096707984
0.00628649377056867
0.02320512618713649
0.008373977981726998
0.015634165362716914
0.0038114066663794094
0.007793296818402986
8.361302543625339e-05
0.0016272265355142693
0.0011101137906954627
0.01114230486088797
0.0004255887646807566
0.013247265431987322
0.0023485143361860568
0.007817259650713723
0.01159130573540495
0.007477751178376201
0.005802976840231509
0.007962037998842226
0.0020376495062783186
0.0007572667316327808
0.004495339790075949
0.010405355159724483
0.0037266738589317484
0.005256649289611515
0.03378835719571213
0.00259776548182715
0.007236716820370742
0.0006569400606056796
0.0012795974961996293
0.0021971651036538087
0.008051161069664442
0.002442645163125284
0.006296491882523545
1.7479621218689333e-05
0.0018072813064660138
0.004832729674846232
0.011674524019221184
0.0022328922473858754
0.002676764885877021
0.0009016590426872541
0.003310312506258554
0.012986347263311146
0.005426862955034995
