0.005213870001734716
0.010112262842925551
0.0033170272235085525
0.0003298079627059178
0.004203026908778338
0.011573409230307774
0.000530146079253185
0.004159358338874508
0.004583288656900641
0.0015618280581235937
0.0026204895422151744
0.0016827345621416917
0.003524969061437676
0.000895136781639639
0.0015546240386216303
0.0028909258414707255
0.0009275457125869187
0.00045128430479699313
0.003446597863380718
0.0012974997720297213
0.004385557704962869
0.007712461247490623
0.004067715897902148
0.0008621562779047348
0.0037376545384618324
0.001918675503139648
0.0005385769437785385
0.0015412797957476889
0.0011697571794690679
0.006195976310856738
0.004243981790761765
0.0019491711684752914
0.008763510206543514
0.00202763527734182
0.0017201960643848564
0.0010655579945870923
0.00020043610195179685
0.0008903303307871978
0.00859585813942036
0.00031642957184553156
0.0015185926337033051
0.000326565842245097
0.001225221814654402
0.0010886343570366346
0.0030853563072467515
0.0012211875974826607
0.0056030911135687735
0.005671104734467946
0.019855364871330394
0.003448278350395444
0.002896206621734478
0.0023967684105492626
0.005188522988069045
0.0011837010876494353
0.0006889575605313056
0.0025135832802784613
0.00017608310474639884
0.0008661674604978402
0.001640552249221121
0.005205078442610365
0.0009933297191836374
0.0014100435364476813
0.0035813775855242473
0.0014975123520496604
0.00269685852410852
0.0020740142148403125
0.0007116752236140951
0.004793638173538277
0.0002555057808787807
0.0022501163683748735
5.4384172997771924e-05
0.003688501939890082
0.0029742799093968653
0.0017719421490525794
0.001527327184141698
0.002523107402298867
0.004814344758919666
0.0010632103224446745
0.0010714897988814006
0.000824960235220207
0.0030054309609960695
0.0015942130328342203
0.01007765963507177
0.0013624028977327703
0.00047145007900827816
5.861501678574715e-05
0.00692448755725073
0.00025120453554405825
0.0031033702354604682
0.004314174224000803
0.001061579292334408
0.012673201762680875
0.004885219175215374
0.0021702764930956408
0.006226192440942934
0.0022334085403344335
0.0029346142109282045
0.0005401089111045306
4.321203383013795e-05
0.0011076199301975613
0.00015981691597049812
0.0012181360485786854
0.001277735077943108
0.0012461507088986023
0.0016648062787399086
0.006224663916242394
0.0015731139404812852
0.00037533920131138426
0.00015883849242460853
0.0061859947556479325
0.005587696069393802
0.0009153186277111356
0.005430859050990463
0.0010613727044807095
0.0038539743226260704
0.0007475400811558975
0.003412507917959357
0.003213374235755561
0.001482531098532382
0.005960327731245581
0.006108040116756718
0.003029059020670682
9.582284680184593e-05
0.0038646207787394627
0.001983956225920947
0.005344015624357891
0.0024201545957947567
0.0013852193778926786
0.002789096243686014
0.0004054462511705595
0.008000149325606342
0.00013410087894370981
0.005954647668135412
0.0015556022007391093
0.004873574282531747
0.00037641525885233053
0.0035814170706186367
0.004060605813818489
0.002103758976662037
0.010284922345770213
0.0050462741922721556
0.004245632671479148
0.0048071811878712635
0.002726550228010453
0.004616653766776398
0.005239388211006832
0.0022455654186779293
0.001157702792763147
0.0012236965385255035
0.00028853082717594715
0.0013214586038052532
0.0006529610800676924
0.0007289897150755396
0.008995354232202551
0.0005515751117370426
0.0014340562760763328
0.0011669713951951712
0.001131938183783842
0.009754885136505223
0.0016104386718225755
0.007161488131352319
0.00042089043138318876
0.0018354802816257377
0.001238075834591753
0.0012148270859520906
0.0007130797013009519
0.0007997965152352963
0.00042646459884896303
0.002898508954338497
0.010961312392325296
0.014021061340076123
3.667195692136553e-05
0.0029024799011666113
0.0061200626630768
0.0014356312327106161
0.00012276815259978075
0.0001759051932751058
0.0042309402552522515
0.002378162811813139
0.005311236519515787
0.0009079940869442569
0.0053733556008889825
0.0036293055167168587
0.0009677587606398821
0.0010150435514037959
0.0018691984974822285
0.005341134269668361
0.0012481908960538944
0.0007512700580684191
0.0002876616352641853
0.010918648534191906
0.014565842142881402
0.0008442853938327058
0.006609872368847365
0.0018818303761662177
0.0017908109708263515
0.0042479609569706115
0.00039933460117252246
0.0033129613705570513
0.0002871598236110252
0.0021073869597158933
0.0054351166837782365
0.000709613000276813
0.00011401684422706135
2.568765393511836e-05
0.0004831675607569352
0.0002154482073451783
0.0048879741538457545
0.000992695336442142
0.006701505435918644
0.002845465717157267
0.0028237885947542587
0.0038396400682655677
0.005777662933988677
0.0009680741976991318
0.0024382328442539253
0.00021980632739037026
0.0034138495308593197
0.007128321113298382
0.001024760768965722
0.005546268991192557
0.008855302243686594
0.0020761757555947924
0.001907541516847947
0.0031869443002739447
0.0011455078183328846
0.0023297238647296964
0.002971637973995976
0.006395573909404468
0.005996044178813656
0.0007312984183010618
0.006141024117657095
0.0017247141126482245
0.0018062621673013036
0.005879402027950932
0.006903742099853872
0.004007269227946939
0.003256438473034514
0.0031872633536759046
0.0017876920824631815
