0.014743000617927137
0.009147859168988005
0.01131528858594939
0.004082360462574244
0.00024112340296707875
0.009866444399820564
0.014067025877469214
0.012899629638458658
0.004902844260979417
0.007749013061261266
0.001410436892672132
0.016617993414126304
0.02989678481023508
0.009043154903898587
0.012555169529507536
0.014769941190237171
0.005191046228996077
0.011220777263416687
0.05536947774597766
0.012749284144795642
0.001786395222454441
0.006276651591784289
0.021526616887639117
0.013201975395848178
0.03872365745467285
0.013807290036643318
0.004335877450480002
0.014001617881922033
0.016226668032467917
0.008266056744751128
0.015436376071824416
0.025647761637636483
0.0052948276030855305
0.016316097127117204
0.019083748035035052
0.001259860460200379
0.008182123612281888
0.005358804715803357
0.009678680017049433
0.010937716656501091
0.0026038028454108335
0.0076880911267960764
0.006842315384709064
0.004105564880713294
0.007380066484965049
0.0036278843951793355
0.004652010892831778
0.01758174228109284
0.008544233536671476
0.0014170218307286507
0.0017830337273815227
0.011548579854718697
0.00956647115729514
0.009785394760084472
0.006917861345748831
0.01924864487859823
0.0008765012849992227
0.004761977137379381
0.02840901428413072
0.001897843719361394
0.002421510716988708
0.0033405984432503177
0.011237188256852786
0.013353483471056993
0.012710336581513063
0.007446256738580876
0.004495144989277717
0.01689674814151685
0.027748450489558114
0.007364441591509538
0.011170822396437949
0.005760111758987513
0.003662797830103483
0.0004049149481457068
0.00016172030039842628
0.016251349326417596
0.00870519432321615
0.006205475162130378
0.011537577645177918
0.025966494447409238
0.00041750713133468267
0.010936465310168533
0.0008942958909010683
0.03592683600818533
0.012288603567743826
0.012813652131686285
0.026755096180626194
0.034904829759421996
0.006582470771429765
0.004712205659505854
0.009323529876453008
0.00666947935921188
0.0019841975514646305
0.023156133928056755
0.08341150830831877
0.001793901570818101
0.014537774663800284
0.0001521575481895461
0.004202226254747857
0.0020384174336816256
0.0246366829123223
0.003940504249106163
0.03432931400742054
0.003680458977197714
0.0021625281487101617
0.058918384839553195
0.002314982905963496
0.018034299054899276
0.006708068841159647
0.004730794648864525
0.008104672515793563
0.00396979508797592
5.854194459959339e-05
0.02703472064519681
0.00087509243022141
0.0002683872644192618
0.015043219580153937
0.008605160772145433
0.009749621495542447
0.0012504848241677328
0.03308163122417227
0.01024595810784629
0.004831300310264885
0.013767498385752303
0.005028291276512038
0.0041596565394116875
0.00198233975995727
0.010730406032668708
0.000538270246590706
0.013375008037423503
0.00048069566490757643
0.012171094745659123
0.0018534468549867842
0.00594795098512637
0.009655051221401962
0.0013418182399665473
0.011094252612375585
0.004589128665508771
0.02466419920091974
0.012178210108238354
0.010104669370919559
0.00038658531094932846
0.010369225837557797
0.008926051009932191
0.02367967266374237
0.012767766357052854
0.00733209896960874
0.008837824727347445
0.0003695644581586769
0.0011579734057549156
0.00039031097274272523
0.010245483832730213
0.014765182034299907
0.012472377833875736
0.0012695278878607195
0.008241561265431794
0.046989997592896154
0.011361695758657742
0.004681891947865088
0.001436168908546544
0.008312909482981341
0.005483450079816476
0.0040765858672417955
0.010272059608940154
0.006445463801479698
0.031554657142997114
0.004624307255686608
9.752361774425272e-05
0.03195493144367008
0.01793657984047874
0.011925035236459065
0.0012224306297911698
0.0063738081657766805
0.009199239537372941
0.013003538213773851
0.012266941706765669
0.0024123762000156875
0.008902750293309156
0.011264030800924115
0.0017634766023060528
0.0016392420487429027
0.001756640181768905
0.005196352536815254
1.5084460657763344e-05
0.009652380508573272
0.007368236297813102
0.01827448880210382
0.0005164963161956511
0.0014917836000749658
0.010557718189156604
0.0149580559829064
0.0041978537818481
0.0008249490762322387
0.006982947930791488
0.023191689039435238
0.006890249426131318
0.00379123393730861
0.0006799351428703036
0.0054228422592476596
0.019176327619073855
0.016471349533192892
0.0032998533471468297
0.0015317992273111614
0.007017506471790241
0.0117565674437619
0.0031289763461206386
0.0028275507960613725
0.001814510536660911
0.01664142149013532
0.012873177038665484
0.02316619460640802
0.017858309671915987
0.019270945256397894
0.013720592331184304
0.011725422524800466
0.007377434406223745
0.016905626315297344
0.002494019392963171
0.0077057373324651976
0.01302836725463125
0.009755506275943857
0.005678891427480685
0.00027157845006897397
0.007168072313445283
0.003698817756896153
0.008374486574688556
0.01004731176856402
0.023283399201317532
0.0040606962427703905
0.009191165839486794
0.009185588092049904
0.006638699336847693
0.011709438800696702
0.00671571210315945
0.00820835305267148
0.004174152026189796
0.0008540096822388335
0.00756107399210747
0.007426340415381034
0.004979039937603743
