13.096581604027378
15.427798412459534
7.362487971039743
5.019809685894425
0.34224944270638524
2.3448788552917788
11.691604504415439
2.931171747424348
1.7481339717703634
4.151924990666812
1.6660045706633257
4.54872382265073
4.779098132106655
32.05685182507451
11.642533095815967
4.7583249092639734
7.641969062504503
0.02727901988297666
1.2014428556401582
1.8921776257603646
4.0558326325237095
15.27956700747351
3.269583152720474
0.8851308132462191
18.3623833611765
1.052375442334915
19.784318779108514
3.65505229974073
1.2284600941991755
5.001664476919367
4.483606194111462
5.01741162593371
13.810350142408012
8.196103485691074
4.36778973885632
6.954767614303952
33.39396649821126
1.6818591717281055
3.4216165164027794
13.962900024011649
14.135277238735398
9.090774169126648
1.4211089157501497
1.5148591058439909
7.127307705374799
7.455362195451927
24.621972264410214
14.148342332898867
11.702304494544583
9.979839878270136
2.6562049285449723
0.3514045196138251
1.8193012313177133
9.05382649725504
7.1364578507509435
14.666829134211573
11.948495392737774
4.735712428969966
4.014397079669471
0.5310964881893734
1.0432385303706262
11.016030450611517
9.614856324159593
23.77488857858016
5.219460597166312
8.406456216556547
3.0880018168067354
0.4398552033383014
7.784251715007005
11.137246136905059
3.5461847562308395
6.510302220616633
9.659277892665969
10.014579063125774
1.1270127035636586
8.375827371269713
11.508124338342492
5.086396098945281
2.1021421678533283
13.948711467534746
8.53258116449324
0.16671656218210754
0.22885635019051692
2.1442814259510494
11.374954946018214
5.109255558280585
5.269331865842634
0.8535645558009768
3.834284419380158
14.79264906968044
5.230673418292752
18.09609944144266
5.343562051787057
0.658087050457718
14.649114895507795
8.184632143117206
3.646074507574017
1.2386305781443425
0.22572426085543015
0.5145441790552342
2.6898662583179633
8.113248412908218
6.3179981122365065
6.071945902745319
4.303148933613245
8.011700824996458
5.01772154142899
3.9868284633160846
6.064799418885246
13.708924594412732
0.6873498785251404
2.1770538340483427
7.265919988927273
5.16281463335603
4.377665737545242
9.500045164796619
7.148608374142409
0.15857870525562556
5.562063787246714
9.911909338194572
0.12746752871192019
5.248860689124691
12.852164363955076
12.109312685140308
19.351043777623204
4.058663267584119
4.629707726962141
1.7751793901437387
2.3383100893567805
0.8747771186545782
35.976146950133035
5.856115398410539
6.34726591919272
13.289917135889782
4.243743510357585
12.261449622855022
10.1076217046158
36.95822446282103
3.07486571416988
6.126633906766142
11.508023636049803
26.01072858897484
1.6420845841899434
0.22822977294808433
0.13402824641919373
20.948397241584725
3.576966197721233
18.700200431814647
7.388849246038897
1.2541348883824532
7.354828213485562
2.7509418695029844
7.2159255662843735
0.3113328286514165
1.3174299400550953
20.07916341586491
2.7480973501971224
15.450534626727908
4.414844154749622
3.45289820673876
0.31985610241970974
1.9057697044518374
3.600981129726578
10.537756698319154
11.276677737122608
7.6854176646741275
1.748253493838261
0.1267705269860129
9.877930575732803
4.81133081548691
6.255661009446207
0.2849484469850626
3.3579165237074315
10.125495182434417
13.92793152390586
2.208399026019732
2.0674974401361608
2.9423578466996094
15.44722232184878
18.140243738427102
8.18153632938138
6.297983702249544
13.246538483193806
3.2650079986594727
6.900614859431904
30.973789615233834
0.22899391930678858
15.191359906505276
2.330035943773553
8.444348616185573
0.7197789621446415
11.01607633025896
4.482503032109894
3.040579332478347
26.001251578596786
30.214136477234515
2.4097930598788797
0.8727641534005234
7.771073316197091
3.9580069824609447
1.9347537824077403
8.795806929928691
0.6443617333127099
0.3649360791669568
4.267060202619709
4.93356326606106
4.3916679794428894
6.1649221576326365
3.2997372535059153
5.23500792476681
0.5793127765013038
3.7230634361339003
11.702958154473945
2.2546223377464307
0.010946623263287372
0.12575313569637367
14.258569289049042
0.8131444994148597
0.17896419627511037
0.9180525118831292
0.3882753835319887
8.180379262421836
8.360456656936588
3.6498009852829174
4.5557514602528295
2.8967799886009327
3.091082006020233
3.599340996483361
2.73015668674021
2.1706225961665155
3.3367512798729977
9.911244247684243
3.5423480947908117
3.186803165678697
2.00460270947009
10.49893875466269
6.230677461201328
8.364899466154375
0.05308007939687377
0.637462943020321
