319.1839647088862
130.80818964961776
252.48050691944798
206.69839289427236
178.41326907958944
97.73928342184294
254.92178143626657
444.46635863864896
529.6783655351716
15.583586465528645
110.16591964196286
122.76264148167033
317.0419141863092
187.0797079383959
20.59243137429801
418.56992499918607
1.506812066011213
69.66831582834895
116.63882798918533
72.77490574324453
15.021550297304284
24.992316312586297
107.70895101881473
500.4730387455667
28.3501368352491
30.59189842159495
76.72217715951113
14.555096121829227
61.14081393065844
0.6811857439691964
311.2637879107587
292.30000035210367
59.58885511386395
143.61336974110156
5.469267695897304
102.0590647918806
43.35033718107486
2.930959839786418
9.854010900054831
73.81815717302383
20.898162554449943
341.43206435681145
38.027219856006425
219.03448008533647
111.47065749521768
156.46319532425545
122.41984541890538
133.05228707932247
28.884729191616213
92.29820487252276
157.89133302686147
383.16236043002743
346.673952054373
99.75733404192324
108.99556311076994
50.55337099277429
493.9871665008207
812.0936439850475
0.6094467065463778
377.2126056164917
171.05094091414423
163.00131584371195
106.09370768498955
67.58406817871017
24.24491608313095
62.23197690700856
115.66005321134394
291.7840409640717
106.54846423608745
113.99543902088303
911.4440503626769
124.31405736606067
16.473800877322446
181.55822317574317
76.28220653096821
39.994822951725205
158.1969935414425
1152.5961959759309
157.68123580128437
62.32201436582878
485.47989924955095
232.21859389872657
239.73275974843799
171.82157067283546
36.979245538734325
44.636536699413604
186.76550948735633
267.40920314035236
184.50934641453128
35.349531268423085
171.60141999809744
413.15450799057334
248.4854147603722
66.42558847556622
80.77445378079715
93.6754581894224
30.85535258898858
25.63853686325397
148.61250604034467
452.63026373885884
98.20288097947096
301.0081842194383
6.167781020917897
12.361421474044034
564.8526760472274
357.89548802022233
663.1331166710007
141.66815604267703
46.14012859531542
216.04076245484953
244.6507405002274
8.260157845848903
193.4811281321213
174.53777787938463
319.08311512377975
319.66514454992137
147.17251435706947
121.19786348635074
325.01181182741146
167.85018645463256
536.2654001263968
1036.0152246641317
231.89126518889648
154.48679862344267
232.88043736983974
76.08815290322532
396.99156370211983
477.97596483334775
63.95501760975889
21.754952585761572
246.2349784350513
709.5834068361809
273.43020688517305
24.54371198604095
283.732675347948
493.14256638318426
9.298730429238365
204.42395120828127
72.55782571235204
511.1719602030893
33.30375986789311
88.69741357027554
100.02133726907981
458.6874060889591
17.98237574961462
31.093002270157214
633.416269398034
145.8511874489122
774.3728302768664
168.72595085153958
137.50256647891894
113.79765465243979
5.2288181970965475
173.39446602617483
79.71602619828309
204.50129069818038
267.91789194090785
24.085216294843157
360.3564698064547
293.1388069387562
324.71205373385567
219.28334292077687
160.9998831601835
8.391213429134428
16.867208793461188
79.7232464048447
195.1173354668485
1.5924480395257397
163.98501896737142
95.89407253104578
500.0402328431596
58.59781135915205
42.500678168088875
257.07200377304355
330.82165552852916
320.96338676642057
187.6227604070347
56.15891269964478
73.71283045583883
135.32992624279225
14.04866719065463
62.28035874404396
178.7481406225447
412.6569177077942
276.79417110010417
116.97595146264244
189.3259299036863
385.6274570351183
145.03889097119935
70.7901911639983
105.88394279207533
16.00730494924281
4.612404976587961
81.40338677236265
68.68643741006048
123.80086638337826
15.487859308396995
672.4055732317572
222.67014651840321
83.43133375737904
4.250595183541401
36.263998616966234
341.51811669885944
13.946164841609292
12.053656692371305
293.78848147274124
180.12733241336608
529.582598716548
237.8111246925594
204.35662122005434
405.2838931814049
369.60694103552663
123.44676783407459
347.7262902871143
35.075231205580536
484.91609067847133
483.3976440989311
4.459796518551954
41.82619153016742
391.72537610175976
529.3580821001192
182.47051774100981
35.55663702119808
82.43569802616207
427.69453359916065
428.4135111602061
264.90160443619817
303.98120636627726
9.094007629271044
147.05856240259902
6.788365264908427
22.971128088796505
413.56835065381944
126.41245074620836
4.195697500936687
19.89603876614839
175.04780640476145
281.85055588863304
83.47282498304365
43.428872176814885
