0.24918482435946718
0.8678264400803374
0.4098644484253018
0.35402809862642554
0.7151934097074849
0.35915520273207446
0.1854059490992486
0.1639761039277327
0.01502573696818215
0.49077707377064345
0.0381722696015785
0.7040758785012515
0.6525244364539126
1.4760711959782442
0.17036581150936933
0.5410370482349268
0.5853351877913305
0.8681172268240166
0.09464588719545461
0.16983819762181385
0.8267889797984722
0.32841079899638126
0.09219837076198453
0.06694476129741683
0.04031438673500887
0.9698797886369507
0.25700811424001163
1.0191207591048166
0.2830016022247455
0.27016473300506183
0.05276789553655231
0.1048814144979418
0.5739654600319313
0.307414772538877
0.8944227945226176
0.5013020806086576
0.04067220569880667
0.4116315623345048
0.4339270287258812
0.41349518366626103
0.44361953307625734
0.19679519880984933
0.6009893568607821
0.03322106456207304
0.07476928240329618
0.43490147059970286
0.09272603383604558
0.043278156294084255
0.5260215842547598
0.12250628705735513
0.06260802187933312
0.6600312728029392
0.6670987502247245
0.20347014646579112
0.015306098135525317
1.0241502409396837
0.09291690173775909
0.8803378021583314
0.5894337393953794
0.40810852126832137
0.023428796891410184
0.3352149198372119
0.15888931066076897
0.10405935559578612
0.009808115910271744
0.5051605594659472
0.6095140488345416
0.3372598949646184
0.2650026247732708
1.2715982210903671
0.8223896737020844
0.05840963895312645
0.36360621195855225
0.07735337250367476
0.35644139119763973
0.5394213614711688
0.5131953948946635
0.13843618729495122
0.06589360069757111
0.06395811438153626
0.2477646026004044
1.5790083654446652
0.30714504652860763
0.1205607792222624
2.0322339098371973
0.3918550912965223
0.29893710829476955
0.1068704751178665
0.2559142257367474
0.08490242891547022
0.10108217858102447
0.781284652771984
1.290852737884934
1.232850346297753
0.1845554253348012
0.32250359432671094
0.1738975971871024
0.000931645401621728
0.3127836569195091
0.007008246154612587
0.7297601132595816
0.09083190341299821
0.6174164247644793
0.23090067154654303
0.2478804052281349
1.4466657388213555
0.07846048880550245
0.7487836160824984
0.7052571458221604
0.20900984226143066
1.543717515600472
0.4322198505574089
0.3712788281575702
0.2209219161536003
0.4615460680668169
1.007256422103802
0.6869620051188869
0.4459692431811998
0.4701062779759218
0.312874768973181
0.37206990035144266
0.05378657431922126
0.39069416189023176
0.38058803348731424
0.08484205916936101
0.43973465809035234
0.7131634462828423
0.0014849468451720135
0.1757529933641991
1.245747318924611
0.5221479795327381
0.3347356412142863
0.2947002443583465
0.026061776157735205
0.93908098891434
1.0882769184683783
0.3387675941815495
0.08438733223930756
0.2903472889806092
0.34269327358857526
1.256173368756305
0.06193482825561387
0.008966875962571818
0.5090043500757637
0.031108120195140396
0.06607705232115368
0.2435516613452974
0.032008146561051325
0.5127430241460196
0.013411680408950452
0.26878025972264
0.11590859476924215
0.8047326216606623
0.15045038439629402
0.3193041161846905
0.300842352546768
0.3315329328612095
0.565441679055445
0.757672956224884
0.061321923244535954
0.18702795767740021
0.04113430201263325
0.4161046440365669
0.8056005389942373
0.7511087294939339
0.17227656179634143
0.02158852734827001
0.468980782882778
0.03205868828394962
0.08830834756546617
0.7616029331502888
0.30577945777903
0.4419973209518474
0.6180656151426239
0.01150036561293612
0.27170248155037086
0.04600126622117466
0.5922928076486806
0.691425951103132
0.11018955861593892
0.3315323193929517
0.17881881982757364
0.137994558029159
0.3185161743829611
0.015008370772005593
0.480861153176782
0.7162615090475318
0.6313954629647721
0.20164578506619676
0.3358097544899807
0.12448508619599351
0.6647110167243738
0.09914970908649534
0.5576023615784003
2.1020172357508287
0.9152949755958489
1.2275543364270372
0.3481044692993386
0.03434365260090251
0.3002476372542156
0.2228148757664209
0.1945235544578595
0.06493534422057351
1.2204134609734296
0.3474703851501628
0.3114055098883434
0.4777981862150393
0.7103557939731795
0.47506446017088066
0.2376316637447091
0.21347981214117678
0.030956871424267878
0.05070477298381738
0.03461792739048915
0.4424872971401322
0.7596449730787121
0.06342435588902415
0.6678120265599886
0.809214233199556
0.10676444722166452
0.9108521476141563
0.06573585450001218
0.798760733795955
0.9727712555365009
0.7999567233128481
0.30650375062059426
0.737363019717302
0.5543623712931546
0.0868652105628995
0.46956834495406913
0.3324568730710243
0.4835924421286835
0.05819867210621213
0.36585734041316775
0.7301739631697358
0.08399705396020374
0.017895357675966866
0.1625259267172544
0.18389416563704683
0.17798822103227782
