3.763327471110794
6.953072472237807
5.85347541764689
10.020985297547162
22.762112960733067
12.188976433615123
17.89848694332266
1.115296130609191
4.107169322196276
1.06228353426133
15.322646888310722
18.040553852412337
39.50474222676135
21.97181549681827
7.6694632335386785
6.003300551629608
9.654462874420087
17.647853552089618
35.59768583143323
10.10101863896499
13.512193553416626
28.29195377285315
45.18074757742649
13.594316634584075
17.950840468670403
1.9217002168437458
1.0382246410201434
6.9396685526899535
3.7348647325186035
7.902235625071242
7.589590437456019
3.718912726039439
9.258530228521328
9.408542509989656
13.619315399312821
1.8802054167817965
1.3222060634933521
0.6693456724680948
7.9531378312528
7.683040901262327
3.6439380810748188
25.01667615916418
25.154930750850053
43.728266024106034
1.3563577749259468
10.11134444386667
9.693188921033018
29.31967387234898
14.280585866601093
17.496826939714104
3.153394607793858
7.163038981952854
5.801994014014319
6.8351622735292015
10.294725988092493
3.026410444657334
1.8390679220238244
4.05806034869754
5.517494435923673
7.220023940549417
36.83661023860366
23.821352521294877
2.3376866558104332
40.87466456660301
19.251946781591474
0.269517305575462
55.45479677332417
3.543261531531715
7.658672746557245
7.453873349787101
4.625585151024158
11.292042341241686
40.548019292796226
16.135416966509712
4.29241692008281
7.657290134007235
4.022354595680797
0.35976784800990974
1.085330838557339
20.740343160837572
9.853383972756864
47.61776199766898
8.485025796894867
24.9920664100719
1.1823846031809901
18.766872346980502
29.294725330240922
15.020003698130456
34.07085189804542
2.4390539829338924
9.454028265637545
43.8762913985037
24.124155698282863
26.763095498946598
0.9423220751743004
5.571984002364208
41.92407561358328
12.318307354412564
37.13824594984663
12.61327950136949
2.6238805241073067
11.665567223800668
9.977007752321104
17.361247566215102
20.691112475201592
0.08638365072477928
70.187379277303
8.961454100125156
23.61448396664546
22.836859990538628
18.102806773027037
1.5455008480383634
7.087426105310548
0.7765582216127296
30.472378463565484
32.30817824347679
6.135630475329236
4.526911785838205
22.24757346270474
6.449986293864725
5.957826550709323
14.156983574797419
4.699723445766874
8.148509659170855
10.099564507005343
11.245611395571435
13.531804725383894
12.957815106353397
77.89002299324342
9.581569370598428
16.191475189145567
9.616797402119747
0.8117593940375383
11.529783695146113
6.900418453623815
23.49782121505335
4.11622300027874
40.700817033987974
1.4399243505460622
4.4102459980473725
1.7058985730661071
2.3006015618474653
33.837336241871995
1.5547196234674934
9.87788757009082
3.0325839488042474
22.212223209257026
24.55333634101855
21.922757972136885
59.32392016191557
31.270739698219508
7.8238229348078585
30.355005981197547
11.411637180419762
15.290688957146989
24.189171223773982
5.96124891750181
9.028678135147183
34.90960955906479
21.549686283435587
21.266994528145506
26.504013757491226
38.37183137006559
14.327439346891923
31.655900690477573
16.193278885300945
4.56050388212997
4.876967035458931
14.169363351489643
15.24742305548598
7.429887657721994
29.046536328712456
25.822673719191286
16.724862799720835
7.531148239629633
10.531256852432184
16.154880227779344
16.492218981001287
6.143475538020665
15.943742927678368
6.577165089244367
19.19124297287207
27.706709950543367
4.405018417567413
10.749279996289134
5.838602263309586
34.342425435936
19.26004282369168
6.973558484358692
73.99725262583716
3.7730811810959475
3.4261947956513037
7.154945100454888
21.759032399609747
40.07565314636885
1.8291238622142323
27.42298658231773
10.051234054741311
9.417462148122757
5.986217815700811
7.849299067357239
16.72140561410503
5.915108099762827
19.628678254647777
15.455389794212342
8.757055949953708
0.794875619168509
16.54402337088646
14.600532549813412
4.815268698185831
6.453790705502639
1.6033821250235105
18.733748888629947
2.9150965765614587
29.484215169779407
4.332968304559386
0.6625270984372382
11.07170048908685
1.1220379787409254
51.274968453848544
7.291976649899148
0.596733817854594
63.616725329771825
8.668057018397674
11.062631208609162
63.77889862739913
0.7629549038354901
18.797006851413325
17.755212978854033
9.039741062760362
16.07600825810728
12.056201749164618
19.50914081729619
3.654721242422779
2.416104362092518
41.393986730606194
3.0020512193511797
50.07435937879098
38.32621208501006
3.1482564277167135
