0.010855420751528417
0.03406783447092217
0.02822121002418985
0.001842620590085876
0.02344552236354905
0.017880544646856834
0.006388573012407409
0.007039475002375056
0.03530571227163798
0.028409212025839084
0.006180722491320356
0.018722243809107402
0.02032389146095787
0.00472356516978189
0.01612602960994234
0.030191259857027513
0.005964026403224622
0.025093466541097807
0.018313983453330154
0.006058971290922333
0.024785812600576374
0.017956616803307696
0.06526390552571236
0.013285461950477778
0.0325006714943208
0.040675364667964425
0.023448143756059112
0.004404491741952842
0.04774970228987596
0.013345725820108316
0.012342644534840835
0.016534413839770633
0.01786839589203576
0.05725266250759683
0.00032878098902849466
0.0018407126269234786
0.01888911840256621
0.0037974767954635515
0.01536977157818161
0.01517053512464059
0.0030220368145276607
0.04011460428252292
0.02403506235091482
0.00547384303219336
0.006290384587518923
0.004500939008564796
0.0015932772654911425
0.0167256944402431
0.01784909533684001
0.004326280744613074
0.023615931828240642
0.00456484256450692
0.006556654115941086
0.008104812262668421
0.0003589797412334451
0.007730029456641961
0.04532986564001799
0.023870679454298955
0.03852446589862625
0.00603243620227244
0.012250753757251539
0.004970775112561416
0.0015763702616444326
0.019370713300690248
0.010243353759687475
0.008516066652780275
0.030741086499202187
0.010861870294480762
0.0010434894905709709
0.004543868027284674
0.03572168216126093
0.008294185908093592
0.0329086136353077
0.004645171323170107
0.0029540482145193198
0.011699671793060888
0.005350098828722894
0.007969475357833477
0.0056954678867010685
0.03299142431937047
0.012814430213904507
0.03514600807471155
0.0014208049712139108
0.04660210887541668
0.0014993840797389278
0.08146421746065911
0.0005353001922678474
0.018526779615075786
0.012481411105903208
0.014706571900127908
0.018667500018505496
0.00182807996888627
0.00010008922180309679
0.0018298379024993582
0.0031999744075710676
0.006741938811650668
0.018149709130673673
0.015267528230801347
0.03828143895669037
0.002206640696025364
0.03880651914121705
0.007102176576120463
0.008191938831168947
0.009657896664221056
0.0010822684940547656
0.02383753743201384
0.01365387295569019
0.0013485417213942167
0.004438676647051306
0.037381654319637476
0.05424741467610822
0.008417698810995633
0.0285579030827248
0.01148553204670252
0.024993930844241494
0.023899876516278538
0.019787600599211263
0.0312879351124412
0.0521081905902812
0.021190032614863224
0.03628189651661056
0.014256326206658693
0.007783915166724785
0.021457073527249286
0.021552495730161835
0.0007901587291647001
0.006181524639834235
0.04719168158154601
0.013858060959122155
0.002791360133673995
0.014855191606047176
0.04356637250229674
0.039365359491799846
0.013275668294696239
0.016348267983329067
0.0035909777625189134
0.013517058937157734
0.0038244743309258323
0.0019905533266482214
0.035563702503184365
0.009011058127368876
0.0005771668215193174
0.028561898397885786
0.005937701012048238
0.014840857205424324
0.004218808915615358
0.004918520027681013
0.016052068705353056
0.03304261049763041
0.007192466746970497
0.0004079651227134457
0.008928225932528918
0.014250120264113039
0.06728503697900336
0.015031805093429827
0.026329821412561325
0.04623751368542749
0.011653935045478287
0.010575498114639353
0.02475371382068878
0.0009161766502892959
0.0031452801355281767
0.03026196386592603
0.016168012988147917
0.01963519824510152
0.0050293227138000895
0.01046569324095278
0.01803341114145838
0.0027404235924006815
0.006021118106637318
0.01923112830162875
0.007086106025608954
0.02071551896709759
0.025614950678327395
0.002034925590606891
0.001547425891185152
0.00032282082927171356
0.03647402274327498
0.012978027974553769
0.004461911944849287
0.006411393850685316
0.01844529591034846
0.013442089797422946
0.007855205295623108
0.010445933574760344
0.018670013582563188
0.03717740870731255
0.006917556903267456
0.020347514469537302
0.024787334131510304
0.00941270665286521
0.00032578998933602125
0.031907128557517886
0.004357223621589888
0.028914967159937837
0.018841055870527593
0.006845744391626245
0.009403452076330577
0.08914012407102463
0.00538292446373615
0.007525714477593352
0.02443800140268094
0.013478192350754285
0.0224784117680786
0.012644299690470267
0.0011477132951519347
0.004174991315503032
0.004228125846987209
0.019122084538460784
0.004831212875613353
0.007641872206706509
0.007754992572430452
0.0038627245611932586
0.011271144946821502
0.050604713792308895
0.0373807954116922
0.03842588337456109
0.009303536793066749
0.019229059442144092
0.0058918781851212436
0.010486065410888866
0.011119492652501319
0.06095014814589387
0.02258907110154511
0.04556730972480237
0.02650481865158771
0.021709765415506285
0.0004826725816565334
0.005470814466956688
0.03590519933805771
0.006768386763237763
0.007725024505110462
0.005422092777095511
0.0010485185706701284
0.034781904451605714
0.03425652681384448
0.007007277160753376
0.009895909197901327
0.008041439123195986
0.010831146807911302
