0.5429527352716537
1.533498436100766
4.609448302060327
4.250168693693394
2.1709691878929562
9.717372375845246
0.17164402940939114
0.24532594411094166
0.701806171033008
2.173664392486649
0.737534201760983
3.154170257328673
0.11667138365978809
1.0891791671452606
4.250659610318598
6.038554328319336
2.0812591347812797
5.886096572402607
0.1943403084704488
0.3113146971681187
1.2502954263532837
0.016007508534687104
4.203243948678122
4.227046732708055
1.4264773748738628
0.08737389665446393
4.588402849599544
1.1927362856892456
1.7992068640668482
4.005044932466487
2.0818642544183152
0.0023399619168816056
0.10179135710914425
2.228126686858124
0.8176473217062052
3.593505513284952
9.271815408509564
1.7463965379181294
1.3686838552327565
6.0043478270323005
0.19124434379836394
2.9163290593592324
2.2065122043994134
8.24105994363544
1.6552527750990582
15.066314526934889
4.871066461407553
5.932134363061264
1.710214196826778
2.2330180479640895
0.7191900526180274
0.5683319537953702
1.9824989407273714
3.5580532658430846
2.4641074145139594
2.4653585371781643
1.8334911013389452
2.0094351894817124
0.9333039619755293
0.11122130586530748
1.579947882014576
0.23188045915877517
0.441700798821455
5.871675568358135
6.743702430466587
8.518410590173275
11.595454185880826
10.79353548610066
5.988757877713995
1.8588771247676552
0.5537023321123097
1.2981318050184631
3.700679707657911
1.3993708433453267
0.4567509499563224
2.621494371465523
6.840208823358175
0.23228392551429908
0.3121390372914877
3.8919891368362283
0.9399480388907079
0.12085753874944684
2.3214809684024265
2.233338044237356
0.03626428604633173
8.202743062317637
4.789379637860903
0.5754227803211214
1.6802313430889793
1.440858819027384
0.7972191356383551
0.34224177141595435
0.8291044184615318
1.4128425864214176
2.1564271647938416
2.293545386795532
2.4496274854640645
2.7877110633039157
2.416074563508989
1.637176435666336
6.939382051947161
4.262516414272333
0.7308474684914682
1.7004446330639365
3.6746569041809916
2.4490029124988424
1.2580848905295
2.5773262199594913
1.2672786171948498
0.46018692364623803
0.8880267925269459
2.1237242961331946
0.6934757486910045
1.308223468889979
1.5949676130980315
0.16287921289158744
5.3558288133172
1.717510168699038
0.8026220890400292
0.9146906443200243
1.4902128648793398
0.27134899973516163
1.4044049462420298
3.349380014306941
0.21016169550133793
2.76996056311706
1.5457798583720688
5.827313750563272
0.48307371230441865
7.53950742208734
2.7102495546959235
2.9240758801394517
1.1243997314779164
2.1557549405755063
1.7412342350799401
1.5404902108549594
0.4910497210434317
3.655425569249996
3.5080410335478054
0.4770008844681821
2.2316164914265144
1.0101594230544526
1.5261171422117945
1.0089947556546717
2.606994977772869
2.6372598960677927
5.949001603312009
5.105385744596128
0.3189243540860328
2.2309527182608155
0.05306656127569591
1.4777232594646685
0.45242359501122886
6.398107335687985
1.634974593580333
1.5236887935819
1.867846447515418
5.5829865957028035
0.904330795316749
3.3482891503484327
1.7167935011785291
0.026121264951591016
3.2847887976240733
1.3631016985398925
0.13087937067460406
5.202019269227595
2.198992702579395
0.10007803320530946
0.09255700784697904
0.5618351169274055
0.4717170903206863
2.6297444224228532
0.13376984809165324
2.7136591693172187
2.11309207443466
0.33402689169529276
0.08297844001369417
1.9157699847062353
4.4541923008737125
1.5168228617541584
0.3740736972990756
0.2488394467886614
0.1650546235884133
1.1010964383994224
2.4503085063382146
4.209846189714391
5.702498110273816
0.07498862680633249
0.6817650885638517
5.359127363735721
0.130008702803762
7.6027342247467224
0.5716574934821864
2.9371162256350396
3.5857888847694515
1.2520017218457868
0.4135905779812598
3.4656448912594833
1.0120625096870743
4.78831758912817
2.588054053622745
3.609628013056187
2.912443060545747
5.939177769773751
1.3164004941938359
0.0016492014826558874
0.7708438346080032
1.920510355859328
1.955631174119994
3.99862545194523
4.041144554021297
1.4453288240115791
5.38832864834734
1.9316298545321722
1.3257272994392915
1.8737541603052181
1.3915987322027463
2.3664225366776046
2.689538124280668
1.931905984991211
1.3731542867374775
3.18139741522782
1.8405194482375884
2.563859799100656
0.3134684187395381
0.5298381064984973
4.288175400703116
1.273700122275961
1.5839160992826369
0.6528774155734999
0.008802256129137065
0.909126276898319
2.2457953540170887
1.8479198305824331
0.5565770994327219
0.6654393650458921
2.2453649521371446
0.5593934918676822
2.277232217000685
0.978265367840479
