7.463768279883537
29.865142689718628
1.0336690597898481
0.17862802063911826
13.958324181213714
47.52519511352462
1.4704624091145893
22.33670692947562
0.5115372509684635
46.51503992831433
19.417026822874135
56.77808177302348
11.264393141776736
16.521349673568345
12.721111008300253
23.162005080733582
38.90288646055398
14.87035510788122
19.36111978600969
7.595333748063579
41.39386925217408
114.06070092898803
6.733547744612109
24.774535535309028
21.57838936253826
0.7880556481049386
46.16609804909321
10.955675994662908
3.6023690531080748
9.038850035082294
23.617928578434714
3.5051640092438046
19.075867754564843
0.8086516444573285
16.81278617592682
42.62608297206323
23.21448222334784
11.675447023169466
78.2017649772827
29.168520223711827
61.591518298438736
3.9074454861362877
24.60266342768394
8.356801470472634
45.74501990847329
43.524114443744864
9.073238793208409
12.713135397841095
79.06101779200907
71.24673148597036
27.508930710132752
14.751008920987891
13.203397197784984
79.27073824712257
39.30744348785364
0.4147401613040729
23.68902592903878
18.331233213971807
25.933467210592614
18.207185349972683
15.863216432565933
12.32580839545958
5.38750928232008
9.393953074715762
97.54606000730523
34.14313257832919
54.54835135369156
52.96942466458354
36.64781757005872
37.812472148333235
15.30375864902918
30.357332767820676
32.871927478255785
60.15167819898197
28.009269328742462
1.5972164751055575
14.186600387650165
46.60657840344559
42.08355372671531
13.191770070187115
2.8517281858939865
7.146974124800807
6.895160416388443
21.681261073810262
38.979087685523396
0.4780478714503779
57.92262117074711
114.74687547273078
20.270044959443176
24.922860050609792
4.777070835680724
20.064036071862045
23.493667220845253
24.810198746396733
14.685464227282715
47.89836851330372
18.161184187770527
19.29126297187545
39.61469665883474
7.378147312528168
18.251506640735187
22.079826894444693
3.775611448649029
45.73192609277252
14.898641450038472
4.0649910932031
29.7118219167919
17.9162170802717
7.339425460462546
77.72861131669855
9.771103127224533
11.781367243274355
52.22135691249175
6.7707583553698605
96.4772804272068
128.90785669232295
2.229138693219555
12.270956345262883
108.62113854239666
46.5379577841337
20.984879941001598
24.63475748342848
33.09216830022873
69.203733583597
50.59634432506278
0.11959002664870692
1.1879975241664311
17.052297768325495
19.91285289172396
0.27381712470688185
11.840131536074722
5.7871302712310815
9.262169063069654
17.366966131637646
35.73628394791517
9.14028433542353
16.881156978316668
42.25093188772233
37.70320813177658
2.2520695168217695
40.789494342460266
5.580128115093673
9.221020261722533
1.925971695770581
13.039360989804475
41.86039409666238
7.244511564847395
4.5430214687488695
15.522061116526121
31.35514293947705
139.9601871153408
23.599289319641997
6.268340165780612
39.9102376475373
27.006092428680283
56.92905047536157
42.49624800323286
107.08105769168817
49.142540135135945
27.103193945014947
17.497309158160565
0.08269197609208759
1.2995090805121348
97.55199983761338
23.851941592670936
17.858278047300676
58.398284019439956
28.274135095945887
8.730668483509577
21.02060708106153
36.56754531174501
25.130279089857645
23.392844311609167
17.306874109160994
4.394835506129268
119.75915987330262
9.3238612194636
62.200898918359826
3.0481662160250225
21.643327357232273
29.455471439828482
34.84897823281456
33.35012262002652
25.908402775238248
7.753864364744574
31.541971134454627
0.20058288726575005
128.98965971094452
16.133637386911037
54.26766240479786
48.43028582478157
3.884668253246222
61.62765172530347
9.669046425189805
31.435041252665
12.664488632425545
52.605130384618604
33.35971631767002
32.0595708530463
18.51746387911065
40.69394693864881
3.53122438128628
29.524684559995563
43.87699813731275
3.2962545432413575
13.546943996709297
2.1212668879650747
2.081202541316968
25.67620284907406
60.309329518490024
21.55141920347416
18.783919976720313
1.8899773307677545
9.752081423520801
1.5055160974123691
77.03331464120953
19.476552054534217
69.12244160179496
35.375862797462105
9.94142472684704
22.030972475366212
80.33318368923685
39.57401155790679
25.097324263993126
1.9508850724968174
43.63730403942325
55.87913600586581
21.346330732048802
0.7692924548142198
26.913212250670217
35.50557190025044
27.26361012735465
170.16195443961658
1.4570141103904721
15.718390698932016
7.441723665203135
6.909305221518838
1.2552030715035638
61.999176840035034
5.320414048634083
