10.584603051017453
19.751896236731604
65.62661917928219
96.3498548907678
22.556039983162183
26.313811062000745
19.78254063679414
8.421274733957112
39.63861737283985
158.18415554087662
11.746082814612402
54.46854833924458
4.0679228047525555
117.08806238819558
113.68840693977985
62.687741095480455
40.71745184601684
44.636368709928476
64.45366314809996
21.80728203287949
38.845303362295084
26.2749117795028
45.1876592618769
113.4802811019111
6.760615741531795
16.25254329424501
7.446418763314192
5.035496829290284
12.955070334082293
6.76425073323786
63.86739066336803
42.82888529099023
26.09878061019651
27.760270310072652
84.70684232091267
61.25602851303977
22.058974984022644
16.172287997559412
30.92536770788639
13.790864364616315
3.9782325704568513
61.48429779285499
30.74446376757669
17.71798203086983
60.89238886630411
30.825374305981793
32.74402892933194
88.31221417432423
62.95926115839941
3.017110095889235
14.857611585355349
101.5886975914554
107.76804272313106
11.027970386070956
121.04234003334825
223.15336093875976
95.33902257898043
229.26662820071616
37.20739868521984
70.18545322516844
0.6983080470088328
3.7491078098366692
12.911928635928867
107.05953532531917
27.04639022018589
26.897674379179794
149.0368139322258
94.16720365142386
31.356694981946838
58.99740283837479
54.71842330546201
20.271250414856944
28.765342168643702
23.022032371530027
68.65685024811991
177.17393032330557
5.913574649945503
18.762930392520566
40.94375907010933
37.51455765745206
13.538146193721843
9.440994303090221
31.876585708739686
46.21953828735656
43.77239901938505
27.47569380940547
145.26177421693419
54.27456928618608
20.413525101754935
19.431172942572044
155.1748957685156
164.695303700092
9.196007287681022
35.68206983277312
6.021301021639976
86.47065087858192
8.652025645381908
0.11949330774432344
8.236071815871341
18.29511144676943
6.9339922735679265
3.891583863283171
49.857955748370514
87.14909198700013
84.40821156103127
8.30789751263345
67.29055424233653
81.43947986140473
6.902436521965771
49.72917569415107
13.131473536862183
9.616860507271607
2.208961428512107
119.6708253398396
38.08152364589228
49.40820875937497
81.49995457746047
2.850367633717449
44.52323769114038
6.60722132265699
18.391786951371593
16.684730895601035
52.41138369968562
43.620610314918345
5.658180831585607
8.99112894015048
2.116536497946177
29.4013813348104
22.404763495167394
75.74246806969292
67.5116246742411
77.46678798473172
2.444933738320371
70.43626025229278
27.080485775885403
6.38141425373095
20.497201981501238
5.806505038067583
98.82768143954362
15.591930750018873
24.29444435969943
146.2252638612039
35.89040009183278
1.555666610641595
27.994165629159717
75.99298461965601
5.162122375897608
8.477098360177383
52.2792362946795
14.039550693583987
9.377134892756068
21.82289140729992
87.53468096839345
29.301559169162566
34.174380504582366
47.68668843209247
3.971915141201788
57.47386885154864
52.80847852021453
8.346835940625471
24.552837424547764
16.860767332655517
28.36012116105465
90.31202078908206
0.8544070334201389
28.28269045620284
72.92382103483651
61.48411013951215
58.86693473541512
26.754964238455187
97.19242622574441
137.9297505357344
432.49873534161935
1.7213105947207263
3.2726559354518154
14.026987721549698
1.056808846902167
53.4770923794416
60.829052741721064
180.7896072343846
27.733042244325713
40.63764702050007
3.530178347320263
3.8668112623581057
58.90292507643968
38.24912814438555
64.80398270892242
35.27894667535019
18.70900112750444
10.69852398959521
144.91197153251372
107.83059338712428
131.2057595930017
4.663113598297296
33.82760912033672
92.2798668515623
42.65571529441161
142.8831836772493
90.25000392045324
47.727001006709195
50.0865392766292
13.180582668282145
43.52720274781172
53.41873793984316
26.93355088811446
0.2949797468113571
23.501312210935417
128.80976823585445
20.371532816792588
8.275189487253083
41.461560534703885
9.02670530580783
90.28616072082396
114.97748647124395
62.69876591940868
62.58709365956343
13.176112659519431
68.7987812495769
45.4309307552926
147.57246224686415
1.1881420722086338
60.524637040702835
47.53600384273653
131.6681216376712
15.18129362104119
15.376589239755624
12.007589083212238
26.57882960307445
7.971209813026103
210.1808755665064
8.643127580315792
88.33851384685579
7.752435344413257
114.49098090329011
62.843385536666574
40.132974029953985
205.53325506114658
48.784885495881674
54.565036328317085
11.490739719906701
