0.02772325199559335
0.03257064511019045
0.007786378534906794
0.12858547813785123
0.04527092358040623
0.08067132635161009
0.08485349191766738
0.009770260886563823
0.054987619831169725
0.032108185881619566
0.021708691404746547
0.09736044369813375
0.0075508846184495545
0.023944303596844168
0.0796596802779716
0.055063131798022275
0.023499690628538582
0.002455395937474417
0.015963212466024407
0.13426595800742325
0.03585366561320443
0.046326125462407004
0.09236716010782012
0.030023176810525607
0.005579786847711667
0.057864571186511435
0.0047304497662273804
0.04444231593203795
0.019092608490091124
0.02465903671410427
0.03171603964275755
0.09966742080289072
0.025737953812379012
0.1714875523982996
0.25208953165134557
0.07397569654052925
0.018532173896836545
0.011177504545389858
0.09655283622719926
0.04987294586337709
0.17218184520730662
0.052950566213606734
0.029470659697545133
0.16683591453823976
0.05282139241345182
0.006379919528053253
0.01989043977711638
0.0038879639022701543
0.025084268462003213
0.00928402623334579
0.07429668728082624
0.02693526603252779
0.00010648120739422713
0.03366071123140095
0.05985113188630564
0.05660185762508511
0.04952911313377643
0.21415582765166324
0.0061607075980927226
0.015344511760736656
0.01649292064419805
0.0021001581345887585
0.05297619889104575
0.013880659166748782
0.2777407197817142
0.09033296761007888
0.06885654676890611
0.13617006697731399
0.003058269793136385
0.08391093762355689
0.025396018680279617
0.008599157484777943
0.025328673428541254
0.03130248706980917
0.044075913311742904
0.07240303337367832
0.009400192955836262
0.013607520686014538
0.25921981800561517
0.03078466581216259
0.06750877842974383
0.09175269627115758
0.002385156350139343
0.021682971628563037
0.21369538039460564
0.028235792988071294
0.04390462901203095
0.1540443985008646
0.013732871653408809
0.11986490298621244
0.06027081941556189
0.0842962117016325
0.12354657283655464
0.1964116556607559
0.1274650534866165
0.024575477965359
0.05559777881615807
0.021112699671148757
0.0511089775961988
0.009719326614282315
0.04104976074078649
0.08586487764851078
0.08948649865101249
0.02867724903044901
0.04548986107764581
0.02319491548470331
0.03672052337767311
0.0032347896374127828
0.07342383236763143
0.06308456564799406
0.008254420848075959
0.16441632599678624
0.011032223395887395
0.030997639094716645
0.03809077624333601
0.08669300941387444
0.006490045754178695
0.13579580239894978
0.07061407947220158
0.04371382715277799
0.02787672161809536
0.05425872285277765
0.023684735507364756
0.009656819588608923
0.031156255945655856
0.1963078164378605
0.007471845846976892
0.02370837845351012
0.008036324262512108
0.021197174613023437
0.012219101788474069
0.014855088863451701
0.08666407387467259
0.13485585089881796
0.01480113142491927
0.00594839842158188
0.049207602204495465
0.09864261441265972
0.057660540168830356
0.0910669591722125
0.33385157846385927
0.011910152533031773
0.07690008546030928
0.03013570134893619
0.10590561616387437
0.05861271668839182
0.04324286404743512
0.023897697442076257
0.06857209423179207
0.059714839347342605
0.17413770943604887
0.06282149101790326
0.0015818818458868179
0.078270233189214
0.07296676348421129
0.0503085762784917
0.20339648680640585
0.10555141694110663
0.038048874879687895
0.003919670258545928
0.11348891068434763
0.07904231052230311
0.024985530584540862
0.005037239329772283
0.004909919765994908
0.012179082722068506
0.007694696318322058
0.057985987590782447
0.03344501103152157
0.01267602393366156
0.12007909209276917
0.12799677267350082
0.11766554227739612
0.032761319468349516
0.07125363408928181
0.00849970685660958
0.10248773111230283
0.13226380639196636
0.09545227825540825
0.13156497565272512
0.0003526257755811559
0.08123492769308452
0.11792603973258362
0.019527352031448467
0.04150451230655425
0.06518126537951592
0.036621262209142705
0.017395509194442337
0.10251146292102487
0.0022933396505057046
0.46812636745412706
0.11193966143576234
0.023382607171761823
0.1626228417252799
0.0036729027973069856
0.010244799108821161
0.021382645583573324
0.08820260037579802
0.10965969425210956
0.049984197960385994
0.011615493951196166
0.10231501201059338
0.03972579484681651
0.008124330359962156
0.003355563073893815
0.0029934801062247354
0.04576484867715189
0.09295522601286313
0.007396606391517863
0.030669144243500174
0.04773900679191092
0.023555551073174148
0.027468461103045645
0.007782479277068551
0.05218185060331667
0.03401933655183695
0.1442703499606467
0.04171798894082982
0.17172824583794283
0.003490423630431232
0.21407893195362876
0.01923021980646976
0.04732931961392372
0.020016043485637357
0.015672169471250916
0.02409841106324249
0.07787480255290374
0.08701547375023459
0.14667842768297176
0.0819286314126005
0.023540987331565948
0.2613304842974946
0.10860534115279881
0.016825378467187804
0.011734957036277452
0.0015254673467924877
0.04806855803035032
0.022276515662173462
0.04579883984242987
0.11972702839458291
