0.018189316109577396
0.05622342972541463
0.01664453243404496
0.09308038829164902
0.003546278499989163
0.003765617010570424
0.02365202488212409
0.021790466938966843
0.004333595367704001
0.04191583053548627
0.036100934012955214
0.02369634600277819
0.016833134181288033
0.01526901536218733
0.0031811707585503615
0.036670809646201286
0.0006812726539772972
0.019444883787417815
0.010624687171064455
0.011528039189017427
0.034486526189181146
0.0263199264837646
0.011031505770000434
0.036604068578681516
0.0832295805183758
0.023790815562507957
0.01512861432874237
0.04859518815631121
0.18296189651375205
0.0007365966857034602
0.02825248016878571
0.05015759642026618
0.025865762100581488
0.022400422871427333
0.07032897704201573
0.05560667689150158
0.038143055845512926
0.0012884699002447494
0.03589123310505477
0.045290918061949806
0.07674649079843782
0.006807420397738346
0.05059550476058379
0.028011076316152413
0.001181411118288964
0.0019925955546751992
0.032877849289465334
0.035762548330824026
0.020982405314150583
0.008011601321961631
0.027778732479635207
0.027704035425160378
0.007443531743293396
0.10873593964353583
0.08011853058213549
0.0014334942752735325
0.001043935702418696
0.022763224035536447
0.016328058100481345
0.16589883837371855
0.007684621829993932
0.008529422218620977
0.016858671502628673
0.030618914915430832
0.04192433645485801
0.08047376454467164
0.01230946108714033
0.06587527775035487
0.048984972300910756
0.006131298928602016
0.011518541751450135
0.0031643372045936226
0.12113566760431324
0.0014271246558938604
0.00870339725680637
0.004448747853131369
0.08260194965814771
0.04143914539406651
0.0029816480478382285
0.030853877095202074
0.11086983405685874
0.039163794209508614
0.003402512645660018
0.07952465904589084
0.02797885974092246
0.014236810250540086
0.015629895541500724
0.1720502999402547
0.1108149224265571
0.015209934006938337
0.309786924567555
0.10681247016278485
0.011344446931959887
0.026509973701304795
0.0222690527208684
0.015170780180433977
0.013304048712233419
0.02029469663047804
0.024783371904259343
0.05033975242049722
0.012278352462610533
0.09577356407803046
0.0008524630648410399
0.19996475884577486
0.013157754816970391
0.015504485840035016
0.04540728399890064
0.019425416634868246
0.07760469980396165
0.06364209789161997
0.07507323019498922
0.14495729676413327
0.022680013273337716
0.004492208766626448
0.02047797679189003
0.17283240983567497
0.01601714362079589
0.08835895714116458
0.0020804469744361152
0.015105021683678692
0.019522874901790874
0.04947688618751014
0.0075964954354180506
0.0376406307605507
0.023617512619152473
0.009082618481521294
0.09350112688474282
0.011345504260476579
0.08411372204884209
0.004013622999788612
0.008698905867461346
0.12849969670461062
0.016115520208817447
0.032775518382623395
0.030579406328595963
0.009421112748776349
0.26674951182903656
0.09312009915225515
0.0913664834896857
0.046212511018172545
0.029880491032329863
0.012521075525844529
0.03115629139963613
0.02422048696582308
0.002460410054614135
0.0896476742448734
0.03665810924063483
0.027777980942113638
0.002598806705998706
0.023873297424238812
0.05304215700799531
0.01764278231366135
0.027235094402240652
0.03398378390258182
0.12021743324721147
0.09315683214611502
0.00729782586993124
0.0008840975376231936
0.014238036267737252
0.01603952981884013
0.029450224128774072
0.016757298179896934
0.0028986074443210184
0.2116567160642775
0.02515605823783879
0.0006615980299926695
0.038305573923520214
0.0052465300522458605
0.08482550800493972
0.020454059406518222
0.004831569225228039
0.053476627682645286
0.001456964473009448
0.007712429828650954
0.07431346289982678
0.02819121474010346
0.0425312942503281
0.02256437445847701
0.0010460353735453674
0.01896830762374733
0.09430055013508068
0.07028151127522655
0.00894314392043609
0.015213167354898601
0.0674289048013208
0.043134255196990934
0.011032740239769979
0.0038887670881625116
0.09447131636988791
0.00018836969785098986
0.11162788737260534
0.058759205323638035
0.02008912767688331
0.059007405165218324
0.009456187531430404
0.0018488544404643456
0.049798539189468735
0.04277749634260077
0.01258758371819209
0.0037622120644432286
0.015474743125832156
0.025259187888615548
0.01836283758124828
0.01902910535261491
0.027164494633198994
0.032709023919712026
0.0025914225617562027
0.05340909520366632
0.0023212668406270547
0.012604547720738463
0.03701240828985319
0.01804519197322764
0.05908567264227689
0.0009393722613451649
0.0035631948530853554
0.004849974174457843
0.033506549823000775
0.027216615453998963
0.002518165675422842
0.13836075070981943
0.06315735551748307
0.061932745424599596
0.009265232507048908
0.03953611000471592
0.008791097048682644
0.07003453626170168
0.03952604182065136
0.005567168400754859
0.028500293834391465
0.02795178779434059
0.0010979165557425037
0.04326266894804855
0.06925420864087665
0.011251769118473077
0.055191271924925844
0.010657528409401222
0.033428709849924604
0.000543913728342048
0.01477116961384851
0.020198411439787217
