30.460257731689282
652.9941638358774
44.6612198154559
205.21463602457794
517.7200714420412
99.96996595145507
722.1932455890282
34.01596946933239
80.57569965975878
187.63125463544122
270.5411998125552
458.1706759553415
553.1177002434937
61.73460386440137
622.94144071583
467.67582457248335
331.4235323004153
430.9664417920803
734.7415981530394
527.9158487811027
436.2697125826894
598.9463318719899
325.34308716943036
141.3475303356873
144.58250529858012
861.2911670682453
764.6769719668013
75.23987047806204
619.1588215792176
170.5044607156164
154.24918821921472
117.54236353143128
103.25910933019046
524.898715395634
125.4543736261703
133.35736690526232
373.6957455031846
341.8849120346388
54.84730096816874
146.01713901192903
57.78077348182834
592.1481213127026
789.8430533043048
49.69945776264073
856.1909662932165
19.56594589041176
337.34556864986996
56.71853301852452
498.8560381358711
155.25856458016193
122.86045288578995
424.61128136657595
43.328871036553984
644.7862294719288
290.487197663626
80.36669659630525
142.87863293363688
535.5578617033849
227.46075219076087
604.4860333631347
403.3863125681424
125.13680485778013
5.159366808961912
290.3863874216164
87.3142523598595
253.42264292910141
67.09762963388968
276.2447408521545
65.70786395344817
106.17833707640463
142.38611965705337
782.0120158620865
112.67152335833123
442.30975288599564
36.125994268003
26.83504725302458
45.83833602010936
149.798595943623
57.51795429760477
225.5199432127984
579.5750069476517
186.42659496171936
181.70699663420444
32.55504426184506
401.0269459629093
279.31514282672345
404.03236269888396
459.9946329198802
214.23265810553528
966.4697271900883
497.1866375741898
551.8254504890485
43.8233795398642
184.72764545761024
539.4832660469816
98.6379633500674
75.8589006400885
46.69472209914106
187.13250129522245
16.66989131754374
31.708104127228925
111.98321689027556
77.26218100645688
320.5552609217537
71.2303629393618
287.2762022473393
1034.595226529241
89.85452031232674
1.2621524361897167
800.5332011123569
195.5238005525684
11.41137670233759
84.3157491602877
136.05365269545013
408.53194859472785
154.01810079698822
83.4927217968636
35.79720285411222
896.195584445891
555.5746175494376
142.3435749187844
145.3769701371675
854.2329152814551
192.76967813401035
924.927949348484
291.05855061864617
117.79823721535897
273.3363661160395
120.52621314474294
228.57864554731225
15.886451055826239
57.85356832857267
26.13345918592592
116.60707359757662
14.156241014142351
199.38615460044366
43.416695079989445
92.20401246727377
401.07103073582624
106.57288090178102
467.3144299901505
245.45347234003935
108.58160687211061
28.260754102496865
936.1964725656271
404.7578340513804
236.9861029378034
945.4099459516251
108.79321046430387
346.9135616533152
131.87261526485452
67.9104582605704
17.55540962515484
626.4217259298234
16.632622064067267
203.0902456792333
177.5915444551657
295.69863774922334
370.3347530292421
1261.0553743682296
1480.9363840564938
49.15228766584846
163.08311113845792
46.09604902949059
115.4284760643427
781.5424323131579
39.386884556017655
6.176130196104881
207.1591187382681
122.12496757425063
383.60977890854406
152.2518732187617
409.67980762315665
124.10076865449176
237.58188055120002
648.9167596408106
340.8534296021294
174.22296747873042
208.05019314629806
101.83979477454042
4.37706787914709
488.0228525090805
241.13141574158138
210.58343032063658
558.8296252185872
187.90231060530493
570.6001637753772
409.7368199116164
279.2708983788116
428.00439181032283
387.23970201356633
101.02765786309396
486.6498521581717
135.32082394229232
609.1889224684975
381.7909212659861
371.0195926621431
276.7601056342602
38.93411789932112
395.01881686314385
76.78850300780401
329.20236029525654
576.3712642417476
151.7804015376476
59.476581841781034
18.81428706696034
346.28580807125786
642.8211329436748
529.1804205116104
301.11140994093256
1.7067023356665272
35.253775756403364
923.0425138769785
66.15765013218959
67.6377189855548
210.40796326811147
76.73155896951073
61.28348678002222
790.0944780866537
116.90173038606706
526.3492406510903
72.85038240016267
62.11368973592658
730.1427907108989
116.18124343601146
227.08921728368253
194.38834807634242
24.44998259068251
26.74731264029513
338.68820289848475
133.042645389939
121.04374056528741
208.08082180214888
189.4403983413997
140.95924263516957
53.05324827878981
175.80748900903262
74.07630857180246
29.537921741557646
657.1869787960883
