98.11596837715823
31.93996311584099
113.78426586717706
139.17557513744032
45.87654286915864
30.74205683362428
10.211224448857488
22.615228041610262
107.26799193859704
47.1887421796818
56.950511655102346
221.86771207790977
132.52435716651647
273.80282739391754
234.50239159171633
209.25111114094835
7.177041392649129
37.87783595407664
4.331539640970975
53.24979346166337
195.2067437699034
134.5856996092509
67.64172336150932
14.800647724334391
3.9730136722335176
36.2786842594293
77.66303301076923
177.65509370050833
311.96196047734816
50.19709672248161
7.001449653498201
20.93309731696117
104.2157980389134
21.691415711394562
29.922110053247373
18.88333575205711
136.72293101951053
184.53946230220905
150.0355984048922
31.55618554593879
51.175371328451675
2.766931959970955
25.274849115727
146.19093749836958
185.443967399272
162.26110508288673
32.94624493133373
97.412115577146
27.76860622788551
107.00816105287836
114.1789891197429
16.63484108688814
5.079868625785739
115.49711946135696
11.701137978390243
46.92754917432988
60.14245169042479
5.000291440477161
14.618895426121492
420.14397957101255
83.56580747465969
79.83631062059438
145.4429758254665
77.82958834033018
124.68934734480756
89.03766716251326
3.113511149064033
137.97032383297216
257.4403582655061
241.3218660581202
103.25980999030054
143.03874345114306
48.98413166384163
155.429537983923
9.035969355832535
89.1914423088595
58.315900315423484
86.18892577098522
64.94568303634436
14.434595343190917
273.89133971349287
25.3373478457376
98.75039774615395
9.493898354927632
17.70377977495776
106.66972243797282
76.1068462252689
151.01017540215543
44.96317013812087
182.31807530099817
188.4445377870714
159.10758684529884
10.085886317331461
93.85514896024317
34.94759328555036
133.97868843033334
242.77572374115593
14.602548569393011
9.522642441571097
4.9993608596865995
15.57790864970967
93.00711216852481
34.565950626069906
1.7258862277906402
17.50960638852269
45.11757214422576
11.50195548387819
127.85728005343954
40.96895795371558
17.283474709073246
24.24698308565909
132.66772385366593
98.93002540800842
45.66076050559506
80.39913102712399
47.70571525773373
57.46736508722772
683.6521195662993
57.198308756317104
22.74023025344688
44.10645151648543
55.2689371978153
287.92834740083015
33.17495210642128
78.00373074457094
279.255427067495
148.05136721681637
43.47376873316396
21.84052145667869
242.66366516712856
225.34208196971386
161.2415876709074
350.8817690272864
30.202180668865932
41.62379075910669
5.716942836739052
91.25761376803953
143.1433687864817
236.19821849960724
37.12370007112347
79.2420394800802
164.13262116913043
157.3151986526828
7.699312357760525
28.34726396918271
77.24526140146277
22.610977157552387
72.20397801858847
66.76266798827392
285.08752250547735
38.90977635349984
79.1449516430897
27.903910438936954
23.59072187864054
211.22191367364337
16.99005571683926
52.08120634412513
24.753466866967464
52.613244709333685
107.4548648354628
51.898756739811375
138.99234658994195
96.12970898966182
46.9307990370087
17.42023309531266
35.986327041387526
194.50274254540278
9.71080404656618
140.5054255827286
37.74564778124668
53.273428200103126
36.2906610345462
32.44104147179352
141.5002287542812
77.89928883669418
153.69034647612503
205.2307252274412
96.26244361369545
36.701165589397384
28.03588762977217
44.580628484642844
60.36098582547301
53.91758693579245
96.76324683974578
13.33497566107393
44.22028924278566
8.292612499835602
151.95362771896694
244.65970011877897
245.15361256879794
83.53564310560249
19.528087306769688
108.30721974494432
7.019315875988627
14.487689932151381
154.4377129954734
29.628737168006403
232.635438830097
148.73744026295137
110.31646417491861
122.23433055318742
45.18397277677339
140.82092984508182
3.935204382912045
3.679376113610261
66.73414354165975
216.39314667415172
213.40351503968654
261.6467103239583
153.42798436063197
30.194751490118172
394.71947287488445
46.5871665686509
20.833692871691316
379.2120421356526
54.903980639800494
264.57041517969145
36.56644984432929
105.29583956038891
34.3810220301876
85.24853324363765
34.13824452358519
1.4234909906568198
3.687720707610528
268.66798994219664
17.812551388229398
109.53324354179978
183.9994845860896
56.97295652364433
188.24190951884353
169.08414499777132
94.1405330658272
100.1226863661001
6.330197567050981
38.548121730540686
56.0755989713613
74.61015059594753
13.810051201802203
138.10415014791357
231.18393147351753
