246656.09734842417
85798.75720070841
245514.56314851218
278311.01477388485
153990.36912907692
68155.61181360715
275500.67484359123
10085.111248449308
99468.4566170631
26229.042191026558
86832.13922135926
325531.39708433684
233976.21058232372
11976.389119008847
205184.3404447712
21378.341206973455
48260.64487352874
273256.6104594159
1407.8704336256887
33773.34407877517
77029.76554005197
165422.5380523419
33814.73587683501
125240.59038738922
329340.5352402147
103876.94577880087
39577.16561016528
249872.19431876752
163836.34817948207
66198.86040880965
136838.17407902254
179168.7911808271
68008.10408476702
10908.712945569392
73053.18699772585
197179.99452984653
153561.28860993087
21686.49023758805
158021.94127148212
15992.98545900972
157012.37548515847
7551.589765875965
322904.01980493375
174968.33723271868
373695.3193057629
23100.68256092476
156873.35624225484
58350.93836418308
69591.42325404633
384672.06777966005
122149.26524294233
118875.08010865796
54033.42905300604
138821.07292740955
47798.52105597949
122113.6541154491
19053.575771561158
282068.03283693193
45898.39037652243
243595.88030108542
124057.68363410649
3853.087517252958
6279.2606891024325
5258.8687143973375
165839.1426808724
29027.561106321176
3463.98226192458
250393.82038670132
128565.61131009099
495957.321357671
253420.59432772486
199199.64460221227
