6034.423833521992
2918.2889228834633
5081.5671835469475
5730.142192098169
744.1740805460819
9191.315615756665
9831.565462637664
8318.931376456634
1299.5218707836248
6483.289303070109
20152.327208422248
3186.1623624480167
1444.6598023346148
3838.911019262562
4208.428335868251
820.4716088105687
390.3019266260086
3383.359024483333
3065.857469282768
3570.2807907007013
1773.8551442112418
4708.268166503779
605.358638043588
2127.243985002462
1384.5236238003004
15678.432711432773
35.82247195627279
4652.908935385385
1665.032941491158
2980.368006067474
1770.6224722081047
4137.025583979227
5527.048002599196
3801.943498517151
4280.6025935299995
2400.0067047787325
17109.06766979281
1292.4430214477138
13204.382587996502
6474.588851337714
1935.5575017408032
885.9119566229406
3871.506948311395
767.4459631596767
1996.3461373846194
959.7687670906356
2452.040803935734
3899.0330926663496
10677.933268733928
7186.276939066312
7375.924675821712
10592.177794322097
6083.245139780487
8401.177086481097
5237.315986861584
2417.910256886373
17079.379564953277
10010.804357094485
8777.013121033693
517.4283853406225
2555.5070938304807
3293.278817933837
1645.7619221402842
1539.290645962521
1284.557103524356
4096.004650186268
2735.425005293053
3929.633970164978
236.7863599627939
163.51314566741627
4638.273994533883
14938.03988789711
3775.080215032329
6569.879703111794
2563.957189213627
12924.456966403384
2563.48003465087
22378.612479088948
3349.052643622368
56.532339093093704
1119.8818712929565
79.14915863697074
7089.415432777251
666.7939406856918
3484.3607208309827
3377.0579917160376
6274.039183686681
11608.461131204418
2045.1404012718049
8819.690950504395
5341.2713173869415
2089.01100683982
3867.375390780042
3594.759835086019
16014.563866863506
900.8037121615664
9985.853323926605
646.3150391613764
4424.020223069501
3103.397595822405
3515.728863086097
6756.660512502458
949.9500259284002
10946.38577527886
5140.338059703688
7403.640545458883
18337.953047984018
5368.878883019845
7439.019365543436
2824.049602727911
1326.005611674065
3348.808310258729
5526.9378938193795
621.4948129447871
5206.435899247969
5844.465733578173
10382.39395548267
921.2822400310055
768.5363880335075
1897.3169173440842
1981.6214299351996
953.9374694824861
18116.01272300844
928.7488789687183
757.8812410619043
9511.548524062382
8204.977759275584
817.7533489719729
1272.863761302904
638.5640090695414
15774.679557867641
8954.049428263572
3950.723943383468
1514.3987205326969
3379.18772484088
236.43971268842444
1757.664397756777
3946.8772306466485
17426.1971183729
3684.8831848245486
3490.802895163264
2307.489258680812
10643.248672947397
5629.369656283827
2222.5969984574863
3745.7826533199836
6169.420936827908
3411.641530126764
164.50009630488805
1799.2001150020692
1567.92699791314
3456.7371127409288
412.7445256709288
5236.508785479669
29.881527478379947
5102.0323811994385
5691.246798202545
517.3975666752458
329.73559344154006
14043.86819298543
870.481479427577
491.1448154338487
17732.16833556569
3995.9786547656727
3552.4098141167856
9945.724021750928
2967.617631178049
10520.426037560288
1338.0501660976036
10446.253387257548
95.73698857248226
2020.7694057416818
2179.0848141145693
1042.562432557614
6891.808825646161
4563.733335482712
2298.1380866261047
6012.184586981488
1111.4870471906713
11225.421742092041
1435.718575516378
863.6680026325914
6128.083493891921
307.0032905244354
478.7466631148293
8197.292378365577
972.1306930727249
2053.91034392029
1621.6148492545926
2745.096255409582
406.49277305163014
902.4254561567835
990.301180076003
2759.4284132751786
2004.0507899061267
4208.903716166398
5459.918141751343
1725.888705771088
359.4344691012477
1101.7019073070608
5491.7217785335
19049.09331077028
17230.64912451996
18458.255292220747
7003.265533119131
5466.600750321205
2473.4852264434935
4798.4518032324095
2964.2009914500736
5475.588881944794
230.52553746061471
3733.0703764145956
2532.6032571916103
2991.79310981784
578.9837129339353
1044.5835090967728
9971.451158128479
4119.821717928055
4805.241851500105
24959.1399650398
4229.447709365468
6357.209070163341
5705.028312643129
4253.827865090085
1687.582549955047
15119.890179942167
3728.927578824717
2039.9751912518695
506.644428706116
7222.739316674594
1184.5258740349377
14698.959074909417
369.06617719078895
4132.341000325234
11616.454911287567
4891.493891636962
7404.343443221118
2249.9274570660464
1717.6499279770817
3598.1160319478495
1951.6712625371465
2045.4119629227812
80.5375218227608
3801.3846310478716
10041.058289103388
165.2805728051581
6269.064979985776
1465.3029806309603
4787.3958292901
1250.0535585061123
864.2361879417441
5355.001692535402
4282.639047167001
1219.2765946225088
17831.52910990029
359.2976367829953
3795.8398509041426
11543.677506311245
3565.8526397490386
10799.792687648967
5644.637570063152
2603.6900489557675
4804.147426653289
1896.7053649786249
9636.207670764357
692.3957862502347
12623.454992039637
655.4608478746063
7926.352151465874
3505.902040423008
1563.1572664378048
807.9192052370868
4115.52167052327
12707.127955115462
4146.5444852831515
3905.7223279664227
2584.9707047202965
9447.846375628626
584.2194270358815
814.1757809554391
916.2786489643794
8805.264965887893
626.9679847588955
14202.092941021814
221.60242889070489
41.66533004212061
8844.757323089605
6596.086481267096
5761.9955075902735
1910.5998620854023
11831.448761998352
2296.9795736316255
1777.75809962936
2498.123490539255
1706.7786285796658
2068.5652636289724
5570.135186451504
1745.4569886265533
3448.9378387869265
9097.136360300112
11391.082412306836
2891.6146290435204
1265.9374095817232
4051.689281630002
1907.0714166972966
1952.9382749485362
5836.14849874628
7217.637677109494
11300.921933061194
5805.99288508794
3718.1029026459223
12777.371220137939
8381.643859319604
4125.5642453804685
845.2917526987292
1072.3930337650304
454.85502911452
6989.161512258315
3626.512631276231
7362.87607878305
283.04857401008337
495.7986371679977
2379.1049861680767
5730.504370180043
371.55200309552043
10449.138132040045
955.6872281890892
6470.962610210574
689.7769215973814
16503.67259088231
7185.130722250985
6570.930923239814
1252.0687376897658
11195.554853298718
866.8431157150859
3346.2899760966634
637.5824653586437
5659.167552368501
2147.628435985526
498.650467334222
5398.962666516809
1862.7713696691997
3579.3913590411566
4992.647609319493
3214.0800656712518
1515.9088505206898
1057.4293568077114
6268.894834183299
50.82255490165165
2489.179366407855
1527.1455144411013
4311.54955253752
17509.43806270698
15042.730248835258
3121.653666183874
9076.131792426353
481.4044614131628
1919.6597597536138
2530.00200088716
508.84834344676284
122.40010203281591
16185.078324391
2410.121476761173
162.48231334040221
6368.013381286689
2287.60963533464
1412.3206991501752
4341.527073756285
1717.6576595142608
4395.2664853319
455.30511689180935
5243.605785141442
568.9504891477934
20225.991575933953
1531.3651128230333
12466.024929542275
367.5600552541028
3561.6615608993447
9670.035656982604
2647.9934465628085
1087.9875956021049
722.9559894521115
5059.36782819159
7091.656828321937
31440.950093936335
1218.0078170370546
382.4818692796326
5963.767118326811
4416.549497616243
4981.790764051334
4073.594704768588
1491.9055298471867
807.3742369604045
954.8632574734239
3931.4847717138546
21.22914382735088
1100.281230193853
2851.224126154583
1046.0889740348746
274.0848609546558
1125.7608936259908
2613.3692891977407
2402.5501270424675
2085.626827214411
11931.516050776258
13375.1711616519
16413.385303574883
7920.221328179792
5032.808208411038
6151.714105997256
4347.043374347117
13019.003934144303
2227.339614450552
13117.795081123768
1113.9874826487533
1942.1191392317244
2198.5387467226356
2451.1513295324503
2116.3873512558844
1739.0777472705333
2551.366853243329
9962.973745186282
21534.93810199532
717.9234837051039
11036.592528746374
15179.854665786734
5498.761144907906
2092.7318035830785
7134.307553133446
2456.209662333165
442.18003508929155
5470.144934376948
698.9386585502825
4920.2785339568445
3395.219846478147
14743.240496831235
7505.821584846467
2387.6362150030927
1336.277013975401
329.5172482852021
1633.4237593686692
1182.4028113579802
1923.7385182559663
1239.2252184307329
2908.2037944373096
22002.677455392488
4346.890478193924
780.2110173577196
16583.564099927913
3756.5873995238017
661.8540837293281
4407.769687660296
3798.8692874414687
1192.3653149756929
19990.61574310754
3414.100234793683
889.5802288284216
1175.5182218564296
9889.315490708115
6106.602420775152
16282.682141486115
324.09743749375195
642.6288917479375
3708.52350910656
4196.713624643365
10300.95998346127
3614.1407102818494
4204.125359605043
340.96923908075473
1802.7690077896648
3281.6640291114168
1383.3181643470066
5111.007612096043
7042.357680591289
35.06570259584869
17378.57507545177
7630.424910721589
3541.52947034784
500.20050921116655
1022.74319441488
5862.880345599182
8206.053638771247
1483.248246651861
977.9659925756538
2056.0783322817006
1851.1651058421064
3178.9338989144167
15994.769554871806
1400.4635398251808
7666.763068339706
4421.330060875971
3328.8118898979483
442.581104439044
14312.472742079623
5735.776714539239
2211.635241364353
7548.910633272989
6412.767750105523
21330.843814128268
7014.313505621194
502.0864870319834
4106.3234993872675
7922.240996193447
782.4356627448551
7147.823127670561
976.573707181865
4225.917803173477
14766.827746052526
565.0005588693009
10443.018885541116
11707.826716221154
1928.2455345751805
