12752.82377940947
85673.00853324929
88010.37905870748
128854.57721837309
12304.361339257803
58273.688615585364
60154.86904270017
65372.10784088476
79608.89342657365
103985.4897356967
57835.16730940062
132356.28860463962
10645.348881562715
104316.00860156378
111507.64723603509
39422.75018981429
76370.12204746483
34808.990040975455
41887.00238078301
36802.922869665046
379200.5607258299
167417.2139429118
129252.21863337647
40232.9056245045
156550.047855375
106306.23680076282
4117.478343701127
254352.29688875726
12200.914851023865
30785.950098535133
144210.6042918661
83818.08219052863
3771.40628970865
33353.49779434687
145145.90148748618
38457.56756534589
12993.702764196107
381964.412190359
11788.001535830626
33519.61669147705
118086.44160997712
320791.54352612706
68101.90620824718
148323.75711363344
442974.0345585081
206618.92431249138
131482.84425165263
12743.304814721761
84460.13500590148
20793.293151392532
85053.25732135345
47491.945139385265
125081.16464007707
77629.02508851798
112893.25407557964
39553.18519859964
68155.47560423463
40977.06775843465
165424.3563204185
23471.56751367026
3361.2751526486104
112400.28040507628
33892.60970551597
25525.371118335035
100818.18343148408
33521.76453889477
203269.03904214065
34201.26729004314
24779.53389362206
76316.6334947739
105576.85081019689
5648.987909498593
