41539.394851214674
143564.03565237342
745035.1512625257
3121.345242593385
64436.68391296209
177493.96038397844
24409.487709608627
928796.8481450226
122844.6552063151
179832.25409941204
258316.79177895037
73382.68162783628
303354.6758815298
267706.0238710594
173349.847631775
328386.9131326453
572127.6467914255
154396.5200850067
225601.85656910238
220749.60864691247
429700.8553482962
819943.8402763249
79260.34934881139
893684.6426411087
53459.20404183145
67378.94953885814
369214.5026481649
117310.59829341885
31425.1606165432
121853.71870278634
189568.9335657398
224939.64176817078
63792.57653776222
794014.8678086958
340012.72626145795
64440.46569139336
51326.76523207595
14472.019788546993
295726.04712269537
276474.07286736585
22479.37006065239
202857.23516376963
94142.5988154916
101256.91572977639
18357.244683961464
221332.58562470495
227020.07974272827
328245.22313859314
27335.358775703793
37639.083081541125
26812.26477020524
17834.923802674424
202416.2507987199
445859.75791240926
187754.5084991205
45490.008371448916
203957.04531111894
133750.78895455677
295466.27091508894
422750.49826555594
393383.22636841435
517529.74092951964
349137.93518683396
191186.7607645571
33032.5824702874
65753.67641643304
92890.56579397651
621.0765423450669
164448.56558676134
70096.30916119313
58194.01029449391
162427.97900745863
