216.69373513445407
21676.120960523564
26512.31218884947
158880.51693598586
55888.6832644662
8617.06774686547
22580.207251132782
65603.77561048954
16231.203719008698
71777.31475472315
34921.22541645884
31468.97671553744
1020.4409962507316
12884.667467747759
65876.05897024926
70381.21413169717
58974.37633949615
94.95122640898718
222727.33447769008
66022.41206630309
64.12674898594113
92740.21442418359
74463.35238507965
62889.16760411265
53877.945086608546
39184.73674922141
111309.17125740743
17481.40300003544
86810.82603692364
19759.172613853403
163984.96119653317
23902.96863389855
28670.883548887476
27139.867972899647
56101.757008515175
30.67324133971804
110939.03073228241
86508.02696518775
12248.317029575153
6303.710199608239
198745.84866714422
39938.340504396765
122956.70258139407
50986.026419964845
151.71091065329296
7071.816707242436
38989.10591149896
26970.345587627668
73929.67220544755
84973.32704742104
4704.348607788079
13477.777803897045
22952.31363215095
28075.268119890603
31449.52256814473
5921.338425966644
146228.14967535457
117214.73299922522
58578.7093603772
43551.95078652556
34132.547465329255
208534.46902770823
5676.346056653028
32501.44824784859
36137.5503980273
30238.9468701728
36041.29907269832
43017.1540940231
32085.604326454475
19703.40249373694
61374.18687969717
56206.4797497058
