117508.38820206182
239729.43854079087
36237.75405883239
390954.7459575606
749795.164182232
611522.882380465
61910.36973244022
241739.96750627836
142189.6506196322
126963.21388912982
92932.25795944854
644643.3195938782
44296.5082697659
490435.4198674815
101461.8219797068
189141.87338601527
1024.7498220453283
304029.3495743309
308291.0557959432
106484.54979990688
156810.42596261192
349464.5822850931
468030.17503349093
18707.92042198148
45279.26137623453
8519.864340974245
196079.3450773329
193436.08225997258
438960.12612376997
337293.74480482814
18159.134105478286
282339.17741645104
298050.8290312309
355207.82438272896
169435.53548100375
135.03834596199349
628082.2065570741
290380.0348635345
2652.0060103957057
25010.475839307914
667501.8278748295
167663.49374922595
1045231.5030821059
148261.20806119533
105495.42040748628
864982.042239216
54092.460741093826
275867.26527339156
707971.6417396492
1393870.5953770832
222674.87348409285
254463.2291019055
111685.0418906079
173278.39231556322
23948.881790938223
33953.53566619315
257810.17657216417
35690.74438965456
261607.53033110854
382219.6559388945
10637.016851147957
589524.1958739914
305131.15002283896
220435.14073870922
461182.0635848207
156882.11330897105
356907.23630957084
219859.81451396234
474652.84830151015
715246.7373470154
179693.26334316187
257466.5990138664
