78431.73498129565
230176.47279961896
8306.1930952246
139062.89467359037
11077.152754799132
220751.50817501644
96283.0926386402
3777.5210691756333
43632.370361125286
101369.69194380834
21222.157963967027
335.52374873531875
7663.175619546658
59317.62736568796
103376.87347878252
11239.218570690784
26367.008738230226
52667.532410927335
15743.012117352846
87684.99232202672
2908.665502193629
37820.01806376684
154660.32404922228
61408.722999258556
13341.638693677138
76637.16958102619
37534.130347263104
34686.36760503956
65343.1591205122
28154.89687221263
98110.24469433943
148302.16306208682
108581.74420796431
14243.904028312563
66878.24406522552
95259.02240771963
30381.663691465936
27427.32997649818
69641.60310710206
6472.96565853947
85261.51324772066
45372.08929079463
194062.61579128177
726.0714532993836
108065.00289901973
100977.77307050083
17281.35245517284
101657.26453798049
12049.60488163411
40876.968218950045
105267.54073292004
7228.274481415316
65385.18589362734
1795.6191154850799
15378.161992686944
265650.9602068149
60219.397658200774
49559.136636481824
61684.85233923445
48364.67407147654
14691.872564181534
1515.6416799389997
28470.701796925387
73304.12640726185
7102.339604724059
238518.79286005194
3375.944508687953
10380.6082679131
27291.044706085384
19033.734614445508
91963.98664209737
166493.64541162032
7512.625372703533
4312.110808406002
14170.177321832469
18539.04987813918
16984.624192017764
3444.069196483949
2075.7887468727063
19162.941955471448
9462.20426787647
19549.648993972576
99799.94459397584
78479.10823576302
17838.918187106105
28379.496099051026
404.6297184775552
1092.637955081872
62283.01827516027
152640.87780210996
1172.1051837108344
113829.96415688537
2377.902649038764
24671.92910839757
81005.0692035307
257831.9872999549
109298.1415547695
70965.19534683846
9100.881596108238
64697.929983919166
13769.856645468053
72460.7406560598
276410.4134367241
37128.8657015748
5151.06877617926
38527.252939165126
144305.0388836575
21385.42645455676
68223.08730472148
17383.84457289537
44587.098348291984
5721.003928117575
91758.29155222738
95691.89277495594
75004.88774068383
12335.650482595012
51932.184194597576
34640.835190312406
84333.78025858758
43629.77442763796
34701.39412324315
110110.37180711208
96529.2150042984
108112.92297135059
33340.57516301769
46707.58849361879
505.7204925479737
35846.9600814696
89061.1677961203
136509.23639460004
120908.48766629199
65040.2039686221
56374.833588292284
64795.05903076945
155709.8919632315
42545.313032396545
104423.73873095322
254261.629865617
45313.94646804224
141101.28349801392
46637.697999105294
15152.19497650799
6940.249416142195
29077.407007238995
125591.9616853483
76809.24506673531
54808.99190057409
48369.18658663742
68552.43648410444
25468.41125224227
16251.97605852094
9428.622541886896
5745.131636665078
116514.24002935644
50500.58179533078
34654.651839691636
85914.28028782875
86249.15899966839
247116.15553660356
96820.23057745364
14734.001674210973
13608.731988717389
44279.6361428575
8912.876064563896
63305.66590746421
69926.90426094313
50085.7227023739
29725.53791999677
3757.0461547927803
27550.087759032554
9494.719706372744
73702.14587775555
10646.240166763799
106586.06529837928
47086.558277958655
6080.487167067613
23960.25951003738
19509.603233084334
11559.574465057682
12022.005001404852
26199.52273714356
31008.885375721693
112983.98602346706
11077.640300567684
92284.91205582903
98123.7687908156
63237.90904585324
6429.824913550345
15003.785178241413
10333.470963292486
157897.48785083485
4763.01898369322
89386.72243049496
18559.739412024464
34473.564924954306
106643.11192824836
24204.27802353637
99420.27089365039
38377.43125651533
44268.787977517786
20487.45294329295
3529.243804145244
70055.23654677963
37205.32442555161
45802.13547715338
36769.66144004949
5834.944649405111
60075.210529570795
43818.64609934722
15947.27586929813
44919.104261238725
71686.10617475891
24322.207973712386
40423.95779690599
3744.5788748940527
19219.269966506377
11124.00930958789
31795.346981930063
31126.916913434554
126423.36345311599
73215.56188289028
111624.36455408641
67446.43600437447
15753.821479474971
13643.39663452957
48635.44263075631
24289.758263200278
64977.885179623016
37871.311589544974
82611.52298388447
25498.919602728936
124342.35488248791
13287.555646917153
111628.98348719905
49147.72093650181
202533.67053537356
91671.65080890998
38478.20273455128
1715.9087993860808
22140.020824248215
43494.80948593233
103783.70011813147
57332.06136989343
31502.101387751714
6745.813417693593
124349.00098216916
34123.45348742523
47597.27050788266
93141.1949337567
142148.63015057571
19069.031005655976
78382.27544898145
38604.60668695123
131234.39510518214
36951.90733729953
44346.47798682711
29223.38462474206
3162.816894008637
58078.38734837011
8892.94750058011
237684.91139275982
50126.09699168955
16927.99130018767
60005.63663828611
24649.546286106946
60417.04667446679
24864.86685370423
82576.11431547992
62557.006156623815
32546.59215647195
42818.89117454912
52522.79587677308
50948.115199681706
15728.671448199551
46555.4268460126
77789.53771067264
32410.814313714567
45736.71467033335
100337.91558280705
69061.05576347627
25831.37877658219
70037.07250526726
97431.86780847248
78413.68606373602
108777.61371615507
56564.1249040414
86486.50120879449
42441.472283102325
47704.88325267035
22687.498110265842
46742.50424586511
54980.68352924141
37413.37635174187
852.151976280041
15699.599712072648
32921.31056517852
23309.827294285173
13600.708196466925
19848.273490276395
14550.299201689762
67649.59406348394
31506.507081878935
74727.78179458407
35162.17590138989
70616.72372177323
15531.613936374184
7544.445736149504
41254.74395602202
78934.04460944583
68632.76432089102
20989.39832033701
91661.64304143799
74437.08961262247
28074.884336811945
24834.747137527636
23783.061560890834
64158.63065066038
48169.53201763865
55799.623244475435
30272.23651463074
15154.707632278672
1289.942736230773
3942.3535869546727
24950.16791963601
5412.747319417517
38607.811042583904
90146.16557150849
95413.77998897646
156415.74963846366
26864.52623005358
33000.10026578314
67277.08925966272
71052.68770565996
164799.3712039258
12973.27959919215
23485.835372091766
533.304603811118
222485.75810477594
133338.3872563788
27939.22768160942
1219.5361900100336
59286.52287560651
24126.181947827143
53270.92695797765
127100.83398194736
18770.84905481853
184458.98056544425
46677.11084655229
11133.905671066173
4578.827842392209
44886.47614930226
194187.57584989083
23610.973550624974
10355.11405540753
44522.26354061157
25099.53515069684
252.06012807297174
18283.81414081075
81045.32907086368
87295.05036502081
6166.371127085386
21164.241780582834
52620.7446928735
94478.8653542653
107000.64464197899
18981.367886347405
9665.145821428743
2468.1975153127664
25298.520503960328
18640.130097181285
103507.18666005561
5515.761390788555
155411.1770489174
3840.9331892114537
83339.44010987616
48624.44504731991
50639.47790737108
179364.39485961813
6307.256739708561
34526.70256084478
48395.719149288525
125034.11805858732
16966.286394561528
53672.48532610015
45498.60617241602
9503.560029319067
59650.54058541483
119887.6151283601
22655.532706723006
44811.30580071181
10851.807459448242
146518.99765733548
27905.608411336158
36558.689058573305
29770.813547177204
39202.40538969429
95639.43699954977
49570.07429539089
78764.90426334512
87700.93254898804
98552.11477394222
207262.68647333878
58671.050884547294
244771.61334555305
7164.546540785586
17104.84806667034
153987.13346459836
14281.533914168052
5216.90420616412
21775.698883019708
2843.7962213633805
43701.319325205055
24517.874048081794
8397.636495968245
54840.59993944449
152069.28654374974
7581.476177237468
54778.31243237603
9665.446553217726
8528.62972355516
50058.117884529594
75624.36560883025
1360.4748315316313
42859.945407700434
35.32969037092757
113248.00792909013
7954.733504592303
32338.84533364815
124352.35964391641
18696.445635620898
4154.437788965388
78659.9163051499
3388.9422274087015
5123.665021195187
14434.577782398299
43343.29539736279
62912.811108109665
77209.43781878654
141785.26896568332
3228.916987687037
62715.02108308786
9047.327593721293
6019.320193207113
7282.1306737531695
49177.34329431548
14998.28855477575
136528.50967565176
1704.8483479592398
97662.01385938814
13249.424417146087
9913.186753535958
76187.21872250407
6345.5853696990425
14549.391850570988
204980.45490675146
43288.82487085419
19143.325013642458
69809.2126343442
66368.80519122921
101734.644818479
31405.43289629138
44651.77225819916
203981.92723778755
48765.02150878655
38169.19851952422
22654.536662806044
18060.79969640014
102067.52043261808
90113.75042082075
257.4440695434154
16468.73966410118
53281.559360626066
20607.066847013146
58771.33626341536
41395.51852891882
69878.90731123625
2025.7557155602558
84636.95081742304
26545.89904767847
16690.72389878894
1951.7411097254105
81656.98997433211
131069.79772992377
34601.155348945984
24067.58903586947
146204.45779431707
3010.7094255714874
48487.68214976889
65584.04308774842
1517.7006216203233
42690.094822075254
37613.2961719111
35834.6012904599
6714.08775413015
47874.63325423157
8680.302697611778
76723.14456377311
9287.739898892045
113090.46792126648
82340.83860014105
18320.70415658168
37488.20610919403
53291.8886044696
116138.32896553297
100213.61665688253
225464.22092653692
48177.42278796152
87372.32081796834
21534.28536748199
2132.7271518444636
114196.10959845754
165573.80741509903
18817.282669458902
7147.448871104454
19571.4747370662
15436.57380347092
43115.78041990714
112450.86811685908
105629.62281789245
120083.84694840854
31386.71805156629
32606.306744796242
75507.98517897494
98418.20837868808
42493.85538877702
146120.71044104602
27076.425681598615
2604.799744185983
41975.47554510499
40751.3128764483
75685.36924796752
206796.50820034705
7787.528632698547
22087.653860925173
93875.58423944456
4333.099804865852
32217.98073142374
42217.87422054052
46873.538368261085
69772.55754978096
8555.259528464898
7425.652433950807
16732.289527473353
38467.93625473692
29258.219014001985
36797.6290419941
22024.67891481705
56563.1819425204
29179.238229309198
80028.28467861834
125819.2103126653
109111.7261674479
6261.411839701917
61245.95885554722
154895.21706027086
114301.18812028288
36910.33364654145
70705.10710974895
57354.840288899206
292333.7832572332
20079.499998074167
128037.32289054102
140977.7283772207
3428.51705768754
8883.410859214353
72168.02809800781
103529.17541692086
18961.256450975106
6748.762296027488
45672.61105533948
62248.55983375819
21501.01811511647
32414.10768728635
51069.089324474226
73285.42777498745
10673.106120053179
148394.72615227383
196.797451267184
162742.9734332392
52529.05960796516
29186.404178279437
12343.809713872806
123701.25109781243
12190.204540135657
170106.78110829645
4593.752151392565
40493.9019110818
63798.7770925636
73842.58422310308
8850.289656566476
89926.16394848023
28306.03795189222
3688.782408957797
49355.35625218808
9753.853500853866
213486.8457400491
16438.643766501253
3920.2128605142575
18784.851977696177
103474.35314424662
95395.45919761664
90896.58296741633
19586.794864879153
1327.323007774677
91300.43700229858
80548.76785248987
178487.9828437895
12642.151403836939
60543.04337391128
440.190232378919
69779.55873826148
43533.35215269099
75256.75208460246
236706.20795274485
13399.73293167754
24999.90003815434
86250.25676236182
57133.62533877279
1441.3128689193984
117882.52652478336
167077.6287950788
51.21839172328286
1109.2723521902576
100310.11551632898
9683.523317806023
2773.851453497104
94963.99017088403
42594.50252463058
30814.887989256324
198668.67214742478
27352.39379810119
119175.10944612468
66810.91887771782
2559.580344397288
102628.6111626217
64420.737482519085
125306.03364190416
41258.55603539627
35501.11899318879
4753.957316770514
72434.02683149202
33608.35119610382
23695.33408590538
10114.717580952323
4188.8165302875805
190728.7151792397
48696.296406117624
1270.6609789978245
86613.04369411923
17329.625286317605
492.55116467096946
47284.042962279265
12860.118457707005
92063.32171732238
8130.532208785484
36038.68221105186
28269.174672802063
26401.954127812533
68193.51271555951
178947.87868496956
95478.39223064756
136228.9804571561
19056.651474122777
44021.00803271498
61351.18433832921
68542.33375631686
190173.4959365575
29853.61384123516
27937.53273853703
66944.9541114157
45320.860394154704
55515.03213017845
71026.4927500852
7439.619878000203
100697.00919409131
235029.70194802352
57617.395366059536
31580.819876794638
66145.86665973983
32896.767180888535
60582.40543990515
1252.0958680269334
78920.37960382999
49606.33534771063
13811.79073653261
8668.831985722101
236391.56317742838
74792.95234374017
6368.692099601492
12709.513576802696
65696.99319828216
112968.00293645039
10841.732364670126
29301.830708975383
215221.76634234405
29358.60428010566
62797.14783178359
4541.3898206321455
104740.06807114452
1216.7108801705049
65049.072172305925
66003.49433399651
38515.84557741885
17242.574978235676
14449.982451067157
191800.58210176314
35265.9455085525
34138.616848172605
12457.429248494302
248.15484224342063
43947.032373130154
79203.32833551562
11586.862657024243
84299.11573365577
8870.550135486052
29632.727753954045
6647.225019754505
37117.165432422684
22585.448268417123
42964.8869291649
98686.5530136473
120366.92597952698
62733.99298656611
23775.344683344887
19815.05052752206
32692.837250026063
6947.382654799983
181640.82867931362
36804.39750849591
27764.879410440735
155769.0739613319
14536.243331225432
139931.74591785143
137275.37736748368
3993.154185334931
36260.76112314863
83893.45610978137
12472.134246897636
11928.422457692379
3567.9268191454407
37325.56689563533
13353.398780208761
142125.4339346977
33560.972173312344
33849.01554656768
34536.98030427757
41987.83345982889
52661.401073468085
903.6714998036255
245922.09304619755
164490.49098279473
52400.32212866222
84467.82828728178
1130.5579848876177
12002.66341539679
8681.61053760032
82713.41973883902
30769.5074366186
846.1454575992746
5506.439992129259
87017.3931672907
18712.030029421538
89055.85014200967
25754.55339454687
33919.831532373566
63400.08927667896
14816.943481149065
30803.91342104571
31215.48677687791
17129.35007188395
135371.30136783168
30390.448896539838
39422.54740557078
6868.92885804166
4883.649468023382
55949.289795149605
46638.13298398441
41387.9804709609
41279.8151032118
50952.54081644213
2732.968160691695
17748.786158544535
20475.778884821553
177.07898037459216
41367.46985691187
128135.0211952637
21530.39304826545
47906.71723743136
133635.13413278683
32443.46301827126
177744.89713434887
82255.59707125422
54540.06884333496
7777.529760687592
82721.95962364001
36142.81904843597
80715.89363281918
19198.146735334565
89213.65708370946
94030.98408201819
