231.66161470408812
100.95807461786268
77.92693466409568
114.98471449613663
192.0720787499703
60.11029569984602
52.746336657838455
107.41815420027615
323.14372298794575
234.1063079627192
329.62377774046274
112.36759394210078
134.2997391222028
157.3611441675713
141.12303606171864
68.96941372799644
133.80959013840015
56.1877847686896
69.5552859000851
35.269936103644326
137.76168203504855
175.81069013053923
240.86871754825663
315.1728498321255
108.10363168259218
101.72699986763341
111.89573893767506
84.68469199089184
225.77862037406098
114.75976802445636
141.14716030661063
58.747770172918514
227.42446664992798
74.93723033903585
88.44353658850646
202.5246013645042
97.9126675877324
75.18325957967421
245.85485185677257
138.8374261965183
245.77891176202567
325.0904271395869
126.02066385471015
229.30422171025313
96.2312967308953
60.63121865545618
80.47293710944216
48.58577739993837
91.60397684418386
296.73247495515574
108.80611529205936
170.5457098873261
42.17106103531141
221.44125169975257
286.8600759074992
66.14094951240256
87.62044230314643
81.58188991137656
157.26412557263708
31.02028492128621
125.2889662730649
92.37321375175253
110.16023346418652
358.39397100217644
80.64132729929393
79.46813163589312
139.02392837475114
155.55583050849037
136.7063665069952
104.82309421888353
441.3646362273961
52.37693637150453
73.49405646773835
35.63572697913523
208.75803247803185
204.17282526544227
116.4752315845317
86.63441547650626
75.30703877192984
148.44290927367697
105.89382964290414
102.65512717863311
259.94489855850054
58.67561801712531
36.32926038579583
183.20118346723558
337.9734516781557
506.18096477313264
178.3273347674849
114.41391139173011
151.92034015508924
74.605436424624
91.59406765592418
125.04676810520402
128.7075414906152
153.60397339056072
111.33220588553249
140.08407810400357
74.2045056039772
117.76712932759061
149.27652652444323
55.048890766584876
301.9469283967391
116.74974883698643
195.59426605635454
247.32082037988408
139.951226653294
83.51337440043446
95.25650288972118
53.35573490604958
192.86781513750483
100.21261820958354
197.0459744633832
168.22728408220414
18.393153594865083
153.5599151982214
147.24554034352025
210.27623992656754
74.04361384266096
217.6845128382222
64.30136459888207
204.02975768479573
107.74944762016938
155.75343012481494
101.65236952474798
228.37319965707638
140.88990113198957
120.84178644830538
116.9863300717681
154.50196659960255
177.17960628955157
68.9025710689171
166.50000631669852
175.95694436352008
120.7517080914671
26.805529812361847
43.365085242678035
73.6467973232222
44.34934626293057
146.65361463724088
152.1480332629948
160.08847852682084
51.59990910186285
199.4984505619539
102.87231484732358
220.82131869113215
267.7415608316506
129.50185666793087
117.97611182538174
151.6688141018464
62.241924483008255
49.065019777028056
140.70711803584226
129.78525192961726
112.07787134781815
105.62804056197659
210.34779593127692
159.3703318024845
369.21699739009495
156.022485952114
88.95119227751765
94.18088228512967
155.49102078355304
178.25785186515932
91.75007835998203
80.38469243118635
218.0007868960409
87.47270823683913
159.20923607107045
251.91588017179328
293.8043744869023
335.208508835816
79.77820819448061
172.15090831614282
267.07349100459214
37.922379248501514
101.63631360821047
86.39594563312785
83.45515656639974
124.30606498887494
137.6963739167812
115.59828223892502
160.42988168903486
162.1211961812881
208.97057412060929
188.2086766888617
80.28176862730155
75.87977639488135
155.26488861187633
98.48401046225615
73.02813014162011
299.8726326130435
89.97031422261493
87.87905601095089
168.79380986082916
312.23402298012263
93.63006277064926
164.63861783475068
117.2684185552781
358.41255087193
82.18318481506797
110.40811053221368
263.8601765361533
90.17193095854893
38.27188998267766
285.68257839854164
143.83747181092838
129.83127085352504
118.885097333378
117.26402848733022
166.5528196989396
89.83268731141133
186.07032550648904
100.37196684349945
187.0830176125119
52.55286064881243
81.43291174583943
73.17936400607637
49.63922067802287
241.26878674531363
127.34379348269243
253.0104054767717
187.31557246714863
61.82317780060467
134.41597740093925
163.7474233198879
137.7661338016329
97.06282949408548
108.17094650840123
82.92233955486545
139.04981055005686
208.54795602209035
76.40294216336467
152.7600123526121
330.9413188120499
139.3952053032634
427.5125306376906
125.65881808239612
92.24596947785864
96.39387367781819
294.10031915079725
547.3782789837651
72.66837998932981
102.65268270749523
157.062058154918
243.25407628772547
75.37162976693638
51.69180440081553
71.91525739123438
74.92563560514867
175.15133636100686
292.6650968769753
117.01568053627929
457.91647877549804
217.633547970351
159.0358490192402
220.3500583099528
149.87372616267905
71.23557709869866
103.70352212590821
177.9175057013146
55.01684954101783
159.97343534730817
184.2731910394738
122.75497223400883
144.54653909552263
166.73895235134057
38.91257165954837
114.51887072236458
181.81714312827938
151.95343194778178
26.844494279923076
203.12045706173407
242.17657425545133
363.90182301771915
107.28835373647992
277.07484294046054
113.31919037802702
75.81949357364084
240.15232582772305
257.4672976757024
112.82365234969305
41.83010456822717
243.03278143578734
156.02823560394413
80.8993967014983
95.8055282017179
57.01031624719432
89.77548457918364
294.6471662731012
119.04520152490853
37.91255165498059
165.65216783426555
88.37229824564393
249.25706515885884
44.35389989528275
137.835294570535
194.4605612180126
147.92093495458477
121.73167268564703
189.40952686455455
560.6931506959892
220.25050074626571
166.19591106254236
264.8042958103956
286.6971401168922
109.98121921259693
168.04570928222526
89.12901200005687
278.8161611932624
114.49678967108834
61.1045594048861
285.848736552681
195.38761228402055
47.216714536537566
164.7560495999138
91.24232734881589
85.40978581179257
188.09691301283516
157.8296985208186
291.10690256743027
256.0465921071342
82.80907722876505
78.8265858966586
96.87206053478106
1.7196050283826647
60.79804199615442
85.49009053058566
232.81835000486413
57.027912054082144
100.21523621674655
297.74893018868624
147.06133014573606
116.76624272849212
201.31246426363955
119.868165973224
76.80345088753735
112.91431038115027
53.646558150850865
139.89381250992088
227.77081576964764
147.06233962830893
115.10963340631888
113.34432275574865
395.64130323958625
388.3256858386447
398.9771696135873
169.24838543997421
48.684773993139785
227.78735693251605
72.38175051324073
283.5110455330721
128.0577665252612
280.5777002731899
124.75522492148836
105.75459968174958
134.17527857879531
117.2412539496847
198.7666258008839
175.37728150448675
140.0588854406965
234.2167766945188
103.39666066660749
147.5433182366237
104.78957466642196
204.02067868097103
207.02073990405358
204.3345890551348
177.00042716910897
82.29008160289074
63.949731021260924
174.97145070436792
130.55923112816635
208.20626130159997
34.41153773858151
130.63115662936983
126.23244742534821
255.696367104923
206.41350377488095
125.73763225080833
124.7027130748483
212.20451586235995
65.84162622667334
118.75056175158991
516.554697741373
134.18849446402123
168.95910838531543
65.37399926032137
71.60670833627071
152.6295649882348
129.99186881410185
51.84198081936439
101.0414289277986
90.06972523037886
223.1962178044607
131.01490732348162
209.02583388529231
126.2363102169585
177.75753580933417
85.44423568130838
244.22554814901585
83.59787561916404
106.46991058060202
189.01555586083913
111.39754890699726
131.7227119618842
52.28542932838531
134.35819656839135
155.96487394631927
131.84109479467944
168.23005581710788
173.23115706539397
180.02474745256586
94.28181289294982
177.6304365755003
190.3496323362658
47.032774262036696
56.77224965928799
224.08440415401398
120.44431066829434
102.88451263585705
185.56224891081231
67.94138943202493
119.61948936089715
51.01169475649495
126.23035884059013
130.67066633451805
38.16477690643804
243.76121063279888
325.77381517906196
63.6953057743421
76.7919368474265
166.78260104837122
33.63893177308348
75.70221829038475
117.97118702579841
380.29214868789467
181.28725842031906
194.1939657497127
126.60911481178996
130.17795080517945
135.5211309463778
210.9818656205637
178.2537050128495
165.02354680034122
73.5482961577272
72.97000906327001
67.52738009390158
181.36633864435225
82.19317790097054
128.8900392083721
224.46575213881363
284.05343876335985
138.2765311328756
145.11580545520994
108.04450918749339
113.83272560395906
72.44124103394458
137.72268324757007
140.56433290725704
160.30598392607112
132.20381863834305
117.3488360672357
321.9440151149806
123.9956712924416
120.0788029835002
182.2250199843462
165.29012248410135
281.19427874106043
157.19573933424755
476.3340903703395
224.42221573536452
298.43847262958946
145.21946569268647
182.60456642498932
45.64187095596984
148.78963555595743
273.7099012771546
78.83072793294147
129.10287256759364
161.79007062375547
262.13115699176126
227.4184353173904
111.34002914850079
12.126884073630018
186.74905659641766
277.15965617971995
130.3161466245126
68.2747124684877
122.53842420878928
130.59610267173295
109.8549931363894
206.40952721773263
72.79966758380439
156.47327986617125
132.8706436074278
69.04295544055725
137.40106597168847
203.6881718571039
262.90846300829656
171.32052058856368
108.47138876611989
234.18897441136193
34.14708767879887
65.73485012775672
187.9560379917049
168.7411221569628
352.5672830358452
87.86431204675364
127.09036169257085
51.13738659552924
54.46049973907124
357.39817796514166
137.41232804968593
83.64059112652703
106.55215566951748
113.39186926861878
86.1555792720021
137.40110777709464
139.433206241451
310.6406397762896
117.49630607949719
31.975381467276467
391.63408105544875
152.20107055110373
134.56792284965783
81.3933634429625
668.522980979366
215.77112990883057
108.37136842235566
314.5461330807039
130.57287770701305
113.43314056630874
69.04713573406475
153.7258386183684
188.4475061394608
81.09594776394036
157.78584898097992
71.29009361262904
54.48474285330744
160.3330182643032
289.6831845980952
98.16209568982119
147.03058227513827
135.6604271305183
123.82096295141834
181.08786901628073
312.8040695233026
78.95857724606287
296.05227812674923
60.91733945915319
79.92111735050352
147.24483905642933
89.18744234260743
303.3146488419588
294.6521263282353
98.29089606460512
22.76277249856749
74.67048896321627
99.71724594086986
92.78927926367372
37.900885997319364
182.37182373535023
34.28601034141217
134.7157656080797
148.84548969745225
139.69310111957
132.98968526170964
233.92237447264566
181.7207169795125
279.3902348475507
160.7814288551823
96.17935416404993
85.5175638106653
188.45375791547812
147.0084268806787
151.70858335464573
96.74075130825287
116.23635688761742
94.98830125434093
176.50535677826934
150.3143132997744
89.74063340958827
241.03961221788532
320.76479192859307
187.04288706492386
51.55497893234517
125.97782449678466
118.42439363428217
115.8942521066563
47.736121318151845
363.8929368931008
100.3172338991071
455.1447067321766
111.11002330466324
114.68196404453053
41.45890570348095
244.41112934063145
136.86647718404976
77.0500809403581
39.27631748095506
235.60085106606897
103.86281303097805
32.193450295880154
239.97150548970362
115.33923709854805
121.55456374011993
41.387829546954755
316.2636855637953
98.54180878825638
117.09241694399779
90.002245374662
146.28929382905204
48.10144591456353
56.26707732224849
173.76168417794037
133.31361266578725
75.66114560885016
194.6248151298037
106.51156097830537
269.26231048201504
250.16113608692328
146.56614910215245
124.14634473306043
143.9287991229756
104.58906494311516
411.82096251938174
99.6821894494601
261.2543861870707
292.21984010309137
26.32147814520223
114.64814352788868
151.30263601996415
197.92709536284391
33.675374594928705
369.4472265713819
28.528211402916995
178.40189245548842
79.35352415081329
107.21454348499891
164.79062764295878
128.67833868482046
122.59145532330389
123.85057932700988
114.09582528078646
248.56965420122992
64.94675987895329
93.70106189710842
119.4799560333247
137.46352546485295
119.48987062760183
146.31318329133813
199.8648120509099
170.21167219083884
60.56624556182676
249.32026547216313
91.75209064908255
180.49174118262067
179.92840094833224
91.45650689332581
276.71658490062066
123.0782246387524
140.1013956309708
187.96553366348888
133.74405542501418
190.22732871924336
138.58691257932847
91.55702717273266
275.75420753773176
139.8520020425356
218.98246517987874
324.396341462859
111.89680312891426
175.3648190680377
260.98012826762294
91.30934437499698
62.65130064481633
197.10374006729603
69.48150953185628
1000.8346708422646
533.0058189919371
102.42917066651619
430.05467739350735
40.99057440950724
394.4685052660285
79.4063922245381
106.69275865327043
94.3496951325874
82.54696454673717
130.17553374454042
122.08241733092053
183.69773689867904
196.31160729438574
105.81679575762888
228.96196615735875
43.65474656361983
76.17268092648406
125.45177973206323
94.52210611862716
140.41181804305438
194.36921839348827
48.41419238755375
185.18581903381167
175.3793943639229
148.58306546879817
75.87407979114744
373.31767971517286
181.30115694860314
88.3918902348212
164.1583157021626
87.32170761451093
143.6252420479262
178.92329906792537
109.37547336514487
148.9960383404304
137.67718484535987
91.3700273795599
227.8691107699318
122.92212367841124
186.899743031985
