30.510262054824892
377.58663712636223
28.153457151559586
9028.723103471459
62.10151667384014
231.93295267750253
90.71720523260876
46.562908146075394
160.31799911893157
127.01201598961372
4274.029726201263
143.65607729808264
19.78424202101034
10025.168120076993
71.36384671197344
138.3933042135669
24735.38928449812
41475.98677098829
85.74781145261856
32.86979618661395
10.530287968765666
86.17064470109679
53.81230709045356
322.02441126244275
176.50429348455953
64.73025009591596
136.36226417987615
22151.46181808437
126.60191363970708
6881.504518146486
10808.55244663857
6562.658630607284
111.45489499094415
141.05395626665813
73.09296726470413
176.98861269009373
224.1712420693406
8682.845620258639
258.59816305666317
85.09394848698325
104.65068713671246
18.332180071623903
52.00963402930252
583.7215275483668
274.15894221354625
194.58400600946186
142.5764432607337
70.61063901346992
28470.50884338552
158.07575060561325
94.7777583502187
2531.747056216517
185.40876082685668
84.90846338157736
384.57672111306283
2207.9196863623088
553.7161683453033
257.47402951575845
496.92855803699865
2910.075342812967
184.36105725830922
6124.563757749293
1899.5576293085405
36.73145959418381
8.818929839027936
38.40298314794397
3649.3979903476234
40.33437532009083
71.92342170953046
8938.08187494231
3565.1177912148014
22.492060030143318
71.29098020623968
280.92467122149026
15.834099902805981
2650.3193187278
11182.61330566292
13825.426622253002
114.55976427666353
46.36070675188919
6649.150981876868
106.48469321183896
267.9652736088953
20.071313115475842
350.6429472281112
2.4329217705266117
110.07313445797924
50.29278634274944
851.4612198603251
21.464065925685205
7038.7907238352245
28.81901640558313
133.00015689938846
270.31023499677724
43.537409533963014
319.47988985104723
68.3521244652135
43.5389823153821
16095.760200458348
11.069722472278023
48.649374949489285
64.52569113973269
11.389203517886342
3112.470541472382
41.61973737441541
356.3812495693185
34604.61845680941
166.10392254856762
543.1375914868635
129.3478240322908
28782.70023996691
184.96332188678895
111.47559560677061
86.5595333737172
139.48237272568807
157.0161402168857
50.1167240907934
810.4972982063522
33.75168492627778
121.9096177062186
10578.366006973612
121.31576893187959
4823.458498720811
12.664719979085621
28.09691737870203
1188.80577895189
8058.2072779582395
506.86035467149844
56.97917825614932
541.5625084305077
424.2776582563154
87.31149227691095
3996.9808183303658
48.32625166421102
127.81800032693319
70.78392633737093
55.4382552376226
32.017777716063875
123.73472058131861
46.345873395085555
33.38342292986218
3288.27749392998
194.7334682954147
158.35814427840478
324.9491954786812
82.10862873785133
50.564880963177266
21.203559642462594
40.53462827148401
63.94095408369655
256.7576480721527
589.099978775682
238.43355432238064
45.67025945643387
21234.00605702858
188.57352619590824
4571.657985510593
1347.8660721111069
239.60800497665969
15.756935107976709
8814.186632553785
11960.036244127743
21.73965387595235
165.7205508088671
107.25736711817763
121.19524361702975
8760.179242814067
103.4457781317208
2130.1770373574113
13604.405147357715
349.15448967018403
59.33617608174175
104.25869588014018
8555.334237510973
8850.103692049572
85.47329910295039
4680.875345525582
29854.308205467398
6653.867936857678
67.64766396385166
196.10127130721284
137.23666507294982
120.51550073606796
1593.1914916764451
203.82879076203642
859.0520600313098
601.2130610484917
24.225713161124744
57900.673066609015
341.0566837477516
6129.115478568023
91.538334778702
95.63979474105558
19.012441095468407
51.87414241033368
97.30068401615247
96.32141857890582
13.700286776545552
1731.070533311376
1923.0930371315806
62.78605136097676
102.36650769217881
44.922828319700976
53.561516691464725
164.2471680473949
9680.037507792073
37600.64853742298
42.47022497933864
5106.466164806164
63.6567398252263
2680.8608345845028
87.12100514660196
75.3577436155986
2.978336853324379
15624.4623192013
206.912069478691
111.27045770510084
18384.522952839456
90.48687062088418
149.41166569801513
10765.029340509687
163.5927480620471
171.13453383024373
97.82841118982977
266.58902038144157
4636.6889339317795
90.38944818425198
2300.81340903296
2.427441022348653
146.40866150871196
36.58803359093479
7221.368786701222
38672.252721745615
12.631691291551695
4691.383539451552
2.8932124781655513
159.78982215111049
90.53145373213069
18348.505925768044
9147.533705187005
13975.632990329694
170.34802380316975
26.77987184307446
19344.86535565363
309.7259252587775
18.81459576354055
106.91286394030568
25.52482433988675
8117.741265785097
186.88070882013974
220.7514168749904
66.33194650138664
1290.834602468172
4179.830876009061
151.46063749826592
7638.523156954949
61.75365529070026
49.76879187859256
2438.2416794689934
5258.644258004229
250.02794579215242
242.6089461079329
309.45412950094584
9339.498185957087
