10755.531737083764
1356.9308763314332
13542.103858070826
27142.221947803497
21268.496496862557
4091.685065547633
4385.570786663126
10568.63457124652
8305.80877737452
4632.744246970493
1789.673430183068
11957.266259941245
4276.095962654126
22458.95597880201
1129.0406117048885
5024.482103279811
28640.83524206455
21229.129064053537
562.2514812149037
4733.558745094463
30677.690795200335
230.39850716926784
2418.8466091025643
3877.61708805483
13707.2147718435
1671.7082943021237
1679.6948542869509
10297.09475541998
10339.85454524794
2536.074661147546
2184.5281989782543
2578.234716028147
723.8965368094205
5936.999344487538
11072.36394805874
1013.3512169849128
5056.495297582551
3415.8059262726356
2006.1239287143194
2382.2377598759813
9739.670250111096
7336.06375032337
4546.389730456179
4980.059909113409
368.4202126663493
4218.466503971054
6045.343559681973
23764.702192964796
427.381159743804
2857.731496952887
11954.056070738478
18791.980548565185
1563.44817764752
8874.266150946853
10900.603338454714
11838.359020451464
4063.6630768681694
7439.649759476556
15515.4886256368
24481.427465165838
5861.815506069724
1760.1612548677997
2962.4799961987424
13696.692725931678
13953.093652045362
16319.850316418193
12515.672411958885
16326.683694193942
7568.679596127116
8227.424617216371
7204.046744855246
1279.6282059258099
13101.29155263471
20695.859261497342
4357.332035298572
8591.148972280414
8184.42382852109
4282.865260022367
4374.588830152101
34603.90942224395
5251.929103381263
2543.078075646688
10169.208978460987
3179.465621397731
4988.007734525622
6855.8748509775705
4975.7602741124365
9304.511456400769
5690.142953833682
1321.0122775067966
18388.099372392844
9024.548628320043
1701.7818717780813
2867.7144563651623
14001.768299542551
3397.718308113112
1141.9347292017758
14264.357659855343
6791.499398408498
1934.090296507949
7801.3996364971745
556.2122565188034
651.20422203117
32592.60992402134
2615.353183695844
22885.68588495824
994.9974294997086
6048.67555443397
6502.059001791254
8870.693188157526
25089.565620168556
30826.256165566603
4086.1190612371506
2127.921129510968
835.294002270771
9911.88450199464
527.4411379701377
11381.14257452237
879.8472460822421
5505.653097246286
2486.2516858299805
4697.4359124445255
539.0953057901015
30496.446187180132
1866.5688861402903
4644.366430440351
1367.1208746249956
9994.742305148426
14152.509363753692
2165.4192905861164
37423.73850465779
6686.136260608939
6880.35436899103
2582.521429956733
9852.958184466135
9190.090794250784
882.7851274704215
17510.62579618748
776.9985916765006
3074.5551627010755
6289.6110116280115
12005.947678295748
4393.828120988853
1047.1207787075653
1427.9168449924969
10787.975557872462
4681.01680871061
6570.962285962196
14827.658802141903
3834.010516237402
22755.360086486133
5501.676854079432
6993.993735268412
7629.706985462962
17098.723032841586
2507.3618351595123
17393.682050105865
34648.46436044933
7969.797076073495
8856.228592249101
7164.770130905953
12253.268082054392
5707.775473106352
4434.218684798548
7141.195250610764
8556.052706731978
36775.45194796237
17386.439897545082
937.8607227252699
2030.0695094749112
10562.297161384466
14764.67662199255
6163.20598272976
1217.0935295158313
8305.701384702073
2274.739508030528
2715.6866332662926
3453.8987323774445
13019.195142422814
1989.73753312614
2257.3397707127233
475.73359033186273
2337.441238628076
2016.2391338685975
3757.255961456906
4590.269804602941
1841.4764304402374
452.347995839302
8024.066244396743
12648.907527156513
9681.606667266942
2927.0015084005454
7090.86675885517
14209.590003862064
4773.9116535078965
10832.340527958379
25091.116644389134
4704.992985361642
11430.250392800397
7641.195029056818
20139.041967002962
5723.8349705065
7016.841924300183
5133.4837358895675
7459.024348110233
4945.81945620014
16013.3285839051
16287.632009034278
42079.26389768014
13075.629718949578
22679.649261207735
20397.34823272948
3490.324072049279
19210.554337657497
27717.654763505063
35683.53379565843
25288.14576174553
204.88853925262305
13720.770936287288
5269.680612358052
1218.260984369215
25938.78566578021
4261.643135194888
17764.439523324396
5546.199273821998
5228.687678580812
3492.1183468130253
18237.47140027298
396.08385313725665
2147.9848661597443
7438.670500068195
5566.915040514222
14058.582537871447
18440.95851144716
6963.278868283289
1788.6504502563148
6784.966702535315
5045.628139604984
7015.068316472808
229.16669715025984
2868.241417213228
27305.739314123002
6758.71441288054
11018.365170393936
17066.955982369855
27294.806846401694
5034.559411152328
18415.14842224845
521.8855028437114
20536.27509452411
536.4000033716682
17830.903174176594
1395.0058989826723
24766.378354363325
348.15314455607637
17037.312436947446
23942.94964220366
19059.71136720127
8922.61519767489
851.100987484291
6484.834213177911
10581.739074291723
1982.953971056359
3674.891008861173
10600.015911572065
18406.81835684634
22144.91771828736
2991.8101390644197
714.078397649553
18270.97083994362
2336.9349632050357
8821.482803129513
4289.254240555949
20759.37396882944
4642.333936701721
6667.2927883890725
4516.5721818405655
3688.8529558341456
23016.208118815943
1409.6844290969298
15892.742459419267
21807.45847380435
4653.428193093273
8801.586398174506
26959.805182699176
10350.104108657937
3347.137713638592
15949.061769288648
14948.265595266237
943.510444634388
22318.039899729443
3568.898964056391
5361.142302201844
9091.089422284633
1732.0375993897287
18577.005558050027
4255.61949764502
8482.339339841197
1670.388241885898
15669.980064494905
11593.134541851408
11147.799895199567
854.6212547570726
9288.08215031743
5047.63116501073
12178.11658736447
8041.2919773512
11568.85901367454
5689.827677361759
6934.587151255044
17262.926112827503
4725.705760625665
3558.8176509857335
60739.20928767983
10473.678388036396
1566.0812593083283
574.1695795963841
832.5815268768774
992.8971158512921
7618.309229700928
17113.780697437698
13325.694534898295
9652.796081672434
790.6890496461484
1381.8027909540117
11114.417207839162
15907.885278518335
4346.035376083451
18679.036820706217
4497.254029012212
437.2500877671252
6318.162797954187
10290.322356482595
13792.685072829257
2657.3758378319994
131.3363214019769
1933.1322546865174
20860.542942068547
238.89783124104488
379.21553733134533
6141.619529049806
7725.556261741402
2989.463609609579
2446.660840591746
9843.272358451599
171.1863027783164
35477.47042914003
730.2520269628135
2329.9347037681305
23538.82374004037
4588.360153747555
9826.857186209523
11774.68171818304
15036.966770355575
1398.3773133325485
2111.877987682662
10627.968277901367
4870.971443775335
5800.327311820261
2006.7557716726265
18987.647934973927
506.86097737396125
13780.724655021717
950.4012068706897
5179.479255472662
12805.09555269009
1133.5026302956985
2608.404363316867
1567.9771253658557
7850.45145288053
1653.8571022412252
2049.5376147380653
2163.207916667712
10611.954153400964
13704.507021886628
4118.290917223574
2309.2110249960297
14654.824629806459
5230.376537076901
30094.049884456945
11596.834888285945
2216.2283698920933
10353.822011013192
16646.012036149164
1667.4927321460104
9499.76318897533
2421.677802101735
1796.1375222303902
25706.699875753176
24004.936159853234
16451.430720771674
3899.96501941385
5945.345343261175
7125.730974578784
13878.741195422066
11308.430437854071
6451.722281273519
2639.080767831502
1917.95658120218
15712.79772291229
12318.424139584333
22959.93996904357
8573.65146405579
13056.243562194315
3370.022276389822
18796.442116246937
5303.870765326376
7964.383491988729
3479.723091009241
33830.17610101222
4930.663617177789
14006.724838907898
678.2323320882297
3948.182305677427
13813.373236395904
2935.557190706606
7484.8383500431055
7118.025163570604
3140.0943368589183
6479.744620653687
6888.195656721909
1822.2995385648776
5206.558856624938
18221.870083635702
8564.872641519707
28664.255743272744
3246.3810054936794
2671.0521370659067
10236.061360179825
14208.335262305676
2159.7107105119812
2713.030350277779
2748.1031958319722
15310.088753341766
155.95587037593646
7219.203574626395
13581.447757367901
769.493453877422
8291.928976443956
4756.468364462616
9665.534000558771
5193.969553164156
745.8656507060449
18175.310168774824
10498.298005596767
1551.5042314220757
5777.151101267284
2420.2640472267667
13672.259714487645
16437.099707096633
2348.6170906117973
7028.0657071023315
8009.18336409855
7770.828946723551
10288.084863184045
20841.288747368264
4550.273973681827
3300.5362894444665
3686.541137740197
5099.386844460342
12970.750994209757
14122.282880901677
13408.993778351654
11485.874392051215
1936.9433522634665
4498.676055351743
4887.936924253054
1831.8971727666903
5650.830287079988
3673.144504005171
8715.473342803862
11822.809112262941
6117.893521659028
2509.831356277302
8858.581167035025
1144.88237834419
3080.189323400462
5635.07408467005
1408.8033525075145
2798.18155851243
6389.808951532562
8812.292884851973
426.1918992298682
1840.7547282756798
2049.8198621671822
5061.994039383725
2839.432924373322
2734.1571075109473
7730.2288263990895
5327.837832665287
23072.49073508708
2997.5169452986934
1584.8620003095614
4347.446599084775
3670.7414318422784
2194.287923327311
23115.64926663819
8083.796972680241
26588.222389933504
2269.6887650494846
5987.2905297134075
2609.5320548297614
11309.559139462663
2124.533287932515
6596.640832387735
1635.4910925079494
3192.5429649183343
9667.521624203531
21756.562662323082
5765.524796459297
16626.056231632476
7250.737541358364
5867.700021821374
19020.880310798675
6347.737355266901
5177.416519273278
1728.9161517117157
1242.8248372658097
37436.421284286924
1034.8755616391886
37276.47268657432
738.671027292684
13493.83429092081
15886.65692808156
7806.872827764534
4371.142817790942
14409.297718954725
11267.46181563329
1592.2789408359024
5109.59667273013
1838.9843802595092
6337.685287197147
9597.937069191004
7823.6909208278985
10867.077305540106
7744.666039609635
4812.03767976941
4316.869581313491
399.94367398180975
1622.5074346756705
8879.164444087957
4050.981909890201
436.41911209849746
26789.411378305227
20929.098228043826
8551.958302856247
13071.745396840262
23415.474258265607
1006.5719937310826
567.0217407855861
2544.0324945052535
25323.27024161184
1364.1772302320294
1576.884775161816
4682.562236302744
1318.5645728937116
8049.963645780778
204.570421297774
7691.3140275311425
9828.758679521718
12565.95175919875
13011.583498799568
12743.343934272245
286.7796725602056
4014.1995193579473
17060.2986664597
17609.178524601673
3706.5710261617673
16128.38389348808
6130.909987288166
16018.020539872108
31688.21516788067
17988.12723611485
4726.310247013163
7850.39859664066
1948.8201708386046
27063.144144606795
553.645867717248
3259.5094999150765
10389.406856539064
4829.499868520784
9473.54271412946
2303.156184098147
6982.040111587046
5277.826383669499
18112.97806785158
11049.254837181388
27538.253189081443
6125.385315953926
20647.627641084597
9683.322955374575
8625.347617835605
1205.292132631039
4335.089411517525
882.9379605828284
7040.288590871664
25178.578712774764
484.80502148181614
315.34456565324024
10604.789188502084
4242.525527843075
916.0594088129179
12202.486534317297
25582.471377203146
2715.1309935443214
778.9993835846665
26588.95002557666
5504.7681251032345
860.8144012849814
6332.016674929149
2892.9371552125863
9275.937375577876
805.6679139077816
5420.905946735534
11070.885450071046
12995.254447932244
3205.1990849572303
4584.537994435043
69.269868234106
580.1399116298206
4481.159115433297
10094.162369502805
8002.357664253281
14556.94034750006
6510.833539333012
25818.94707068037
2718.313620676136
2285.737281798499
3021.6502385930185
8402.011982394117
10225.560759741074
1026.3976640128697
675.9473126399869
8444.191718579596
24612.339579700118
26700.91235198386
25728.445640769376
23607.004552990533
4094.4353986667174
48769.7113209232
2896.2629401979993
9231.059839770938
755.4711929899892
4671.974729793599
5988.56842642497
14939.502237047107
4166.396323063589
3521.8788348225644
23548.295680485535
34030.893036001515
32543.121610750895
9962.451179995245
391.92214191044366
3064.541071830172
10131.926832660838
965.0174730952883
3364.375042011429
11086.91268469518
13481.053115300783
2850.3603178821722
28033.303517268614
5921.814910509696
9030.706618692479
69785.65458401275
3818.5774937346782
3209.447515453603
5224.508484587049
7630.091902698173
5189.355043876962
4935.1933906443455
4009.0464552571957
1563.1754724639409
19661.852849929262
1999.0103051312487
438.245097847408
5677.067562354625
9953.582032711602
2499.4681979312127
4924.135142775532
22286.74986570698
19834.266656575237
10616.000535838793
26919.571001241704
13591.919355849912
2586.7874272660356
2644.900207106989
6757.349762651166
12128.321322481297
803.7818198918591
22901.477583534073
20848.87438964637
2180.356275231263
2175.4840968521135
4552.352682780254
1044.1739753279705
3096.17318266499
53.85112163515498
7877.579897283473
2617.239270235
2596.3678921702426
17379.86917252914
8611.821457096738
20263.742683529003
528.0423589733213
10140.108356328295
23024.987422976632
1079.8533686744784
9478.19990913518
46037.51304809014
3013.3322342865963
9588.368212900248
3304.3377957029074
26372.535369914833
14370.243819987012
9895.275004502451
3252.9013999779145
4355.96321277618
10538.41060077353
8087.527623597644
18708.887939812324
1000.8920028228509
22231.784710302723
26406.612961296436
1985.797652714827
7818.33080609408
25691.083194986455
1018.5953163432392
19515.614883304715
24810.180929004106
17690.750712007775
12021.849177625825
1886.8488526618028
41345.48488422381
5282.571791346085
9984.415449596978
6887.423719002565
4491.187823686173
925.5037311945367
3773.46907845602
4393.119180864787
183.07901652722998
8569.932917914866
14077.235857284755
8514.117969318293
14163.140177759087
9485.521017421715
18573.798079048556
13038.829870039372
2021.962599159523
46921.64424003301
4914.764101018378
1201.9025816831029
2007.6761975198508
29277.836631040416
7765.602407916007
7268.6519429404025
4544.763309067107
34193.97602101113
609.597475262703
25149.67673537174
3232.9596968602445
1436.7037704720628
5944.58867376537
5111.509818440594
6914.2577352441795
37375.78502769144
13687.9166399234
20272.121172657764
14522.303584658219
6064.7238772986175
29900.547690094314
1750.714488610156
12487.446996069804
3851.3478476586124
4527.0392232067525
3858.113335106982
672.3121264541369
17062.709603238363
10680.308306922736
17417.817022671385
6164.979905952061
2432.678060425217
1185.6348839132086
2083.1369554989133
1154.3874832324448
3992.859524481709
5412.33858491777
14291.866642094214
8577.982226540777
4242.807501617814
8786.089416115346
24638.04741263357
2768.0646483161686
1781.6459418842737
3695.5487730666773
25456.004636108762
5077.950893220816
5680.79964765534
1341.0448269805931
25280.61020674525
