3881.942644639254
1485.9306146091826
865.4709219077497
753.1790802738686
3392.8637909494655
2659.6342697228147
7268.195186742233
12515.95585610017
11977.891752287995
802.3232442989059
1495.6544729204345
10773.406730184342
2867.961042789643
8285.717742162087
762.2169901806286
196.3557938818236
764.4831998913246
14757.11172474502
8455.91651816949
3991.3754530879332
1930.6344934858384
3398.1657832841333
2963.1127513060806
3584.736084679282
4455.4069968999465
16263.256313422839
1056.6581627911646
7215.887538442289
224.2963640536927
2260.7045007564598
1899.3784852240692
3927.7339157230135
6364.887586597039
1176.1830217390077
8108.6507726949985
16318.408501874814
11194.599757059012
159.28979002150447
1149.533543094488
2442.783277850028
23399.66989427923
1184.2057522376917
7557.750410842375
11404.927123685657
1053.0658411336472
194.04163288188457
9136.905746657805
4019.262124999219
10036.769806747001
28499.080027002994
13612.347283532254
11079.993215721566
23094.19740507589
22412.996435854613
351.14382293946056
18095.013698451356
7224.733164586648
865.8216566992592
6030.511151982397
15895.712476234103
13348.263698449879
3573.472442319163
4665.299395676148
4994.7501287793275
8268.73450621913
591.4689598164634
884.7209932443037
209.6963501299584
1590.0813492040334
866.3812672076776
8905.148433841168
4776.699748545041
