81.0,11.0,4.0
79.0,15.0,6.0
63.0,17.0,8.0
67.0,13.0,24.0
83.0,17.0,8.0
65.0,7.0,16.0
82.0,6.0,7.0
43.0,5.0,59.0
74.0,15.0,19.0
49.0,4.0,41.0
108.0,13.0,3.0
90.0,14.0,11.0
61.0,3.0,28.0
98.0,5.0,7.0
86.0,5.0,5.0
72.0,8.0,19.0
57.0,16.0,22.0
80.0,5.0,6.0
56.0,6.0,28.0
76.0,8.0,3.0
86.0,11.0,1.0
79.0,8.0,1.0
75.0,12.0,27.0
64.0,12.0,14.0
64.0,15.0,11.0
50.0,6.0,43.0
55.0,18.0,10.0
90.0,16.0,1.0
93.0,9.0,4.0
78.0,14.0,1.0
85.0,15.0,5.0
49.0,4.0,40.0
74.0,7.0,15.0
85.0,19.0,9.0
77.0,15.0,11.0
68.0,9.0,26.0
84.0,15.0,17.0
64.0,4.0,13.0
34.0,9.0,30.0
84.0,17.0,10.0
69.0,8.0,15.0
80.0,17.0,3.0
57.0,9.0,10.0
69.0,5.0,15.0
57.0,6.0,37.0
69.0,17.0,1.0
96.0,14.0,1.0
49.0,9.0,24.0
55.0,19.0,17.0
72.0,21.0,1.0
52.0,9.0,37.0
73.0,20.0,4.0
58.0,9.0,22.0
33.0,8.0,69.0
81.0,11.0,10.0
75.0,13.0,11.0
71.0,9.0,11.0
53.0,6.0,45.0
92.0,20.0,19.0
99.0,13.0,8.0
78.0,15.0,9.0
21.0,3.0,69.0
84.0,13.0,5.0
59.0,12.0,4.0
73.0,17.0,6.0
81.0,10.0,10.0
80.0,14.0,8.0
51.0,8.0,53.0
38.0,3.0,58.0
54.0,4.0,31.0
71.0,17.0,18.0
93.0,11.0,8.0
79.0,15.0,2.0
79.0,12.0,3.0
64.0,17.0,4.0
53.0,6.0,56.0
70.0,8.0,14.0
93.0,18.0,2.0
81.0,14.0,8.0
67.0,10.0,5.0
53.0,14.0,36.0
64.0,10.0,29.0
56.0,13.0,22.0
61.0,12.0,11.0
50.0,11.0,23.0
45.0,5.0,43.0
60.0,4.0,38.0
69.0,4.0,8.0
94.0,16.0,5.0
69.0,9.0,22.0
74.0,20.0,7.0
75.0,8.0,3.0
12.0,2.0,88.0
88.0,4.0,3.0
56.0,11.0,25.0
58.0,11.0,44.0
86.0,7.0,7.0
24.0,6.0,67.0
84.0,13.0,14.0
98.0,13.0,3.0
72.0,11.0,13.0
73.0,8.0,13.0
54.0,5.0,31.0
67.0,13.0,10.0
72.0,16.0,15.0
76.0,12.0,18.0
94.0,6.0,4.0
87.0,18.0,5.0
76.0,12.0,27.0
82.0,9.0,28.0
59.0,6.0,35.0
90.0,16.0,8.0
66.0,11.0,10.0
56.0,11.0,46.0
70.0,10.0,36.0
52.0,8.0,51.0
74.0,11.0,17.0
55.0,26.0,8.0
51.0,7.0,45.0
79.0,16.0,1.0
77.0,5.0,21.0
92.0,18.0,1.0
75.0,16.0,2.0
73.0,13.0,20.0
70.0,10.0,10.0
73.0,6.0,18.0
87.0,21.0,3.0
67.0,13.0,5.0
88.0,7.0,10.0
83.0,14.0,11.0
66.0,18.0,21.0
66.0,18.0,34.0
83.0,9.0,5.0
68.0,12.0,12.0
85.0,7.0,1.0
55.0,9.0,35.0
70.0,18.0,30.0
81.0,15.0,4.0
0.0,0.0,108.0
79.0,17.0,12.0
77.0,18.0,9.0
43.0,7.0,43.0
71.0,15.0,26.0
61.0,22.0,17.0
71.0,14.0,8.0
78.0,9.0,16.0
54.0,11.0,21.0
72.0,23.0,18.0
62.0,14.0,23.0
65.0,19.0,5.0
61.0,10.0,25.0
72.0,10.0,2.0
27.0,11.0,75.0
77.0,7.0,3.0
57.0,11.0,43.0
56.0,8.0,17.0
75.0,5.0,9.0
88.0,15.0,11.0
38.0,10.0,41.0
65.0,14.0,7.0
71.0,9.0,25.0
73.0,8.0,23.0
61.0,9.0,35.0
87.0,9.0,7.0
47.0,9.0,44.0
91.0,5.0,3.0
79.0,19.0,7.0
69.0,2.0,31.0
66.0,8.0,24.0
72.0,20.0,9.0
68.0,15.0,13.0
15.0,0.0,83.0
74.0,17.0,20.0
58.0,11.0,23.0
0.0,0.0,76.0
71.0,13.0,16.0
80.0,7.0,6.0
64.0,17.0,1.0
67.0,15.0,7.0
86.0,21.0,6.0
84.0,19.0,20.0
68.0,16.0,5.0
1.0,0.0,102.0
71.0,12.0,12.0
65.0,9.0,13.0
64.0,11.0,5.0
79.0,14.0,2.0
70.0,10.0,14.0
63.0,12.0,28.0
45.0,12.0,44.0
79.0,11.0,7.0
78.0,9.0,2.0
73.0,12.0,10.0
86.0,12.0,6.0
81.0,7.0,8.0
76.0,22.0,9.0
80.0,9.0,5.0
53.0,13.0,34.0
69.0,19.0,18.0
85.0,10.0,4.0
82.0,11.0,19.0
70.0,12.0,15.0
67.0,9.0,24.0
78.0,16.0,8.0
68.0,8.0,20.0
87.0,19.0,1.0
79.0,13.0,36.0
78.0,17.0,1.0
76.0,12.0,7.0
72.0,12.0,22.0
79.0,14.0,13.0
76.0,15.0,6.0
77.0,19.0,9.0
73.0,11.0,6.0
73.0,12.0,4.0
90.0,12.0,7.0
72.0,6.0,18.0
104.0,11.0,7.0
77.0,11.0,18.0
75.0,9.0,22.0
59.0,6.0,22.0
68.0,9.0,19.0
67.0,16.0,11.0
67.0,22.0,2.0
74.0,7.0,6.0
99.0,14.0,1.0
90.0,13.0,3.0
62.0,11.0,22.0
82.0,11.0,9.0
74.0,8.0,2.0
66.0,12.0,15.0
65.0,23.0,19.0
50.0,17.0,38.0
72.0,22.0,6.0
87.0,11.0,34.0
71.0,13.0,2.0
74.0,11.0,20.0
75.0,15.0,15.0
65.0,14.0,12.0
104.0,22.0,4.0
83.0,5.0,23.0
80.0,16.0,9.0
66.0,12.0,32.0
88.0,10.0,1.0
80.0,23.0,3.0
27.0,12.0,72.0
84.0,15.0,1.0
66.0,23.0,21.0
63.0,12.0,12.0
74.0,16.0,12.0
82.0,14.0,20.0
66.0,19.0,13.0
60.0,8.0,25.0
77.0,12.0,10.0
70.0,8.0,25.0
55.0,7.0,35.0
79.0,22.0,21.0
85.0,20.0,5.0
86.0,6.0,6.0
75.0,16.0,6.0
78.0,12.0,12.0
77.0,12.0,31.0
41.0,5.0,40.0
73.0,11.0,5.0
73.0,17.0,6.0
77.0,10.0,9.0
86.0,16.0,2.0
62.0,7.0,21.0
82.0,14.0,16.0
93.0,8.0,8.0
69.0,16.0,2.0
95.0,23.0,9.0
77.0,23.0,9.0
0.0,0.0,104.0
74.0,18.0,4.0
84.0,3.0,8.0
63.0,6.0,14.0
75.0,10.0,5.0
88.0,10.0,4.0
80.0,8.0,16.0
89.0,16.0,2.0
67.0,17.0,20.0
72.0,13.0,6.0
85.0,8.0,6.0
92.0,12.0,1.0
36.0,14.0,33.0
78.0,15.0,7.0
86.0,12.0,13.0
75.0,17.0,2.0
64.0,6.0,23.0
84.0,10.0,3.0
90.0,8.0,10.0
71.0,11.0,8.0
50.0,5.0,32.0
39.0,7.0,45.0
79.0,10.0,15.0
86.0,20.0,7.0
79.0,7.0,17.0
80.0,19.0,12.0
76.0,17.0,5.0
51.0,10.0,26.0
79.0,6.0,16.0
86.0,8.0,19.0
83.0,8.0,8.0
64.0,7.0,21.0
82.0,26.0,3.0
88.0,17.0,1.0
40.0,8.0,44.0
79.0,8.0,2.0
59.0,14.0,15.0
72.0,19.0,19.0
70.0,9.0,34.0
68.0,9.0,19.0
65.0,11.0,37.0
61.0,14.0,37.0
54.0,5.0,36.0
71.0,13.0,16.0
94.0,12.0,5.0
72.0,16.0,35.0
83.0,12.0,2.0
93.0,16.0,5.0
62.0,6.0,15.0
101.0,12.0,1.0
69.0,4.0,22.0
61.0,12.0,25.0
79.0,14.0,8.0
77.0,18.0,10.0
16.0,3.0,72.0
60.0,6.0,27.0
81.0,11.0,5.0
97.0,17.0,5.0
72.0,20.0,7.0
74.0,16.0,5.0
57.0,16.0,24.0
71.0,6.0,36.0
61.0,11.0,2.0
0.0,0.0,85.0
73.0,15.0,14.0
77.0,12.0,9.0
69.0,22.0,20.0
68.0,14.0,23.0
60.0,10.0,21.0
69.0,10.0,15.0
73.0,8.0,20.0
79.0,12.0,6.0
29.0,4.0,79.0
65.0,7.0,17.0
69.0,20.0,7.0
74.0,13.0,4.0
81.0,14.0,11.0
79.0,17.0,3.0
66.0,7.0,15.0
100.0,13.0,6.0
73.0,18.0,8.0
70.0,4.0,21.0
73.0,13.0,25.0
93.0,17.0,2.0
43.0,9.0,44.0
68.0,17.0,5.0
71.0,10.0,24.0
93.0,13.0,7.0
74.0,10.0,14.0
86.0,13.0,9.0
60.0,16.0,17.0
77.0,5.0,8.0
73.0,15.0,19.0
74.0,12.0,21.0
91.0,9.0,14.0
74.0,7.0,8.0
55.0,8.0,34.0
58.0,8.0,28.0
50.0,9.0,42.0
66.0,10.0,18.0
75.0,19.0,31.0
88.0,17.0,14.0
0.0,0.0,92.0
81.0,13.0,6.0
43.0,12.0,46.0
74.0,14.0,7.0
67.0,8.0,17.0
79.0,9.0,7.0
94.0,18.0,2.0
71.0,9.0,22.0
41.0,11.0,43.0
66.0,12.0,15.0
92.0,18.0,4.0
82.0,17.0,6.0
70.0,6.0,24.0
62.0,15.0,20.0
0.0,0.0,83.0
53.0,18.0,19.0
74.0,10.0,6.0
58.0,7.0,38.0
84.0,23.0,10.0
79.0,10.0,7.0
57.0,15.0,24.0
69.0,18.0,6.0
101.0,12.0,6.0
18.0,8.0,69.0
33.0,5.0,73.0
62.0,15.0,7.0
104.0,8.0,9.0
98.0,14.0,4.0
80.0,11.0,9.0
70.0,11.0,14.0
98.0,19.0,5.0
84.0,16.0,4.0
72.0,9.0,24.0
87.0,14.0,2.0
82.0,22.0,19.0
86.0,11.0,4.0
70.0,14.0,18.0
37.0,6.0,68.0
93.0,14.0,10.0
62.0,9.0,23.0
101.0,14.0,2.0
77.0,10.0,6.0
95.0,15.0,12.0
79.0,15.0,20.0
60.0,8.0,42.0
61.0,15.0,19.0
73.0,10.0,14.0
65.0,11.0,27.0
61.0,8.0,25.0
59.0,11.0,31.0
72.0,12.0,8.0
68.0,13.0,17.0
71.0,9.0,18.0
91.0,11.0,4.0
0.0,0.0,97.0
73.0,13.0,7.0
71.0,15.0,16.0
39.0,8.0,17.0
91.0,8.0,2.0
62.0,17.0,4.0
42.0,9.0,55.0
80.0,10.0,3.0
55.0,5.0,41.0
78.0,8.0,11.0
62.0,17.0,7.0
89.0,14.0,5.0
96.0,15.0,4.0
72.0,8.0,9.0
71.0,21.0,16.0
66.0,15.0,25.0
76.0,13.0,7.0
75.0,15.0,2.0
66.0,21.0,2.0
85.0,6.0,19.0
84.0,13.0,3.0
57.0,3.0,44.0
75.0,12.0,11.0
76.0,14.0,23.0
70.0,11.0,18.0
74.0,26.0,18.0
75.0,12.0,7.0
87.0,22.0,1.0
77.0,18.0,6.0
102.0,11.0,11.0
62.0,12.0,13.0
87.0,13.0,8.0
78.0,8.0,6.0
97.0,11.0,6.0
72.0,12.0,3.0
93.0,19.0,16.0
97.0,20.0,3.0
14.0,3.0,87.0
83.0,20.0,10.0
75.0,25.0,4.0
91.0,12.0,7.0
88.0,7.0,16.0
77.0,10.0,15.0
68.0,12.0,6.0
51.0,10.0,30.0
63.0,12.0,23.0
71.0,14.0,31.0
41.0,10.0,25.0
72.0,10.0,35.0
88.0,10.0,3.0
69.0,12.0,22.0
80.0,17.0,2.0
63.0,14.0,20.0
63.0,15.0,26.0
73.0,15.0,10.0
86.0,4.0,6.0
85.0,10.0,13.0
48.0,10.0,40.0
68.0,19.0,10.0
77.0,13.0,7.0
83.0,11.0,7.0
93.0,19.0,5.0
86.0,17.0,12.0
78.0,12.0,5.0
73.0,12.0,23.0
75.0,16.0,11.0
60.0,11.0,6.0
86.0,12.0,13.0
53.0,10.0,44.0
87.0,14.0,13.0
69.0,9.0,11.0
94.0,4.0,10.0
81.0,7.0,4.0
84.0,11.0,7.0
72.0,12.0,3.0
75.0,11.0,24.0
82.0,17.0,11.0
76.0,9.0,4.0
87.0,13.0,7.0
85.0,19.0,7.0
68.0,21.0,3.0
79.0,16.0,18.0
64.0,14.0,3.0
35.0,5.0,44.0
84.0,16.0,8.0
64.0,19.0,3.0
54.0,20.0,40.0
89.0,11.0,11.0
62.0,13.0,11.0
87.0,12.0,6.0
89.0,10.0,1.0
89.0,16.0,8.0
55.0,9.0,51.0
75.0,5.0,14.0
45.0,8.0,53.0
64.0,9.0,30.0
75.0,6.0,19.0
101.0,9.0,5.0
0.0,0.0,107.0
71.0,15.0,12.0
84.0,7.0,4.0
59.0,22.0,5.0
76.0,11.0,1.0
83.0,18.0,7.0
63.0,7.0,23.0
54.0,8.0,19.0
58.0,18.0,25.0
79.0,18.0,2.0
56.0,13.0,19.0
73.0,18.0,11.0
81.0,13.0,7.0
0.0,0.0,82.0
79.0,21.0,13.0
52.0,15.0,22.0
22.0,2.0,83.0
65.0,13.0,9.0
72.0,4.0,17.0
78.0,13.0,5.0
105.0,13.0,7.0
79.0,7.0,9.0
73.0,10.0,29.0
18.0,1.0,71.0
66.0,12.0,19.0
78.0,17.0,13.0
82.0,17.0,2.0
77.0,21.0,3.0
76.0,13.0,3.0
86.0,19.0,1.0
78.0,18.0,9.0
24.0,4.0,53.0
80.0,10.0,1.0
9.0,4.0,68.0
86.0,18.0,3.0
71.0,9.0,21.0
82.0,17.0,7.0
70.0,7.0,26.0
60.0,17.0,5.0
59.0,21.0,14.0
76.0,7.0,25.0
70.0,7.0,24.0
72.0,11.0,11.0
76.0,16.0,2.0
86.0,13.0,7.0
102.0,10.0,1.0
64.0,13.0,18.0
87.0,10.0,4.0
93.0,11.0,2.0
97.0,21.0,2.0
72.0,15.0,8.0
79.0,13.0,5.0
71.0,17.0,2.0
73.0,13.0,8.0
53.0,9.0,47.0
73.0,21.0,15.0
82.0,13.0,6.0
37.0,8.0,41.0
70.0,16.0,3.0
79.0,12.0,21.0
43.0,5.0,40.0
35.0,10.0,50.0
41.0,13.0,45.0
100.0,8.0,6.0
54.0,5.0,34.0
77.0,10.0,13.0
66.0,8.0,18.0
82.0,8.0,30.0
86.0,14.0,14.0
60.0,7.0,22.0
71.0,14.0,8.0
79.0,21.0,7.0
59.0,7.0,31.0
92.0,8.0,5.0
77.0,17.0,17.0
65.0,11.0,7.0
70.0,9.0,5.0
77.0,9.0,5.0
96.0,8.0,4.0
87.0,9.0,1.0
76.0,13.0,5.0
80.0,13.0,13.0
84.0,18.0,12.0
82.0,17.0,10.0
73.0,12.0,7.0
96.0,9.0,5.0
70.0,11.0,17.0
70.0,12.0,21.0
70.0,9.0,7.0
84.0,14.0,1.0
63.0,5.0,11.0
70.0,15.0,4.0
67.0,11.0,27.0
87.0,12.0,10.0
95.0,21.0,7.0
77.0,18.0,6.0
36.0,10.0,52.0
29.0,3.0,68.0
85.0,16.0,4.0
58.0,6.0,39.0
80.0,10.0,6.0
82.0,18.0,8.0
92.0,7.0,1.0
50.0,5.0,46.0
84.0,13.0,7.0
82.0,7.0,7.0
76.0,14.0,3.0
54.0,13.0,29.0
96.0,18.0,8.0
98.0,19.0,1.0
12.0,0.0,78.0
87.0,14.0,5.0
89.0,9.0,3.0
90.0,10.0,2.0
63.0,11.0,11.0
72.0,19.0,1.0
65.0,14.0,14.0
78.0,16.0,17.0
31.0,9.0,46.0
56.0,9.0,26.0
93.0,8.0,1.0
81.0,13.0,9.0
63.0,6.0,23.0
84.0,10.0,3.0
89.0,14.0,3.0
73.0,5.0,13.0
96.0,11.0,5.0
80.0,14.0,24.0
75.0,13.0,10.0
88.0,17.0,4.0
76.0,22.0,5.0
42.0,8.0,39.0
88.0,12.0,4.0
76.0,14.0,1.0
43.0,11.0,42.0
51.0,11.0,38.0
81.0,14.0,12.0
82.0,8.0,6.0
41.0,7.0,45.0
80.0,15.0,8.0
87.0,18.0,4.0
88.0,7.0,6.0
71.0,12.0,8.0
93.0,16.0,2.0
45.0,9.0,49.0
86.0,20.0,3.0
55.0,24.0,3.0
89.0,10.0,13.0
72.0,16.0,3.0
0.0,0.0,90.0
92.0,14.0,2.0
52.0,16.0,26.0
74.0,13.0,1.0
93.0,4.0,1.0
70.0,17.0,13.0
70.0,19.0,5.0
77.0,10.0,8.0
84.0,13.0,5.0
67.0,17.0,4.0
66.0,13.0,8.0
64.0,12.0,14.0
67.0,15.0,20.0
84.0,10.0,6.0
74.0,20.0,4.0
81.0,9.0,14.0
85.0,16.0,6.0
24.0,8.0,67.0
72.0,19.0,4.0
79.0,13.0,2.0
92.0,16.0,11.0
75.0,11.0,37.0
72.0,15.0,8.0
80.0,12.0,7.0
0.0,0.0,91.0
55.0,10.0,21.0
83.0,15.0,9.0
13.0,3.0,57.0
84.0,9.0,1.0
63.0,20.0,12.0
75.0,14.0,7.0
0.0,0.0,92.0
87.0,18.0,7.0
95.0,13.0,2.0
78.0,13.0,1.0
73.0,11.0,2.0
61.0,8.0,35.0
82.0,12.0,10.0
67.0,11.0,7.0
78.0,18.0,2.0
0.0,0.0,97.0
85.0,14.0,2.0
65.0,16.0,28.0
76.0,23.0,2.0
68.0,24.0,1.0
75.0,10.0,4.0
58.0,5.0,34.0
69.0,7.0,5.0
71.0,10.0,18.0
79.0,5.0,22.0
68.0,8.0,7.0
81.0,13.0,4.0
79.0,8.0,17.0
57.0,15.0,21.0
75.0,12.0,12.0
87.0,12.0,1.0
70.0,9.0,12.0
78.0,4.0,15.0
83.0,13.0,4.0
78.0,8.0,16.0
64.0,8.0,14.0
54.0,4.0,37.0
73.0,11.0,29.0
78.0,16.0,10.0
56.0,9.0,14.0
61.0,7.0,37.0
70.0,14.0,29.0
74.0,16.0,18.0
50.0,5.0,24.0
65.0,9.0,12.0
92.0,13.0,11.0
90.0,16.0,1.0
62.0,13.0,14.0
84.0,15.0,14.0
83.0,10.0,3.0
86.0,11.0,7.0
0.0,0.0,101.0
80.0,11.0,9.0
77.0,7.0,11.0
75.0,14.0,6.0
47.0,5.0,69.0
7.0,0.0,92.0
86.0,24.0,7.0
51.0,19.0,15.0
92.0,9.0,10.0
90.0,9.0,5.0
77.0,13.0,13.0
81.0,13.0,10.0
89.0,11.0,12.0
82.0,14.0,6.0
76.0,14.0,4.0
73.0,13.0,17.0
72.0,13.0,4.0
73.0,16.0,9.0
62.0,7.0,26.0
73.0,8.0,9.0
87.0,14.0,1.0
77.0,22.0,3.0
89.0,5.0,11.0
74.0,13.0,3.0
68.0,14.0,11.0
89.0,14.0,1.0
58.0,11.0,25.0
93.0,14.0,8.0
31.0,4.0,84.0
62.0,19.0,18.0
65.0,13.0,24.0
47.0,9.0,41.0
76.0,9.0,3.0
65.0,14.0,21.0
74.0,14.0,4.0
72.0,9.0,21.0
90.0,9.0,6.0
75.0,18.0,2.0
51.0,11.0,11.0
64.0,8.0,22.0
79.0,12.0,12.0
75.0,13.0,1.0
70.0,8.0,7.0
65.0,15.0,10.0
62.0,5.0,34.0
76.0,12.0,7.0
80.0,12.0,15.0
77.0,15.0,3.0
