321215.6569118903
304395.04750295694
530469.24728915
86895.66069903548
215489.33747413888
129101.1150434841
204486.38745903687
13985.892466472584
50747.646042664215
122280.68333794898
305607.3640859263
106497.7269163668
260538.73391630902
892372.6386735735
697306.3670742108
55862.849112532465
27792.982244293726
344043.42072569585
184380.7989914685
102568.49215530258
1227124.271239451
547.7484319377315
217818.56391422762
199875.53492624918
220896.62858917203
356035.6287899105
21597.758349034088
320203.67190498597
377180.5651582644
334987.1838532716
804249.8741715314
522906.8489262864
107588.83327758449
447368.63885821245
153312.68019982235
5934.571827132451
699637.328236867
293437.1233047613
121699.3428624315
509596.27416250826
287262.208724997
297482.28892810154
695222.8777812424
297010.32445495174
580592.8356428032
33411.65786000365
443723.99113157747
836416.9650154802
110989.65867194315
909531.136832089
824696.1252780185
39686.312011936614
61742.26896938674
81819.12295081942
565894.9906373037
1716009.1451328318
256128.1426439219
586823.4579206466
2032847.1221646122
989141.1217601291
66968.46574307395
1947793.269723391
516984.55642977357
358524.57860723475
106352.85774753825
31167.067591172105
179646.71932609694
993078.9215198404
742139.5407536746
822586.7805571575
380701.5033912652
337730.416470478
223273.932534152
136084.03367446555
140076.9274465778
363732.5126164548
1372129.0077965204
903363.5694212349
2168171.2876929287
1010337.1298332057
267124.458523386
191314.3748305354
376162.3215869789
64390.685575588745
79724.86077387123
40366.797728823345
37500.67587605553
195861.5484051081
184491.30844415343
399298.7752805625
1123025.193646143
278636.1149066521
21906.98604587164
535178.9511483659
454165.41115144297
446504.1036870387
77796.43788114705
254571.20488586856
124069.79838276385
621022.8003300645
537739.253904886
878418.8841737921
120458.60046171909
151655.682314932
210084.98819869538
587109.1771872643
72427.44959707565
1635514.2088724454
204772.54323443677
1111714.3144761298
73168.73823578462
474762.9707933535
6339.810899293485
1092195.2113494442
110046.21500269958
253720.02128676084
1198740.6004805472
122885.51160148068
57908.13834176186
58495.429160603126
436153.66551265144
365748.37920120935
458598.79684286227
193982.62578227243
201849.53336128185
506576.0471555984
367746.5015424286
415435.80182801496
108487.43293333253
59728.703975884986
414037.458572998
206658.54537600695
1150812.2385033567
438102.22935737815
386723.01555499993
506136.24485285406
281134.0159562446
1125285.5181261557
33452.27250112129
1020752.6626298908
802019.4355878053
487888.484900162
782558.3929191675
21406.835922278184
384495.74071222154
956925.2242392023
495996.51105497166
38722.070546019626
164422.45398930873
130309.84917012027
283042.30722292204
329377.0429391017
14863.232403085736
39691.87519769071
1209033.2772506606
66560.24469338705
348651.11701792694
83134.49896073336
58953.44166762288
1112129.6142458064
59334.809532256186
436911.80618419393
376038.5715813278
147957.13913055256
731679.879108577
927977.3954856812
109809.58601021903
19601.597186593142
19931.812877668122
689897.5077980523
400669.1658177708
294590.2116611098
716431.0548208876
9392.096168088441
301643.32636679226
48526.49126031259
115368.55684051783
97634.66451869022
872877.637573299
201153.84506952798
269757.58454885095
251705.90011105104
1284560.2347230385
151690.89080097317
119619.36652051625
8350.08450809247
251324.41267544177
317266.25741204637
68655.14999325623
416162.3963146772
1450762.7313422118
194918.88597049608
773658.6560934855
77919.93811817568
268608.7747767699
217969.01651678217
135198.40298069856
42228.41927358591
146809.3775609768
849572.4168914044
119450.52219515452
92916.4557776254
104314.11563509963
103246.93738987602
12591.172840928613
224121.2651078383
624615.5380257786
174760.74111358047
226730.37961588035
455164.62669623765
352071.0226999014
89857.6935563617
638365.6207578363
484488.0568245817
585395.3945681452
33227.23188578948
19529.336348342455
246209.0554953829
158393.29292392626
400611.1517512884
521885.384008492
476730.0620577533
684127.1748248955
666849.661429679
349667.94228965737
42268.83592396234
13273.907726231033
312075.34440490545
279016.3529551164
300990.8503268619
24465.999946509353
18955.152405615463
205434.9392611116
631140.4545754085
329016.2103067536
134695.55776346437
674040.0496300118
620057.5626180663
199014.89353486084
157948.4660782106
294098.3793076501
188946.49743554732
1109071.4213316897
224054.48630357438
9656.979439743103
71967.19420968313
334682.2680758746
337550.10421636957
183358.99773498322
73968.9942295889
343100.31311306177
588358.0149503617
449280.90004858316
161582.54859625525
219563.12008282146
1451059.2340603913
414369.3243015365
593223.0228529536
123318.12950980933
343244.82382789755
257421.62230355476
2012398.5887140932
73428.0080489772
247961.27568892902
380283.607188581
506092.7535450751
575528.5752040832
391470.05363176385
958392.9785143851
607486.5231527421
178997.41627300685
742665.806541627
391468.36795947026
139832.96337998845
603480.8727697596
946964.4217179059
975136.0921799075
902507.7246037889
227332.7939782361
243403.41516048068
716133.0302112876
4185.541584846188
235113.54838289358
13086.230804916324
547140.9459098611
336417.6177678511
423031.0448809262
528679.1875328494
13359.91114305745
1924412.7774614212
16691.802771711602
109925.59420681346
260899.98270701518
470760.18877595366
117808.10462488772
307838.09098848415
689996.3513634879
1160762.7633440108
945655.4061564074
16525.07345635375
335680.7045713827
309932.7680748466
78994.373286777
464657.4030222664
418761.731690301
69916.01526306613
332794.07728272246
380471.90248011466
497443.1194797952
807879.7935394477
291037.2050948833
55712.905985096404
241176.75824836918
606838.0634057726
514319.28139919083
289895.2230079575
75799.34535980095
731536.1914189245
53220.381126159795
565813.5572305156
681924.6556232848
640228.4548670653
1875181.4452196357
19775.42317224697
806543.0839016779
950877.9593817005
280494.52506070264
624899.3633414789
23760.45852308125
253007.15152240943
103770.32795519414
1203920.9363569836
58207.216041449065
41529.66828274577
292668.55251316936
351144.3789393456
454267.2408754996
53041.02838317704
81551.8586552382
1134594.7383313566
163610.54225410055
239906.02220166993
349008.1663151159
39970.510587610246
423055.21369771095
96239.95584162783
411004.25240322785
263871.5880598042
6497.163629388615
333889.3583514587
1346088.8358191298
1032254.2861005455
828856.1207310123
491910.5438774622
223275.48091271173
639511.590288255
763966.9192568731
170991.3788578583
22815.986287010524
1198238.707638981
142733.89803048337
268628.0705355351
145238.82130124324
665462.075678572
825023.1229475422
543189.6287123507
59370.528471278
34613.61485743967
548426.2194068105
460249.0216954815
569211.7991421676
283428.5570509705
282477.0197428673
37781.04542420555
142284.37910417572
385169.4474615511
45960.083560043
540946.3993114816
169557.14997836298
75947.90970734206
349039.22779749223
207223.78047782864
246216.36847994698
598554.1423540978
480087.72582409816
388646.60292560543
448329.1652245504
396741.18627423665
13884.885507740053
337816.22562344116
380981.11337135616
238764.6354459537
69227.6005887002
1261137.7617310472
111100.82507040596
186554.84869253842
715718.5156073146
85202.0884227465
381700.8403712703
879294.1620878904
98506.12235410632
386760.57296923175
180148.6717012148
266272.0881680074
169930.5577765046
136574.61438862226
1815799.9151461974
168808.07811285107
220011.69996001103
177948.56350032822
212624.33414719653
1194163.4210462356
251412.3642559804
460737.73688152275
243710.21697007157
478657.2010947052
309563.6784346078
406111.71656201425
30522.554534383675
37339.33232491427
195868.35201366126
404517.6682805232
76214.36503806284
504111.24388344947
254480.44716929845
80819.52854926225
556447.2789083624
650759.7966652001
586597.2587017973
797809.3892558359
564033.8615262102
169481.45630168085
1089446.4924709827
177770.1307636783
211499.90617200758
250485.0171212252
2688.0906398971397
1039395.6642187774
299883.53959468566
149674.00811373256
519384.5951754383
736124.779167751
61447.06768309512
800193.6792049083
486598.08475006215
322775.85573239945
19819.05792787315
164237.89028884302
603596.7432379205
3343083.661415091
1272562.3084724848
95094.49776202142
23972.76662481199
54837.68111656241
126302.55090921267
91187.6828490932
2198129.919427707
180298.62570605517
739464.3382925852
465254.70799488615
189394.89678484324
309431.6513625797
629324.2464764982
76905.4408950755
303796.54452972935
146443.80414499
131267.38801454075
773450.352869664
609722.2106811339
450484.7348187063
219581.49573935207
439804.7344150129
871390.2551358347
260714.2499950417
835639.9024044495
1257390.131950792
518506.80525442393
10908.256694517782
2049514.4408337888
1109409.5430506857
415127.18955616065
579168.3070241711
178172.87569798296
134715.82781816708
525188.5589959432
314598.5992831279
41161.89407510448
33863.71626885832
298443.7607330565
413176.5545537231
340956.5619377967
323549.5869397198
96643.39226806015
696317.1808660076
4916.971277775622
489805.8690556584
247926.28201071912
356537.4161277808
662178.6290321684
528425.8609079999
85812.93970149194
44608.45110509256
438889.0339984524
122669.26798808394
90859.14864853091
408260.25870327227
499110.7890781922
244899.69240184117
745595.9410806487
114768.12122938067
101633.73050632475
39958.48260753496
49030.50032024455
9242.958198004864
25492.272818204892
1453842.3260440605
174625.09454875326
310902.6460144966
405638.07728081336
192164.53525971714
597305.2402001758
637803.1122136405
526971.7344933737
445276.7552041452
203668.88325477188
266224.5223695368
234658.33412537907
357359.07540483057
713889.838138658
417199.3693551315
152143.19334873077
612401.9873258411
458583.8963824828
38172.02588071661
238901.60705765852
179646.96986177945
333161.38090545696
779575.1184017264
102695.66347221794
204870.7723897185
1502307.738186312
122670.91081554539
90003.85045789738
581202.975656035
1258601.101346275
121224.72577048578
158186.928014617
702480.9964798212
1210782.2687813865
59936.938746976506
319616.7258435191
43711.04724900726
65582.46990073528
1264788.8116555056
347864.02521706803
23216.165889528325
39945.35310221884
495922.43308865384
2484855.54278723
83536.03491397953
30738.81897577774
117806.88151140581
15567.951124742574
975627.5511217265
188231.7508468157
443796.1796343907
187863.99288174463
181048.85469323015
350899.15161945485
241862.75552698172
236622.7743620694
1608656.712089126
486920.48667318287
478334.5352137912
26372.786946208522
594137.2986292341
288441.6239766571
176585.39463788897
84551.31425731974
162004.31142549874
492286.8703739114
358286.6635230735
190041.75376136389
1270780.8891720567
78949.13497025875
110168.87955108113
532830.9786502161
123272.90959939976
86058.74062421104
25365.251486357232
160740.07363595587
595074.1860890501
384846.2212304241
193334.57532556902
628720.390011723
55116.28201958386
756735.0074366919
93148.64889377602
78616.99864743651
105252.05360780568
667715.5235714929
614980.2593447093
351930.086900601
518512.3347607782
161193.7494077969
1678794.3299143212
125430.06888740628
60228.65461959233
6668.725572963894
249343.59499437027
8943.424381163255
440762.46837847884
409944.90571250295
344779.9958448506
80098.78543141989
240155.90861406087
83915.29670443144
522530.0410436355
480101.4395214535
219537.46488479362
507057.78126956115
148985.5284707126
1173127.110116486
6380.679428400901
95609.83243879404
23807.451790765215
268811.25741975993
256578.9375101764
376780.30183799076
1506833.8891585527
966440.8215542635
528428.271156562
19753.32741949179
416737.1677454473
237543.13749493402
1009358.638269228
327329.0752606257
169742.29780021636
520189.48390478536
1148962.944201313
83998.74832775396
442639.73623562715
46001.74342286856
491961.5931545209
764225.9180616972
199056.57264138057
236558.04103292708
766078.5419491635
418035.44976003404
116797.4340983448
257335.70935378122
219121.36964535902
118520.83169651873
933838.0388572552
365249.07568107283
312852.5899484114
1076618.6556395297
2910.6023067344054
135857.61107204427
173803.30963960788
770915.0431987566
888146.705124882
88999.79081430858
209277.50980713475
626312.4291038248
702177.975626512
2370901.7385315383
350787.1861673801
81391.45040756378
1007605.7642631325
399103.6080060754
55252.59907506963
319772.9504986107
186280.441456305
386882.70522338833
1215707.6443007202
1264974.6723765281
36461.82776845152
932179.8510449242
2933.190852221732
86128.24809696116
37623.098568262605
514796.2963227106
31523.654888112946
184074.36776606084
151333.17853709994
29253.603496762593
248437.35664772906
300784.9860117253
518108.9325703437
73742.1184616255
106045.11790641652
248300.09551741078
438962.148686141
320044.2846635485
386723.9711616429
270207.63930779905
296668.66502964013
1815399.8449875643
68433.93617876997
140147.62389825363
259508.39624213107
150929.43352892282
34415.59744372645
826380.5555025024
5728.497579005775
289994.3502119619
27702.77544046351
302467.5627587625
113167.00019563323
243905.80144204377
178048.07338963202
94043.186311873
189623.19181451265
548668.0045046131
536458.6157064583
42406.60495600914
20791.541306432184
1012669.2285121899
35553.66108148079
170940.35332215604
134704.9574781763
200224.38308947277
376087.4376042302
749138.926771473
644896.0608975383
336939.4984134228
212236.95101580376
565835.7402954997
258171.2340033284
372709.1140726322
876406.5998366915
66358.83675703079
750050.6069511888
456378.3935964959
198082.59791730982
782614.436794836
750029.7544098072
1466046.9783449643
240298.82738128814
221538.7493434683
176972.21528571067
490802.5168306507
191360.4197550214
734879.2344854065
146186.32223457188
2119.0883676639232
424355.59117363574
1447.1202437191798
245858.33223244123
156893.79581851512
664245.9404209794
961764.7850324237
494405.53182454815
273299.1261880926
312498.8064198031
1261986.195557689
206872.40306503477
7120.844343632011
1123295.2608182412
321333.86899634165
1010699.0514625738
6750.540141585811
120608.28603871554
1239991.0146287708
287876.9226326064
76864.1835967313
1023953.0776621005
124955.35387794608
205887.46490263005
547892.3159760059
241785.20323536888
417398.2509959186
56729.14836862927
246476.58200207676
493502.7244284033
1503276.4188851507
137006.2577739463
13569.387915947897
1033251.8381225737
621091.3010972309
154057.58489313576
21493.987837112
274814.0639822822
89420.63539571903
50508.10919192242
685134.7740159616
408132.06583816383
439477.5972851155
96449.46987950163
79553.93934640837
115861.10600296342
112716.51486470173
17435.396282062266
1669764.0354700992
672990.0868203137
77710.8893761281
65454.39634371063
967367.2588122814
176534.10976094153
