11.645367394976773
32.56728678657138
11.635108164013058
20.55555985619599
87.07034922146943
1.8237377549281653
28.063983084503818
43.92585500573545
62.093182628532524
25.95630964971585
25.565437153135147
1.9190547877450026
8.591588241651023
18.029894157806723
5.7878216977975665
22.40391574883364
6.248255877709383
0.35373882393997086
11.371236995339224
18.3486162354507
41.13059443299964
25.245844909647534
37.392308440862216
30.917361794395365
19.911283842140016
14.03705460030111
10.438284020820472
25.135665211560774
11.224416006773456
25.125845362527727
21.202551965536948
4.572785078521315
1.2786436043793625
8.829248561182496
51.875034087924384
15.19932306573618
14.932463409768987
27.74941663510433
21.220555559393688
22.14715356713275
108.6081823118145
33.53247160308322
18.385180173398485
18.335554763408506
13.578990689034764
78.2383685258972
12.966389602573303
44.42754533776791
24.39946438184086
12.357953701580403
1.4611644709692897
8.912956570655362
19.388494559392488
31.96075356369216
20.646714554695087
27.708795545309926
7.627671082138311
7.630726351919351
59.00356902990414
10.916665809968707
35.25107036353655
10.231767662839372
72.06095257256018
18.34192371239862
6.079931084588886
23.929183270477722
9.964508716572048
8.415917173561304
73.9043855210445
23.882698082681316
2.039549220248756
11.960529584561232
6.800500000712866
162.4684997991377
23.754769748763383
26.923923477145355
22.786428847216662
15.14228969703357
24.381878903567102
75.72829436269096
13.510356426440648
9.419291918689005
0.5447586154226198
6.316038679037213
5.2230448357422645
47.12408262199052
33.93267633582126
52.21288188087862
15.347277422138992
45.22483558024964
34.07715880676844
1.1427390343726824
17.357920641192944
1.9751133944640547
70.78440510261449
13.15191226109622
3.507237252573548
13.979455579409251
31.434499177819728
7.722111235422327
33.78547443193987
55.258458509345466
20.36836433054157
27.55645985097599
26.772827551221113
21.384329392412244
0.6021243718257073
36.28307071146234
28.97574873751701
24.649335267345577
9.800879533827807
20.522052656022463
29.64916245294593
24.830382700087323
88.11604670409311
4.541315544772524
24.69513529776326
97.02725277536412
1.5632651806959341
70.6304572458696
0.43059480169986675
2.1277147872953686
78.93370499290853
33.96852991986477
11.86739322308324
95.3116256467206
43.5404680148189
71.88286611926219
1.182926070168563
1.9161149918449232
36.636816213825725
2.4847219952467325
6.490608981361481
57.15780042251926
1.5757175904047163
73.78915913005362
56.49610383858363
38.02627645477875
113.37937564893208
7.641655760010383
6.066407614242489
11.74988559929071
14.872553982559054
14.415825096001416
18.399852932660085
6.498291911485299
25.82786501827033
4.529665977368014
33.23477267206859
0.11920379622655662
0.19527003247516886
17.882477809516836
5.1461597531069705
163.7095856862171
10.549463070914245
3.236066094170331
46.90293806130265
4.607468658568479
3.6772000666685805
24.05258970983225
62.828405991251095
144.75593727553215
33.58625767614471
57.963694575572575
22.662367336426055
17.24964229346858
0.9735251250634319
7.095090943052214
77.89861004550242
13.860071239291178
39.465097359873575
127.60454194314497
23.839468524354874
16.513068180746092
2.7742331654245587
26.44660600113524
2.651756657296605
21.59542639041401
25.2178188885146
18.450419495839352
3.1746004978418587
10.927699019297286
45.04788618609794
10.21597846704381
3.3432334031589677
4.056478366429986
54.96454421677173
0.3329350006140416
6.633724427478978
14.309408598902642
3.7409254982883318
9.780010046182106
12.484659364051428
112.39172154087609
45.69636644745455
26.009986991090305
54.511332824169294
14.335169278056092
38.282262113907784
3.4557772539397513
34.76613625536306
10.175753624605266
17.247983589322832
22.77062682316759
5.646311338170664
16.118059364937448
19.85748926308054
18.077825551744183
1.2148502438526734
0.15784066513266815
61.969514380415234
1.2724788342699795
6.994696143315911
6.550129074128839
62.29879476027976
20.765775005680627
7.961360650578185
18.230178584242786
11.09956795075398
8.019089683194732
1.3807498241128233
4.248824186233145
57.77095687259073
34.35372955333871
7.836420109429867
1.3202020933271992
71.02702746712939
2.758141363460551
14.11918172778589
9.5539573817929
2.9906452169317297
1.3920543785878228
4.899172362682775
33.73400098720642
19.84387600979125
5.903347555157045
22.39816910072691
22.713172452492344
21.718899802859408
51.63913397523897
