148007.26660440923
35371.795438283225
96415.1971222626
16225.266652842618
2478.7420366921333
19165.99476064317
5685.292455272507
4476.255541925324
10981.765753214204
60215.827527042966
53822.837734387154
616.021978271313
160943.38902423801
116819.93114362517
79779.22209820479
113586.56213635085
87734.2059463179
99414.42073667051
11593.901759132972
158795.3761909694
51604.63220555486
31763.18301560213
674.6094951184276
273685.096376487
85077.52723834802
71304.60850982158
68787.85677754122
4133.614062479836
182921.48570575324
45679.38972578161
38329.39673477216
75.30569320307583
649.0971362655904
23221.609640609604
26133.158516135256
212767.1312776559
176221.01009489596
29924.655782044436
16368.226378030802
113375.2670619497
2714.9033706034725
20750.622352953298
20622.884637014136
198571.22648353045
25565.56579515752
11069.236416114667
137480.50982777154
119293.68540736046
4762.482818241541
7622.884106935333
63139.37418436382
51258.69514767079
73460.2934257543
189528.80479259303
17797.208062886435
1473.9054189856413
104056.67277322372
55444.437388389844
69942.15129865325
34306.59487399804
12574.99265405332
167329.84720047616
146825.58172548527
363693.9239682781
66.04263122477379
15281.916862239084
22149.06710779767
105612.39392755379
10887.1220246187
30509.992299233254
53192.46256378682
109295.89146020912
