83674.0877367721
49505.84481950993
270364.5372217995
83388.82931358238
38797.76410077174
64737.233042038664
53451.72569902258
43714.49391656645
36029.36690720417
7826.221635380125
1732.234657232978
45243.39805743974
36529.94955328724
20536.5514011477
27599.29425963125
58538.88533738499
7604.800435544503
19013.08903476524
12781.64505331827
15908.982097956212
27973.8893211913
101005.99081852887
87857.5658398691
33882.89733771491
112284.22610315235
87306.1736466142
48310.12035304424
32159.310923238496
11105.350981637679
23828.541254795786
94021.31692713677
20190.953339276984
5214.871931210849
116411.30176609765
65221.04446852697
21422.496382172783
38075.265297314254
95322.15036406447
152254.74055764225
18978.069436135567
120832.83203433051
2437.155551852792
109463.1843434339
16778.59899327176
35769.50912246169
70644.87721298718
56038.98351739854
85083.00180389087
11561.049788232593
132881.68441431067
23680.171964499044
188745.1837048068
35813.941936772826
168452.87372581215
125678.82789788005
12170.044919765716
16211.192483597106
3137.3079284712867
28009.047035256208
51857.04714990272
2400.667610938669
96592.14353068582
105819.97111363492
751.5603377070072
72085.76342731774
50027.85557372829
24778.948138901156
332365.389151964
56412.612553469284
29271.519345987945
29719.881707693312
12679.417906294779
318934.4448820276
68212.47101027568
13395.453474088055
10930.695522738295
11290.685945580703
87327.41860420798
13845.087506362333
35676.871542149944
110525.16165285523
12488.526919874568
39756.75403280939
36309.843044580775
7268.16263598191
14701.40647046024
31173.62957342083
12122.580203340503
6074.765942556793
62820.775616854226
29291.744858115217
6561.766962951771
144.03968930936318
20664.631145941912
48688.330925211914
80266.87548887628
23609.3744879257
114896.07669310592
104812.60537348775
3113.8712973269676
63111.08725233564
2903.7948663542707
33383.73765653725
36266.969565565676
35162.55412819391
13723.478826472814
4657.495102463648
9615.057994439094
56727.55541904231
6409.708807107707
3700.856112160284
25022.845735111187
4353.556052564477
35772.87916755351
190485.1799831369
88578.43409643517
25120.542254941534
73611.41847494653
491.02398822876
33545.07739053386
74498.46590892179
30984.44951402236
115345.8803950283
76796.61886968755
33922.75960619825
41622.76057764164
26939.260543944558
80726.5798446776
52637.99357588648
27243.534962611364
17535.773837366574
2445.17714671166
138173.7035973775
1495.1887928939154
51003.90081413288
27126.984029323034
26068.862993840867
38277.24908095507
6290.344210642571
30136.029831648146
130735.12863146258
15970.278683133845
6236.684192208061
148359.71731670346
24084.90257394748
102514.18099828181
8280.973406443169
222856.70595933349
61521.77650771642
29198.130905545884
7871.789465827834
59077.16893308735
107607.93893958325
22534.010490614448
14591.741446778775
4248.635457125072
99665.1292715608
24270.209116632246
6479.40811184569
111465.43162233575
42157.120917781394
50022.12046231366
37383.714250617595
13009.658214290355
104211.82356409337
18649.08487686568
132121.1272162073
54878.54916175759
37032.18684156223
32924.75333385462
35122.70906026914
48188.523558210974
14692.239859221318
229115.8501884365
151765.940793381
72513.27696456393
84265.13571468918
76835.22620248044
8789.899072989952
63186.02834951092
51342.88120588402
186818.7745196047
1445.0597766521178
17169.073109510642
53298.580098659586
54898.76769290986
3241.3735708665527
19910.472211738277
56181.076870841585
14555.642602322025
58565.497579529874
16610.538305585334
121987.35698926455
64681.55030617978
92986.69157235016
20492.422553662684
4005.043097686377
44706.675586871424
148779.92471258974
12531.176881194764
109721.51221301334
22118.44264181011
40962.80545151365
117053.10235475875
40967.75835575904
26843.844970589213
14971.577556735569
74512.44619650352
151914.25813953928
24417.91265526293
86749.33017390901
9119.683094986245
56140.03445681782
17883.201932374763
41082.70443916917
48489.05799028134
51721.096920800184
226715.1159955804
14530.061041573868
45790.91368588933
32983.67477825239
10544.968478887098
24578.832393105353
61950.73431038636
17662.728600878785
9814.45037965511
131954.6639990442
50816.78430552466
107041.88837419603
52400.690380058135
14897.123898377566
38503.64807482384
57006.83190329131
24857.162654773132
2433.2942752270437
101592.97591402367
16195.233776249925
69289.41280294371
13980.386586650227
105515.38524397607
269.05751314725
13907.454534919721
52861.11502698325
30390.439922264457
24074.046766699823
25465.69739204604
20392.618441769897
18116.025727921235
10093.21539639379
72994.08065632517
13212.449685195397
29970.393994482867
70096.02733415156
82154.97999188465
4521.791425752262
23428.741200837656
81973.05763105564
163474.4760790762
18553.724593835785
5105.148706589533
63511.54429382256
110837.31592750408
21773.519275783885
43052.37755655935
36869.20052659798
7520.643134346919
26972.23722854452
15771.736766064334
119144.8390558192
24051.190314540134
8827.626583434012
156374.77434169254
35424.67058892099
85382.05666206748
41764.338479811326
185035.73259184515
15140.227776771098
7824.327598275421
90578.18474272951
74630.39769310468
77050.85608960548
45591.79844981401
73734.03475751067
32059.99086695745
63839.94233255579
2801.8077638473474
9365.112560689548
53491.63349637498
11938.016045770213
27222.917508086855
145622.7919411251
8268.73494221983
13757.899415694757
39331.81487077061
78984.77943884824
59203.47968015911
61266.11475877913
16519.984384436266
31886.133630642227
11645.383845147791
174757.14676591725
39714.22561225706
13886.646298644795
166839.60995266502
70691.93314644751
3519.7160265263824
47406.591393929586
30683.713632210656
8386.86989243269
174554.2156716741
34556.45722950988
13891.595751566902
4011.3710422670038
57580.66013174609
16736.945733820023
16531.709755991014
10375.628810063761
964.5455245625637
10958.919326998644
70068.06579955916
45838.09474545972
15998.307306714878
2578.4979986024873
14894.993922637022
38977.24337991229
19501.056702009835
72764.69868864547
30269.54311804499
3536.488708530716
122049.7019596567
97328.11977162518
55072.487560457
8328.329971682442
285.77808962592445
41745.72501110827
76859.74490644458
1031.7120190910762
71449.72226650985
60896.99089866691
64168.62056037922
42065.25380730343
3161.2416262246734
28542.492347567775
29795.778165852153
71288.21798499518
118777.1923121143
92718.21901147273
20180.97919081827
2373.185222417506
667.7602874835028
7281.508527273196
208409.46211768116
3545.1024722360567
11849.623921870998
35299.821755509816
54592.203743712795
7101.576311386609
35593.375951001755
36006.026352010645
40494.94511836375
742.9224096900001
11506.012958406445
53554.54359933767
56839.161432148474
2359.396109596566
57508.46477429646
3212.5119153977557
47907.351051164354
118130.60187212442
28540.483834189614
77141.55268443655
62390.011645744904
73896.65049014016
64390.98525460458
4057.233940762381
107311.6862571174
16195.054214676828
15120.554065198223
33641.57982307305
38970.92782004362
110.79570174045497
5160.983725945201
35875.59955539517
67604.937199167
28472.839900284653
19636.05101588885
130645.15802820436
123804.2483794107
25072.69028957876
41021.83813068497
14650.573871685083
30098.605989664222
73200.66937133636
154444.14192966121
126348.79385976316
65805.75094227698
23193.116105174526
50381.709330858976
23253.896561424965
43325.77017142042
49248.96275303073
18009.43457565616
18301.750179879895
114597.25564956205
102299.22715175305
49091.957709152695
109818.36996208703
4234.00065685402
40940.094304663835
33465.27413886845
71133.1811823861
9920.999513117973
86826.38575286503
119156.81163473657
36893.599692574346
64696.306992848986
41239.60437593007
149701.09499738435
49918.42910441406
5474.197325202778
69949.4553361106
15722.897945346805
8094.968191763006
52143.00098833816
17156.421465544714
170.493470754018
62318.30467385841
21778.43945223093
122682.28470779026
11657.058174397549
198332.2629933438
8794.663035806227
10410.276076657648
43394.470925438814
23000.616079363856
150736.71796950215
54586.73094035273
1790.6760784962041
126013.08160460251
7857.9949783123
10548.903507954841
142691.76135062447
100009.64394659053
38353.80328428776
13769.849305309963
64452.24454487697
8579.06262995827
70554.86136410506
78328.09698602326
23667.97864069273
28737.226928926208
59732.14957643692
8698.22549543921
125938.56540085615
46288.38528064511
64559.53601595674
72873.19176799191
39681.120350904675
31025.701716547046
177592.35619129564
14141.633814322564
69674.42462248843
131594.0910507333
10578.14358801417
115448.05251485531
96728.508918092
5363.244100840321
25435.33806515544
76398.99419387925
3706.7636084335195
15455.526164640401
16974.88818025343
16812.276094636996
11303.51928798843
94467.29748163787
6139.9084535399
33647.14898314003
64824.81587457356
30541.936741413294
3604.3958744565234
28251.641480533766
47727.56554907116
7456.100071459387
7387.353247029398
26716.775222432414
4945.447058154308
2719.1963854235396
1700.6540003007815
5825.803466159532
2995.2886821566344
7506.839905638313
36011.18142639561
50811.61655331581
29734.966064375607
29682.224487139727
51921.23642699348
92180.76451623515
92417.6296934681
4309.966674542932
6655.259214092548
132686.1038372349
15634.39140364812
18956.577972716797
82390.74766502583
53123.00716332047
9140.903101355909
68615.55605750669
4282.530630752596
94155.40159113104
24166.583782665082
34561.18979758825
144574.09055469048
208413.7738120697
7228.906873016107
11698.080933036243
95846.49618491545
45675.51310986504
51561.858617361
15190.665396601582
10232.53959444394
119618.71546266673
3632.2687534677275
2643.4166261967666
80875.80218782637
549.3445874745653
9852.29687890689
32335.155116981197
56629.71683661839
57836.755328702966
51409.20353200448
172412.82184341055
91790.62861883614
52068.6941991289
38491.79348256551
228227.26329583375
25964.2951884329
2332.7103161702566
64936.35501278269
48440.7157758525
1447.3708679273382
172978.11468833135
18519.65268890575
96129.10039944827
25748.887391176944
29836.187441366867
92774.95365834021
23047.364059565
62253.73614820712
9089.701581438103
87190.5342712972
16299.451376753696
101176.97567976409
120681.57086662522
46253.617586824796
73147.78422472242
76555.87077642346
58728.17606555436
92774.51514565325
7650.304229907003
81269.51578435217
11742.783487215569
49436.21080189132
8907.51781321216
86164.87242320608
22457.609482693253
49871.33188837007
19442.609207346028
128357.14464859125
57128.43384566223
91860.99972731712
42735.125920004655
26647.355710489726
11684.834660974091
183023.3662109755
111069.80335390281
24102.555608095485
95622.04929495217
64471.66736374722
14629.805054331055
91430.18415081101
17253.908505136915
73864.31507412861
25750.287705050217
31774.691431758944
79741.44596083401
93439.60236208024
76011.11325906796
15726.43972027362
70546.99985164622
2621.9286804137873
38342.4752218889
21544.136343553284
111915.74494675055
71381.94610909709
20104.743345351202
3308.273646643983
28631.532743363754
36426.90114984084
14222.49026470947
58241.35504829868
88660.14968343804
244353.65481937968
23149.625986548574
56838.059761210185
49440.73809270074
30716.907205897543
9400.555368091063
58102.416767724055
26375.495109837448
9012.353004419412
77122.74045398347
11128.428415172097
9872.313849757675
93746.36164111018
61919.5140384609
28057.119101656845
54687.791955378525
13546.563644465907
9963.190866282355
221909.51976839302
80943.1666959405
103568.44055839353
30289.53864507256
17457.383278387762
981.1839212881931
27174.588819391312
89287.8940342425
12611.882635345773
168475.0738413339
88006.62837890329
83673.00682864667
69049.10208803296
2951.1745511211984
97822.91500388319
15814.447663303448
15017.421303949848
5669.402919874624
23532.208272532127
66408.87275261484
103842.42017465911
1976.632713925273
12918.770940124597
95138.00883837759
29610.793659491294
2309.8194460758423
8812.198424891363
993.4512965411808
35989.087858977495
5476.186178283286
8157.598194925999
22843.357024137025
20869.249950499023
20238.83779216797
59840.907769391924
35516.27669597944
44732.29677186581
113458.27749125361
29099.74680665986
31333.82201206909
93662.39516954709
7367.398404964269
24321.43514006289
137740.56709598412
57593.93747193175
41017.2236507761
44610.39564993797
55955.577056403024
17721.111728399654
5716.5283604980405
146612.9291927823
59323.345861250986
77990.75540745679
76241.4358017296
217702.1294401895
29187.824505814053
43990.91466197221
24181.714559199285
98911.59761524046
109798.1376081152
4558.365226711484
21233.22505428333
9296.808837649323
63710.213565346545
3474.6602983233647
26229.5182689429
29035.91170600622
15821.163248262086
2455.8023027500003
133109.1189855073
123319.54532952649
36127.32760435214
20963.273995433196
48125.345396687306
30368.844722217247
13704.020064516451
2627.422267222641
11728.68617148352
48099.66462848311
914.4925441938059
118850.71833157359
5878.733267361566
3791.4286513017223
558.1470496210068
17992.360715730545
118936.50017379365
38590.0226589108
25506.82994964776
38747.510112240954
28860.983336540852
102206.16771149333
9657.742990055787
43395.59901867638
118117.08617718217
15328.568360683525
49959.676787068005
7789.200172076722
1245.5717815625555
36928.54102627244
50662.27878413764
28251.874677732234
42437.832086592745
56913.89015333697
2282.3967580627877
144214.74633652822
33764.6021734154
94119.44346726272
14655.01801608828
78106.42894065253
11581.339322193351
79736.00961338909
54819.18080707899
22586.728905352607
5497.74014571718
60421.000822131005
56016.734641767056
18104.97318270439
3415.1123877240916
22525.130715717
91155.3668720725
31468.079358850413
2455.8317435317526
29023.863800409927
104531.68615867374
12471.74826585799
55250.99217295155
35886.33199516882
3538.869979263656
85444.90479670864
1699.6428658956622
19750.48892368974
8706.502887963205
21606.613114930347
24572.034032141306
23179.997777191165
25400.60142926868
96858.9394473347
11669.642599750528
1788.1836463296577
14206.169451020223
62814.55664931601
14846.001804618412
2710.6479279871146
877.0871485764748
44697.5587387135
34891.436889534605
31743.937327644755
25079.488361962765
14912.993653018915
26314.621369068926
16402.86748866433
1914.7678713085327
8246.022470515696
126552.97847576611
78865.93315948996
29795.114182436064
399605.5760580723
1162.9887691447032
133391.09732431045
64213.98527563788
18945.721210214906
24574.13432637465
711.3485833042189
32626.806338574417
89304.57203560448
14537.204789252213
134796.3764175965
14301.645800955981
11560.860812523582
62184.01260861759
157653.5071383182
22322.725201854086
24673.30784568475
124910.97492215763
16353.635417623169
6364.15791085124
16227.436314437104
63473.81133867985
20515.702168058237
103978.61043166103
17646.806910704727
