20317.66251147137
30385.921706633097
44922.575306477855
74061.56103371545
42120.33293671756
8744.169201875458
1788.1385927150582
14988.445748210725
61291.288309991905
64498.346456805724
29061.129401443013
83700.34936435104
17240.985928654696
818.2535306101988
5387.155227386237
18779.772695408356
75733.08581968334
28726.028227493713
24100.73063145743
22232.744523852063
14373.600196325882
10084.9884886958
15876.642839471768
1920.1481280383637
10753.387933269674
326.42399349405025
64880.06981609369
11885.256079019568
5834.288402352275
10493.137135505518
22822.91518447564
15602.631354416106
7710.810484553216
26460.816304346892
107346.74999331865
5945.475416461188
21149.139242471192
13948.685224169656
25774.37296654199
61667.77509463144
32074.19235162296
21096.434054723013
15969.539568684708
28410.7411244453
10906.97775315156
13581.975102281516
20653.476668020438
33675.79886255436
33540.2962304087
3323.855588141355
5140.450382575656
36010.31331752767
16466.071388392615
21656.86606489362
131418.44092936072
20551.678660542642
95410.34585348987
59173.53886965939
4336.316617986295
42073.9387617158
91199.33177770438
20902.91860155651
93206.54038698266
3867.0849956766747
5550.5926473985655
7605.418667909139
27676.886411612384
930.1032551611414
34812.5069213845
20845.84113948686
656.5301981285209
5326.044938570505
