100225.3155930864
47401.62491578391
7243.638903747765
103864.72638141378
100419.30159107185
12145.944805138664
6346.459188364244
32240.93785450513
1736.449697833462
64323.474269551865
34489.322050408846
109331.99679333677
11774.06109405276
60390.27660044384
35014.71820809474
49237.99952887221
99122.37678806236
81228.22101984608
19330.531960357734
75963.23251461757
59519.34156307084
133070.23989975688
87714.41916239822
80.03586182151376
84901.15431352127
130035.84987438192
5862.1327364331555
77164.55309923433
58850.85061530307
36333.897209726165
12327.691206620442
76791.76994260041
113366.06551381966
16991.074088365986
73627.91273779725
31329.882393364078
4659.113738931616
27678.007991266433
17493.431918311315
23077.61673817669
12379.034682932523
202245.07669322332
47693.20419573201
41989.26626502808
71599.14456866174
14127.474344507755
28268.048381703004
38681.45797523769
148588.76783082288
120749.02472920886
51.836639034160015
27281.57012747719
96548.37836571275
130599.69902902172
19818.896512498664
19149.45595199328
30865.047946705356
72691.95974403055
103403.06764629073
23971.15891064436
131971.53206452125
157530.41120243672
9359.088702395324
125610.81234217675
29193.76472879437
73015.97010801597
24663.135788774012
178135.18476160313
338291.2192721724
53292.26000652374
31572.126737532926
7698.036195249786
1209.1187777013981
80696.6727433513
65181.774517334685
27319.390667882682
1774.4382766370863
3263.37888921214
2132.738999259824
9859.553585033742
68031.81332274784
20351.578124440308
42463.471538331665
35015.12304150566
37376.93438945032
61179.09299932982
4238.00080747956
5032.943777857962
122393.00326647183
42878.60519276303
14690.627661981485
164632.51656324134
103636.57948756732
19050.588323156004
120327.7806947971
34348.920296309785
52191.15598016142
1634.9011336257502
16666.296342977977
26310.84890517589
49524.79379784111
15957.761059179951
13696.846341427716
228006.7174958841
59550.757827389
75040.53930742212
60056.72551660985
181083.89076453334
30650.744109461717
89632.15673108379
22567.993047933163
27669.356880306645
88575.25245458169
86742.59332815302
27925.800158984115
84061.73263823081
29850.74070066187
81655.8037496298
57366.38904825738
33198.17368841889
51736.743749783476
23702.04631305212
160177.8199953884
12977.400109601997
58755.41270790981
59206.46997159709
13880.915737324167
30190.715099108656
3370.959856670778
165481.2538474235
58426.770487176
13383.825198980487
42445.678457087146
106025.75081811173
34805.378222102954
53768.87925281243
45389.80281361868
155851.896886925
48876.74728504003
55695.075888882144
138890.6420734706
70770.57493318336
22547.295189123677
30961.75904727071
11030.061320069759
197073.85225824182
378463.8191338287
223667.55758142445
123196.52196006839
162281.77980917858
42452.735869062046
106007.03422252492
210817.8641855361
755.4752595390044
1276.5439153523266
37992.94341729666
72467.58527345066
48442.596171516496
29720.74535040184
11600.253001908404
103383.43111838339
212706.75888946332
70337.8121262665
101152.13542457497
241363.36490732187
263320.0410725344
125343.80566768968
96051.80989456423
110449.64800433384
147039.77248578513
99669.37291729111
35210.998282048626
1593.7082960030161
13340.452044054671
90852.65714742789
86061.49847455695
18807.015826965446
240213.94105161217
129872.45676965143
51129.22110068702
224072.95222253018
182727.85133115962
54244.58265422194
35067.2547977833
59869.83812769473
95459.14747994514
84087.1522083902
56618.821612583655
103630.29554429742
29204.486064687087
29285.661147146784
42617.667905538976
81380.43142152687
202771.58748587177
34139.18684534786
14600.288134099548
18033.32701076559
25914.87261945561
20665.696477398906
145790.3990284508
268661.315356076
173772.26288186279
97437.49441530633
32935.81120471144
38676.03309751015
40740.67636952882
95011.84738470711
52948.10656998614
48232.076777204784
50030.94563070036
51928.43817091837
4571.771084245689
127323.22543046
9243.064807418981
69076.68327592424
5619.437198451379
14785.327865460235
31625.523193327615
51843.58799284661
37153.57283865563
161371.2022278434
97031.95153165431
158185.35890555146
63693.01792968587
27225.719392499486
8101.975650868743
6484.061690306934
36726.38938572973
281916.18955444
94255.30117076337
37074.75763018785
2336.9484598416993
56486.27570446198
12553.010840973615
22607.73693828034
216266.69200139408
274146.24396070413
7407.3601168960395
3021.7765139594635
53150.66783231179
