3.200000000000000000e+01 1.305291629315448692e+06
5.800000000000000000e+01 8.214459406269870233e+05
1.070000000000000000e+02 4.535907926420500735e+05
1.960000000000000000e+02 2.476981738042511279e+05
3.590000000000000000e+02 1.352415742222240660e+05
6.580000000000000000e+02 7.379484326966349909e+04
1.205000000000000000e+03 4.030428928121860372e+04
2.206000000000000000e+03 2.202372909635189353e+04
4.039000000000000000e+03 1.203681795125535973e+04
7.395000000000000000e+03 6.582275170401120704e+03
1.353900000000000000e+04 3.603237188579969825e+03
6.309500000000000000e+04 7.841392585182995845e+02
3.414540000000000000e+05 1.563868879132866141e+02
1.847849000000000000e+06 3.846544243457349666e+01
1.000000000000000000e+07 1.304585508681854833e+01
