3.200000000000000000e+01 3.649820423206984560e+04
5.800000000000000000e+01 3.452362348962801480e+04
1.070000000000000000e+02 3.401622762715333374e+04
1.960000000000000000e+02 4.223522144604597270e+04
3.590000000000000000e+02 8.438956642842876317e+04
6.580000000000000000e+02 3.710998040454392321e+05
1.205000000000000000e+03 7.330788836142706685e+06
2.206000000000000000e+03 2.204100048206893444e+09
4.039000000000000000e+03 9.491089946385929688e+13
7.395000000000000000e+03 3.570214636645860036e+22
1.353900000000000000e+04 2.209741655654169527e+38
