3.200000000000000000e+01 6.154555158600423965e+02
5.800000000000000000e+01 3.395616639227820315e+02
1.070000000000000000e+02 1.840614626871154940e+02
1.960000000000000000e+02 1.004825332016395834e+02
3.590000000000000000e+02 5.485954458919597698e+01
6.580000000000000000e+02 2.993096733665859688e+01
1.205000000000000000e+03 1.634404689420859569e+01
2.206000000000000000e+03 8.927731871043226519e+00
4.039000000000000000e+03 4.876102131102093118e+00
7.395000000000000000e+03 2.663228736649270623e+00
1.353900000000000000e+04 1.454655181883547810e+00
6.309500000000000000e+04 3.121416357480205073e-01
3.414540000000000000e+05 5.767856433815786443e-02
1.847849000000000000e+06 1.065810924351576205e-02
1.000000000000000000e+07 1.969457650752135750e-03
