3.200000000000000000e+01 -1.692427132674449552e+00
5.800000000000000000e+01 -9.335401445676668741e-01
1.070000000000000000e+02 -5.317833669732980884e-01
1.960000000000000000e+02 -3.164557991525583369e-01
3.590000000000000000e+02 -1.992075791792235484e-01
6.580000000000000000e+02 -9.661881353667910177e-02
1.205000000000000000e+03 -2.820757517108991516e-02
2.206000000000000000e+03 -8.108882465179384144e-03
4.039000000000000000e+03 -1.187171236307138944e+00
7.395000000000000000e+03 -7.245291469438994270e+00
1.353900000000000000e+04 9.520205300530139025e-01
6.309500000000000000e+04 1.474629082188820203e-02
3.414540000000000000e+05 nan
1.847849000000000000e+06 nan
1.000000000000000000e+07 nan
