3.200000000000000000e+01 2.669524387602895513e+04
5.800000000000000000e+01 1.472841041436080013e+04
1.070000000000000000e+02 7.983624336756321100e+03
1.960000000000000000e+02 4.358407163433298592e+03
3.590000000000000000e+02 2.379520345495616766e+03
6.580000000000000000e+02 1.298248942299280316e+03
1.205000000000000000e+03 7.089193394464118683e+02
2.206000000000000000e+03 3.872383517828315576e+02
4.039000000000000000e+03 2.114998276882709547e+02
7.395000000000000000e+03 1.155169444263592027e+02
1.353900000000000000e+04 6.309533968778538338e+01
