3.200000000000000000e+01 1.420003549886837136e+05
5.800000000000000000e+01 2.894545188417256577e+05
1.070000000000000000e+02 1.230880983509889105e+06
1.960000000000000000e+02 2.061664221123775840e+07
3.590000000000000000e+02 4.576576135186831474e+09
6.580000000000000000e+02 1.185405546469947656e+14
1.205000000000000000e+03 1.807399818573694737e+22
2.206000000000000000e+03 2.194078578196160147e+37
4.039000000000000000e+03 1.180539414010598142e+65
7.395000000000000000e+03 8.973836921430182551e+115
1.353900000000000000e+04 1.630569657568212087e+209
