3.200000000000000000e+01 1.180351636754676729e+05
5.800000000000000000e+01 2.054987575242684397e+05
1.070000000000000000e+02 5.719414750810234109e+05
1.960000000000000000e+02 4.177819294222337659e+06
3.590000000000000000e+02 1.738576585682234168e+08
6.580000000000000000e+02 1.897991132969610901e+11
1.205000000000000000e+03 8.024929511605185600e+16
2.206000000000000000e+03 2.073184569695926798e+27
4.039000000000000000e+03 3.370477311597308684e+46
7.395000000000000000e+03 6.353241899638810356e+81
1.353900000000000000e+04 3.006904270316203454e+146
6.309500000000000000e+04 inf
3.414540000000000000e+05 inf
1.847849000000000000e+06 inf
1.000000000000000000e+07 inf
