3.200000000000000000e+01 3.991222547932209272e+04
5.800000000000000000e+01 2.670734316115201727e+04
1.070000000000000000e+02 1.455560820698833231e+04
1.960000000000000000e+02 7.188910098909944281e+03
3.590000000000000000e+02 3.702900019000179327e+03
6.580000000000000000e+02 2.013822148355466425e+03
1.205000000000000000e+03 1.142325174783474267e+03
2.206000000000000000e+03 6.836897698991461994e+02
4.039000000000000000e+03 4.426493492955481770e+02
7.395000000000000000e+03 3.184229762501068421e+02
1.353900000000000000e+04 2.572239648792773892e+02
