3.200000000000000000e+01 1.547123759288828587e+05
5.800000000000000000e+01 2.666690290473212954e+05
1.070000000000000000e+02 3.504537930009794654e+05
1.960000000000000000e+02 2.362915539799196704e+05
3.590000000000000000e+02 1.328264230627189390e+05
6.580000000000000000e+02 7.423856816573040851e+04
1.205000000000000000e+03 4.074500933185468602e+04
2.206000000000000000e+03 2.247503201051993165e+04
4.039000000000000000e+03 1.229392235728137712e+04
7.395000000000000000e+03 6.749899608966873529e+03
