3.200000000000000000e+01 3.587198456350538618e+04
5.800000000000000000e+01 3.341259281548183208e+04
1.070000000000000000e+02 3.374064080345832917e+04
1.960000000000000000e+02 4.406169127908657538e+04
3.590000000000000000e+02 9.416076560003672785e+04
6.580000000000000000e+02 4.797873651385783451e+05
1.205000000000000000e+03 1.203125508381783403e+07
2.206000000000000000e+03 5.604282055436484337e+09
4.039000000000000000e+03 5.419379227164686250e+14
7.395000000000000000e+03 -4.290087512284677600e+16
