3.200000000000000000e+01 6.137121285563476704e+04
5.800000000000000000e+01 1.003440385264196520e+05
1.070000000000000000e+02 2.548246450441328052e+05
1.960000000000000000e+02 1.688798435391663574e+06
3.590000000000000000e+02 6.612065945802800357e+07
6.580000000000000000e+02 7.274891722397589111e+10
1.205000000000000000e+03 3.294328159090321200e+16
2.206000000000000000e+03 9.167443655381702910e+26
4.039000000000000000e+03 1.558974700112877551e+46
7.395000000000000000e+03 3.018756105392611350e+81
1.353900000000000000e+04 1.455535666541905282e+146
6.309500000000000000e+04 inf
3.414540000000000000e+05 inf
1.847849000000000000e+06 inf
1.000000000000000000e+07 inf
