3.200000000000000711e+01 6.617333374415831640e+05
3.942001252859525806e+01 4.677595940188626992e+05
4.856054336733148347e+01 3.302179004318033112e+05
5.982053837298750665e+01 2.318139957409872150e+05
7.369144912907751177e+01 1.615149384765259456e+05
9.077868274745551957e+01 1.119301760556874360e+05
1.118280253510647526e+02 7.632839141006561113e+04
1.377581925120949222e+02 5.122710665423598402e+04
1.697009273357319046e+02 3.356428912314010086e+04
2.090503963027746295e+02 2.130571846310143519e+04
2.575240387925991854e+02 1.298831566183024552e+04
3.172375261130848116e+02 7.495205086298259630e+03
3.907971016849491548e+02 4.012125686819823386e+03
4.814133326424812367e+02 1.944622780193810058e+03
5.930412376312316383e+02 8.297698448846056181e+02
7.305529067936498677e+02 3.040080811118583597e+02
8.999501480814794832e+02 9.811156898495605105e+01
1.108626441015096589e+03 3.676279524114827524e+01
1.365689631073346618e+03 2.606292454246866797e+01
1.682359448971372558e+03 2.115698789764259757e+01
2.072457204876631749e+03 1.717461688358037719e+01
2.553009030662945861e+03 1.394184590570339921e+01
3.144988999198440524e+03 1.131757806162237934e+01
3.874234554709280019e+03 9.187275060077748634e+00
4.772574208917386386e+03 7.457958104635964425e+00
5.879216722161682810e+03 6.054149758963953687e+00
7.242462401435644097e+03 4.914579673111787450e+00
8.921811206327280161e+03 3.989510389564088211e+00
1.099055967284946018e+04 3.238566511703750983e+00
1.353900000000000364e+04 2.628972486991061785e+00
