3.200000000000000000e+01 1.946000990278154495e+04
5.800000000000000000e+01 2.178742856590797965e+04
1.070000000000000000e+02 2.637786415361021864e+04
1.960000000000000000e+02 3.852331821409756230e+04
3.590000000000000000e+02 8.304242151765878953e+04
6.580000000000000000e+02 3.735078788558687665e+05
1.205000000000000000e+03 7.447997744727663696e+06
2.206000000000000000e+03 2.269876190312368393e+09
4.039000000000000000e+03 9.999221652269175000e+13
7.395000000000000000e+03 3.894571165895584907e+22
1.353900000000000000e+04 2.517624360961919739e+38
6.309500000000000000e+04 1.616387989546658191e+166
3.414540000000000000e+05 inf
1.847849000000000000e+06 inf
1.000000000000000000e+07 inf
