3.200000000000000000e+01 4.251304938806632708e+04
5.800000000000000000e+01 4.881023460160840477e+04
1.070000000000000000e+02 6.716356359672776307e+04
1.960000000000000000e+02 1.399323202162298549e+05
3.590000000000000000e+02 7.090132493943275185e+05
6.580000000000000000e+02 1.883548522978760675e+07
1.205000000000000000e+03 9.868543090596040726e+09
2.206000000000000000e+03 1.201404022708441500e+15
4.039000000000000000e+03 3.170270599794334049e+24
7.395000000000000000e+03 7.238882808463545603e+41
1.353900000000000000e+04 5.597716539514348647e+73
