3.200000000000000000e+01 1.945549272387542806e+04
5.800000000000000000e+01 2.177668589362263447e+04
1.070000000000000000e+02 2.635054010605843359e+04
1.960000000000000000e+02 3.844193779890527367e+04
3.590000000000000000e+02 8.269103980563151708e+04
6.580000000000000000e+02 3.704167595450180233e+05
1.205000000000000000e+03 7.330562673067705706e+06
2.206000000000000000e+03 2.204099999702338219e+09
4.039000000000000000e+03 9.491089946385481250e+13
7.395000000000000000e+03 3.570214636645860036e+22
1.353900000000000000e+04 2.209741655654169527e+38
