3.200000000000000000e+01 3.509563999076359323e+04
5.800000000000000000e+01 2.494119535855391950e+04
1.070000000000000000e+02 1.368429820062440194e+04
1.960000000000000000e+02 6.093812338212167560e+03
3.590000000000000000e+02 2.885247689715902652e+03
6.580000000000000000e+02 1.533805443149579332e+03
1.205000000000000000e+03 8.493830926951760603e+02
2.206000000000000000e+03 4.858593703006006308e+02
4.039000000000000000e+03 2.897141631130623409e+02
7.395000000000000000e+03 1.826712542298719768e+02
