3.200000000000000000e+01 3.103797217382911549e+04
5.800000000000000000e+01 2.109645632154998748e+04
1.070000000000000000e+02 1.166855482509672402e+04
1.960000000000000000e+02 5.766734566516469386e+03
3.590000000000000000e+02 2.964227807606658644e+03
6.580000000000000000e+02 1.626666585970536289e+03
1.205000000000000000e+03 9.425063817460373912e+02
2.206000000000000000e+03 5.849681714890722333e+02
4.039000000000000000e+03 3.986113643699353020e+02
7.395000000000000000e+03 3.036330813422509323e+02
