3.200000000000000000e+01 3.072359824383715750e+04
5.800000000000000000e+01 2.035262990102727417e+04
1.070000000000000000e+02 1.098653317885388424e+04
1.960000000000000000e+02 5.465583351641957961e+03
3.590000000000000000e+02 2.832647188481907961e+03
6.580000000000000000e+02 1.530399446179400002e+03
1.205000000000000000e+03 8.508451652214582737e+02
2.206000000000000000e+03 4.875320179139971515e+02
4.039000000000000000e+03 2.908012173442940593e+02
7.395000000000000000e+03 1.832532503238452364e+02
