3.200000000000000000e+01 3.137117271217625588e+06
5.800000000000000000e+01 1.267306010921763722e+06
1.070000000000000000e+02 5.573758394734378671e+05
1.960000000000000000e+02 2.767625804630155908e+05
3.590000000000000000e+02 1.493529767499775044e+05
6.580000000000000000e+02 9.050903054234726005e+04
1.205000000000000000e+03 6.635426260789889784e+04
2.206000000000000000e+03 5.216526913039573992e+04
4.039000000000000000e+03 1.722496370565810867e+04
7.395000000000000000e+03 1.060629924685167498e+04
1.353900000000000000e+04 6.193819342270059678e+03
6.309500000000000000e+04 1.336255130170851999e+03
3.414540000000000000e+05 4.380928843636000920e+02
1.847849000000000000e+06 2.306407938678256642e+02
1.000000000000000000e+07 4.450286138917550716e+01
