3.200000000000000000e+01 1.184742540902436740e+05
5.800000000000000000e+01 1.763644462299671723e+05
1.070000000000000000e+02 2.556826522936715046e+05
1.960000000000000000e+02 2.197798601322483155e+05
3.590000000000000000e+02 1.297741976653154416e+05
6.580000000000000000e+02 7.249770827543108317e+04
1.205000000000000000e+03 4.006008038312891586e+04
2.206000000000000000e+03 2.199015844988731988e+04
4.039000000000000000e+03 1.204920093973648909e+04
7.395000000000000000e+03 6.623053519575324572e+03
