3.200000000000000000e+01 9.231958737944833047e+03
5.800000000000000000e+01 1.038317749153650220e+04
1.070000000000000000e+02 1.266530942785908883e+04
1.960000000000000000e+02 1.869213867884142383e+04
3.590000000000000000e+02 4.075692056169831631e+04
6.580000000000000000e+02 1.845713641456523328e+05
1.205000000000000000e+03 3.673851170908764936e+06
2.206000000000000000e+03 1.108315473707986593e+09
4.039000000000000000e+03 4.785431784740425781e+13
7.395000000000000000e+03 1.804914620113333571e+22
1.353900000000000000e+04 1.120480246646639748e+38
