3.200000000000000000e+01 1.101804079064487305e+05
5.800000000000000000e+01 2.365833759276657365e+05
1.070000000000000000e+02 1.010225095492470660e+06
1.960000000000000000e+02 1.877381306309693679e+07
3.590000000000000000e+02 4.412308828925399780e+09
6.580000000000000000e+02 4.614624813137113281e+13
1.205000000000000000e+03 2.837471312854227354e+21
2.206000000000000000e+03 1.085855530995666152e+36
4.039000000000000000e+03 5.684241135219478157e+61
7.395000000000000000e+03 8.843575805140452485e+122
1.353900000000000000e+04 3.544962878897156355e+223
6.309500000000000000e+04 inf
3.414540000000000000e+05 inf
1.847849000000000000e+06 inf
1.000000000000000000e+07 inf
