3.200000000000000711e+01 8.174619263673023088e+05
3.965363726573739456e+01 5.895901239477720810e+05
4.913784213758365382e+01 4.273695781732343021e+05
6.089044275452525312e+01 3.078691126417916967e+05
7.545398531056532931e+01 2.219099621802562033e+05
9.350078011748232143e+01 1.581198289417109918e+05
1.158639380888160701e+02 1.116036726593766653e+05
1.435758304110551364e+02 7.764991996892722091e+04
1.779157468514690663e+02 5.281741977968248102e+04
2.204689527972159055e+02 3.488593299398814997e+04
2.731998713305556521e+02 2.222460898523285505e+04
3.385427687121242570e+02 1.345765699767006663e+04
4.195141296702810791e+02 7.611566524942729302e+03
5.198519101811516521e+02 3.931876201032212975e+03
6.441880961945021227e+02 1.783688466683012621e+03
7.982625342938357562e+02 6.795835681867096127e+02
9.891879055536250007e+02 2.086981348161419021e+02
1.225778074827434921e+03 5.538528193036284364e+01
1.518954973359407177e+03 2.368891381964727572e+01
1.882252798018177828e+03 1.891013711805796049e+01
2.332442802969753757e+03 1.526024923571665326e+01
2.890307526626323579e+03 1.231483438128061714e+01
3.581600195227211316e+03 9.937920639161118785e+00
4.438233592888562271e+03 8.019780337475738818e+00
5.499753281031677034e+03 6.471864587841134053e+00
6.815163176783720701e+03 5.222715520975935277e+00
8.445187766218499746e+03 4.214667510857459831e+00
1.046507538508347534e+04 3.401185102986057807e+00
1.296807197745927806e+04 2.744714755072291901e+00
1.606972569469202426e+04 2.214951218061481875e+00
1.991322105178803031e+04 1.787438526836219843e+00
2.467598888687648650e+04 1.442441016834056455e+00
3.057789726542395510e+04 1.164032248274299297e+00
3.789140145350325474e+04 9.393597791585820422e-01
4.695412152273920947e+04 7.580518460798908453e-01
5.818442821856413502e+04 6.117385628963798450e-01
7.210075659666485444e+04 4.936655339206030835e-01
8.934553902091777127e+04 3.983820444917650083e-01
1.107148623639767902e+05 3.214894345833832490e-01
1.371952185033494316e+05 2.594380393840258203e-01
1.700090446601686999e+05 2.093633228309717820e-01
2.106711559015272942e+05 1.689536393772354816e-01
2.610586749522740429e+05 1.363435193558655834e-01
3.234976875509853708e+05 1.100275515748847521e-01
4.008706237016130472e+05 8.879088762529539769e-02
4.967493219610519591e+05 7.165315970811279855e-02
6.155599195326418849e+05 5.782322300710570490e-02
7.627871801398097305e+05 4.666263333745082620e-02
9.452276922568337759e+05 3.765617405515096078e-02
1.171303626321328571e+06 3.038807163362050937e-02
1.451451535193398362e+06 2.452280192506002196e-02
1.798604146417395445e+06 1.978960104827419061e-02
2.228787387708960101e+06 1.596996586469372897e-02
2.761860206708170474e+06 1.288756701549194882e-02
3.422431337983756326e+06 1.040010886597980688e-02
4.240995338853127323e+06 8.392760580349382243e-03
5.255340337892651558e+06 6.772855079380978721e-03
6.512292483337289654e+06 5.465611164185867586e-03
8.069877621957652271e+06 4.410681322418544617e-03
1.000000000000000000e+07 3.559365850137199451e-03
