3.200000000000000000e+01 2.010716684968918798e+03
5.800000000000000000e+01 1.165757668329198623e+03
1.070000000000000000e+02 6.871417684975373277e+02
1.960000000000000000e+02 4.292725976437858435e+02
3.590000000000000000e+02 2.874513376727952618e+02
6.580000000000000000e+02 2.082198507529115545e+02
1.205000000000000000e+03 1.623823977021918097e+02
2.206000000000000000e+03 1.336945155851930735e+02
4.039000000000000000e+03 1.135005771654945335e+02
7.395000000000000000e+03 9.748174901644317458e+01
1.353900000000000000e+04 8.367717452810397560e+01
6.309500000000000000e+04 5.441051853285359385e+01
3.414540000000000000e+05 3.072014885239360638e+01
1.847849000000000000e+06 1.578104796330063664e+01
1.000000000000000000e+07 7.712932468261032959e+00
