3.200000000000000000e+01 7.301080349882824976e+02
5.800000000000000000e+01 4.538509776245441572e+02
1.070000000000000000e+02 2.976863851961473415e+02
1.960000000000000000e+02 2.129624427589503171e+02
3.590000000000000000e+02 1.654219052961815066e+02
6.580000000000000000e+02 1.374547435627803793e+02
1.205000000000000000e+03 1.194255148974275471e+02
2.206000000000000000e+03 1.060871548280468915e+02
4.039000000000000000e+03 9.484463319180824215e+01
7.395000000000000000e+03 8.458087960231699753e+01
1.353900000000000000e+04 7.488721384936559389e+01
6.309500000000000000e+04 5.230804163679290042e+01
3.414540000000000000e+05 3.186984563748718813e+01
1.847849000000000000e+06 1.743032794771990623e+01
1.000000000000000000e+07 8.859660294624372767e+00
