3.200000000000000000e+01 8.664915493156134617e+05
5.800000000000000000e+01 3.155417355188520742e+05
1.070000000000000000e+02 8.046702699037297862e+04
1.960000000000000000e+02 5.652114030526825445e+03
3.590000000000000000e+02 1.239639182875152272e+02
6.580000000000000000e+02 6.763014652914492331e+01
1.205000000000000000e+03 3.692998872711813618e+01
2.206000000000000000e+03 2.017254597288184570e+01
4.039000000000000000e+03 1.101773617632516888e+01
7.395000000000000000e+03 6.017665505906336421e+00
1.353900000000000000e+04 3.286848099281878710e+00
6.309500000000000000e+04 7.052957669574033694e-01
3.414540000000000000e+05 1.303268856600811876e-01
1.847849000000000000e+06 2.408239873289286931e-02
1.000000000000000000e+07 4.450063641617736133e-03
