3.200000000000000000e+01 3.916561611250597343e+04
5.800000000000000000e+01 3.846200306609713152e+04
1.070000000000000000e+02 4.016614414208786911e+04
1.960000000000000000e+02 5.210215749615542882e+04
3.590000000000000000e+02 1.107104308523459185e+05
6.580000000000000000e+02 5.794312200607181294e+05
1.205000000000000000e+03 1.536897415057251975e+07
2.206000000000000000e+03 7.958403226867620468e+09
4.039000000000000000e+03 9.551639286682126250e+14
7.395000000000000000e+03 2.447345181396893876e+24
1.353900000000000000e+04 5.280098893156811449e+41
