3.200000000000000000e+01 3.938159149892078131e+04
5.800000000000000000e+01 2.573863768370911930e+04
1.070000000000000000e+02 1.375245250128315092e+04
1.960000000000000000e+02 6.846305578056198101e+03
3.590000000000000000e+02 3.552963636795140246e+03
6.580000000000000000e+02 1.910392355080340849e+03
1.205000000000000000e+03 1.050052291770654847e+03
2.206000000000000000e+03 5.896092758540378327e+02
4.039000000000000000e+03 3.406876841017453899e+02
7.395000000000000000e+03 2.055593191904205810e+02
1.353900000000000000e+04 1.319751957340957063e+02
