3.200000000000000000e+01 4.461915491994287731e+04
5.800000000000000000e+01 5.454547111380958086e+04
1.070000000000000000e+02 8.600605429858094431e+04
1.960000000000000000e+02 2.362265689350928878e+05
3.590000000000000000e+02 2.041799240600548917e+06
6.580000000000000000e+02 1.547962073597019911e+08
1.205000000000000000e+03 9.808765824843231201e+11
2.206000000000000000e+03 7.871209301977902500e+14
4.039000000000000000e+03 4.019287971396644375e+14
7.395000000000000000e+03 -1.621667020854161562e+14
