3.200000000000000000e+01 5.520306985626903042e+04
5.800000000000000000e+01 5.978463496818058047e+04
1.070000000000000000e+02 5.093984856279287487e+04
1.960000000000000000e+02 2.271651162876025410e+04
3.590000000000000000e+02 7.083422801826065552e+03
6.580000000000000000e+02 2.381004424735178873e+03
1.205000000000000000e+03 1.060028024308481463e+03
2.206000000000000000e+03 5.639098830133515321e+02
4.039000000000000000e+03 3.227154610767287295e+02
7.395000000000000000e+03 1.966221142597025846e+02
