3.200000000000000000e+01 -1.613821342179676821e-01
5.800000000000000000e+01 -9.277316285448622413e-02
1.070000000000000000e+02 -5.221759729067923517e-02
1.960000000000000000e+02 -3.038945219338582554e-02
3.590000000000000000e+02 -1.874419659050715128e-02
6.580000000000000000e+02 -1.213874671575514326e-02
1.205000000000000000e+03 -9.727101437672032447e-03
2.206000000000000000e+03 -1.719044066459891884e-02
4.039000000000000000e+03 -5.284891905383381355e-02
7.395000000000000000e+03 -7.905626737534074411e-02
1.353900000000000000e+04 -1.313287024261879932e-01
6.309500000000000000e+04 nan
3.414540000000000000e+05 nan
1.847849000000000000e+06 nan
1.000000000000000000e+07 nan
