3.200000000000000000e+01 1.649763254081272753e+05
5.800000000000000000e+01 3.745909912362048053e+05
1.070000000000000000e+02 2.027425676282967208e+06
1.960000000000000000e+02 5.285083061806783080e+07
3.590000000000000000e+02 2.656151528004611588e+10
6.580000000000000000e+02 3.063897592773110000e+15
1.205000000000000000e+03 -1.397034558934824192e+18
2.206000000000000000e+03 -6.038219669638391040e+17
4.039000000000000000e+03 7.377861782539408000e+16
7.395000000000000000e+03 -4.904412562727588800e+16
