3.200000000000000000e+01 2.932665150823472140e+04
5.800000000000000000e+01 2.657166691887001798e+04
1.070000000000000000e+02 2.485590020489406743e+04
1.960000000000000000e+02 2.642073471116605651e+04
3.590000000000000000e+02 2.995462426780096212e+04
6.580000000000000000e+02 2.559524488318740987e+04
1.205000000000000000e+03 1.590544712958335185e+04
2.206000000000000000e+03 9.119408255883849051e+03
4.039000000000000000e+03 5.196820515032346520e+03
7.395000000000000000e+03 2.976506233801327653e+03
