3.200000000000000000e+01 2.671599624576780116e+04
5.800000000000000000e+01 1.476343575468556264e+04
1.070000000000000000e+02 8.033346936855055901e+03
1.960000000000000000e+02 4.422656623326480258e+03
3.590000000000000000e+02 2.458294790890984586e+03
6.580000000000000000e+02 1.391564568722737022e+03
1.205000000000000000e+03 8.167556838202551717e+02
2.206000000000000000e+03 5.095875286500033781e+02
4.039000000000000000e+03 3.483645937334419500e+02
7.395000000000000000e+03 2.668970775014859100e+02
1.353900000000000000e+04 2.289899602833170889e+02
6.309500000000000000e+04 2.163713043083454863e+02
3.414540000000000000e+05 2.458597407391105492e+02
1.847849000000000000e+06 2.843457887801357629e+02
1.000000000000000000e+07 3.244944284750516772e+02
