3.200000000000000000e+01 3.034830710430339604e+04
5.800000000000000000e+01 1.999365989633393838e+04
1.070000000000000000e+02 1.073320250085540101e+04
1.960000000000000000e+02 5.277106443530731667e+03
3.590000000000000000e+02 2.700793953037202300e+03
6.580000000000000000e+02 1.434714952014437586e+03
1.205000000000000000e+03 7.734454081963862109e+02
2.206000000000000000e+03 4.196879016590140168e+02
4.039000000000000000e+03 2.284144043316188402e+02
7.395000000000000000e+03 1.245181270431481977e+02
1.353900000000000000e+04 6.794164647443668059e+01
