3.200000000000000000e+01 5.501843393631975232e+03
5.800000000000000000e+01 5.217903860839353001e+03
1.070000000000000000e+02 4.664431753421872600e+03
1.960000000000000000e+02 3.808460578580245965e+03
3.590000000000000000e+02 2.725038060662785028e+03
6.580000000000000000e+02 1.602753289880322654e+03
1.205000000000000000e+03 8.225362435354184072e+02
2.206000000000000000e+03 4.048640472593230584e+02
4.039000000000000000e+03 2.157653528810162697e+02
7.395000000000000000e+03 1.237156599141504358e+02
1.353900000000000000e+04 2.207290854055318903e+02
