3.200000000000000000e+01 1.892333777400992858e+03
5.800000000000000000e+01 1.044046222014340856e+03
1.070000000000000000e+02 5.659315969797361277e+02
1.960000000000000000e+02 3.089524534532233702e+02
3.590000000000000000e+02 1.686759913003670590e+02
6.580000000000000000e+02 9.202839039032184587e+01
1.205000000000000000e+03 5.025284720069026889e+01
2.206000000000000000e+03 2.744999133129273616e+01
4.039000000000000000e+03 1.499249340847530831e+01
7.395000000000000000e+03 8.188597819720321525e+00
1.353900000000000000e+04 4.472611040463236876e+00
6.309500000000000000e+04 9.597381864938864249e-01
3.414540000000000000e+05 1.773435978984922445e-01
1.847849000000000000e+06 3.277036212203041088e-02
1.000000000000000000e+07 6.055468087683177174e-03
