3.200000000000000000e+01 3.543218958982738695e+04
5.800000000000000000e+01 3.200030095987276945e+04
1.070000000000000000e+02 3.048961189181532609e+04
1.960000000000000000e+02 3.380007762108465249e+04
3.590000000000000000e+02 3.970455524487946241e+04
6.580000000000000000e+02 3.365362206018884171e+04
1.205000000000000000e+03 2.047899198923507720e+04
2.206000000000000000e+03 1.152237240052709785e+04
4.039000000000000000e+03 6.396632456351992914e+03
7.395000000000000000e+03 3.529488030602634353e+03
