3.200000000000000711e+01 5.654252775029179174e+05
3.803556209712849778e+01 4.240900810537021025e+05
4.520949950139119977e+01 3.172686191451666527e+05
5.373652267703951679e+01 2.371838180183333170e+05
6.387183891144655945e+01 1.769591005015872652e+05
7.591879047419108417e+01 1.309246794351302815e+05
9.023793341937444268e+01 9.637664801485455246e+04
1.072578287527863239e+02 7.027243613543557876e+04
1.274878689353056274e+02 5.062936500178648566e+04
1.515335236099810459e+02 3.600210110826553137e+04
1.801144608457538538e+02 2.511588146534934640e+04
2.140860862527966333e+02 1.710569883658252002e+04
2.544651446187330066e+02 1.130325860570996156e+04
3.024601503031436209e+02 7.198937581238657913e+03
3.595075571488134187e+02 4.367721823941253206e+03
4.273147504475209644e+02 2.493045061328895372e+03
5.079111476770517584e+02 1.320049326260429552e+03
6.037089374154471670e+02 6.376284457787753581e+02
7.175752743017723105e+02 2.783947691485133760e+02
8.529180907834079335e+02 1.120551127170200090e+02
1.013788093929892852e+03 4.747900072319075093e+01
1.204999999999999773e+03 2.975685055663065626e+01
