3.200000000000000000e+01 4.590536861795018922e+04
5.800000000000000000e+01 5.898924556653597392e+04
1.070000000000000000e+02 1.023918005416723172e+05
1.960000000000000000e+02 3.423067606739965267e+05
3.590000000000000000e+02 4.270509636270993389e+06
6.580000000000000000e+02 5.745103709534219503e+08
1.205000000000000000e+03 5.916444060638329102e+12
2.206000000000000000e+03 1.593408972534253158e+20
4.039000000000000000e+03 8.273817900622095390e+33
7.395000000000000000e+03 1.279479030754120670e+59
1.353900000000000000e+04 2.167791320372264946e+105
6.309500000000000000e+04 inf
3.414540000000000000e+05 inf
1.847849000000000000e+06 inf
1.000000000000000000e+07 inf
