3.200000000000000000e+01 9.254429186435327574e+04
5.800000000000000000e+01 1.592595953767625324e+05
1.070000000000000000e+02 4.385382682714581606e+05
1.960000000000000000e+02 3.216012844009895343e+06
3.590000000000000000e+02 1.387529821023205221e+08
6.580000000000000000e+02 1.632173498195707703e+11
1.205000000000000000e+03 7.539712710186849600e+16
2.206000000000000000e+03 2.051673041488319206e+27
4.039000000000000000e+03 3.369255713894111043e+46
7.395000000000000000e+03 6.353236021939293450e+81
1.353900000000000000e+04 3.006904270245689805e+146
6.309500000000000000e+04 inf
3.414540000000000000e+05 inf
1.847849000000000000e+06 inf
1.000000000000000000e+07 inf
