3.200000000000000000e+01 6.589139573304166333e+03
5.800000000000000000e+01 6.177821249245203035e+03
1.070000000000000000e+02 5.664382886091047112e+03
1.960000000000000000e+02 4.785382856306981012e+03
3.590000000000000000e+02 3.474776114695132492e+03
6.580000000000000000e+02 2.112209031685426453e+03
1.205000000000000000e+03 1.134684494559201767e+03
2.206000000000000000e+03 6.318494997352278233e+02
4.039000000000000000e+03 3.972312062925072951e+02
7.395000000000000000e+03 2.844927313661766561e+02
1.353900000000000000e+04 2.322637455621999436e+02
