3.200000000000000000e+01 4.304365739694234071e+04
5.800000000000000000e+01 4.585402106124520651e+04
1.070000000000000000e+02 3.953901833053791051e+04
1.960000000000000000e+02 1.862290187304182109e+04
3.590000000000000000e+02 6.032646507311957976e+03
6.580000000000000000e+02 2.080148228406884755e+03
1.205000000000000000e+03 9.348031314599946882e+02
2.206000000000000000e+03 5.047608570140790221e+02
4.039000000000000000e+03 2.968890532420585373e+02
7.395000000000000000e+03 1.874096291803971894e+02
