3.200000000000000000e+01 5.814866735509343016e+03
5.800000000000000000e+01 5.865474454983602300e+03
1.070000000000000000e+02 5.884012201237947011e+03
1.960000000000000000e+02 5.885487787596533963e+03
3.590000000000000000e+02 5.954939558939985545e+03
6.580000000000000000e+02 6.029124665871728212e+03
1.205000000000000000e+03 6.337336277237151080e+03
2.206000000000000000e+03 6.681802652486697298e+03
4.039000000000000000e+03 7.711804680605194335e+03
7.395000000000000000e+03 1.017233357666523443e+04
1.353900000000000000e+04 4.706008342151895340e+04
