3.200000000000000000e+01 1.782717989495447020e-02
5.800000000000000000e+01 6.113424620777844175e-03
1.070000000000000000e+02 1.967470163751470526e-03
1.960000000000000000e+02 5.141141553748983630e-04
3.590000000000000000e+02 8.258976680228160162e-05
6.580000000000000000e+02 5.731587392899490865e-06
1.205000000000000000e+03 8.879043608084545306e-08
2.206000000000000000e+03 8.829726391578137376e-11
4.039000000000000000e+03 5.735578676442376796e-16
7.395000000000000000e+03 3.731137021546046330e-25
1.353900000000000000e+04 1.153417543805615001e-41
6.309500000000000000e+04 nan
3.414540000000000000e+05 nan
1.847849000000000000e+06 nan
1.000000000000000000e+07 nan
