3.200000000000000000e+01 9.233276142753786189e+03
5.800000000000000000e+01 1.038667943504779214e+04
1.070000000000000000e+02 1.267504944754943244e+04
1.960000000000000000e+02 1.872362211227585794e+04
3.590000000000000000e+02 4.090391239279316505e+04
6.580000000000000000e+02 1.859503626212236704e+05
1.205000000000000000e+03 3.728494222470621113e+06
2.206000000000000000e+03 1.139693474282226801e+09
4.039000000000000000e+03 5.031641142739459375e+13
7.395000000000000000e+03 1.963663535557367877e+22
1.353900000000000000e+04 1.272042338630869623e+38
6.309500000000000000e+04 8.226608371254278052e+165
3.414540000000000000e+05 inf
1.847849000000000000e+06 inf
1.000000000000000000e+07 inf
