3.200000000000000000e+01 2.101221355566954298e+05
5.800000000000000000e+01 7.253767820925399428e+05
1.070000000000000000e+02 1.054300494892739132e+07
1.960000000000000000e+02 2.694607362108093262e+09
3.590000000000000000e+02 1.213092943490159688e+14
6.580000000000000000e+02 -1.173464223031220640e+17
1.205000000000000000e+03 -3.855255522328954240e+17
2.206000000000000000e+03 4.891786569822445440e+17
4.039000000000000000e+03 -5.008834048918426880e+17
7.395000000000000000e+03 -8.933932037291017600e+16
