3.200000000000000000e+01 3.125000000000000000e+02
5.800000000000000000e+01 1.724137931034482563e+02
1.070000000000000000e+02 9.345794392523363570e+01
1.960000000000000000e+02 5.102040816326530859e+01
3.590000000000000000e+02 2.785515320334261702e+01
6.580000000000000000e+02 1.519756838905775176e+01
1.205000000000000000e+03 8.298755186721990640e+00
2.206000000000000000e+03 4.533091568449682640e+00
4.039000000000000000e+03 2.475860361475612503e+00
7.395000000000000000e+03 1.352265043948613910e+00
1.353900000000000000e+04 7.386069872220990540e-01
6.309500000000000000e+04 1.584911641176004471e-01
3.414540000000000000e+05 2.928652175695701035e-02
1.847849000000000000e+06 5.411697600832101988e-03
1.000000000000000000e+07 1.000000000000000021e-03
