3.200000000000000000e+01 1.687240733422503691e-01
5.800000000000000000e+01 4.315030387770573544e-02
1.070000000000000000e+02 9.922139627806759662e-03
1.960000000000000000e+02 1.943933882212407847e-03
3.590000000000000000e+02 2.622499375827752957e-04
6.580000000000000000e+02 1.658587766791678217e-05
1.205000000000000000e+03 2.430559333155494963e-07
2.206000000000000000e+03 2.318095426101455638e-10
4.039000000000000000e+03 1.453128159545822745e-15
7.395000000000000000e+03 9.156549041654194314e-25
1.353900000000000000e+04 2.748453097997656279e-41
6.309500000000000000e+04 1.546050313198057000e-172
3.414540000000000000e+05 nan
1.847849000000000000e+06 nan
1.000000000000000000e+07 nan
