3.200000000000000000e+01 7.560332847401924664e+05
5.800000000000000000e+01 4.220771989406236098e+05
1.070000000000000000e+02 2.288291526320632547e+05
1.960000000000000000e+02 1.249316289918418770e+05
3.590000000000000000e+02 6.821738527361041633e+04
6.580000000000000000e+02 3.722850175869857776e+04
1.205000000000000000e+03 2.033850588104716735e+04
2.206000000000000000e+03 1.111922747923503084e+04
4.039000000000000000e+03 6.082605634369367181e+03
7.395000000000000000e+03 3.331742771677489145e+03
1.353900000000000000e+04 1.829311291364336512e+03
6.309500000000000000e+04 4.065160895437712725e+02
3.414540000000000000e+05 8.868050637511072409e+01
1.847849000000000000e+06 2.601111713352155519e+01
1.000000000000000000e+07 9.931109397866034527e+00
