3.200000000000000000e+01 3.651089218434235227e+04
5.800000000000000000e+01 3.454622103741083265e+04
1.070000000000000000e+02 3.405736023448525521e+04
1.960000000000000000e+02 4.232947691493794991e+04
3.590000000000000000e+02 8.475173247699951753e+04
6.580000000000000000e+02 3.741990652094995603e+05
1.205000000000000000e+03 7.448228956516918726e+06
2.206000000000000000e+03 2.269876240818545341e+09
4.039000000000000000e+03 9.999221652269656250e+13
7.395000000000000000e+03 3.894571165895584907e+22
1.353900000000000000e+04 2.517624360961919739e+38
6.309500000000000000e+04 1.616387989546658191e+166
3.414540000000000000e+05 inf
1.847849000000000000e+06 inf
1.000000000000000000e+07 inf
