3.200000000000000000e+01 7.649938800489595160e+05
5.800000000000000000e+01 4.220655889925294323e+05
1.070000000000000000e+02 2.287832164632402419e+05
1.960000000000000000e+02 1.248969600079934025e+05
3.590000000000000000e+02 6.818886953082648688e+04
6.580000000000000000e+02 3.720334978961505112e+04
1.205000000000000000e+03 2.031519017557402913e+04
2.206000000000000000e+03 1.109691938420974839e+04
4.039000000000000000e+03 6.060857678030874922e+03
7.395000000000000000e+03 3.310318345039446740e+03
1.353900000000000000e+04 1.808095439956178780e+03
6.309500000000000000e+04 3.879832658937587553e+02
3.414540000000000000e+05 7.169283171837702184e+01
1.847849000000000000e+06 1.324772974499902567e+01
1.000000000000000000e+07 2.447980416156670724e+00
