3.200000000000000000e+01 1.543794340797535260e+05
5.800000000000000000e+01 3.459923563279990922e+05
1.070000000000000000e+02 1.704728691583363572e+06
1.960000000000000000e+02 4.088459880352311581e+07
3.590000000000000000e+02 1.585930315836166191e+10
6.580000000000000000e+02 1.189518358216364000e+15
1.205000000000000000e+03 1.308249972277241289e+24
2.206000000000000000e+03 5.433212288749588876e+40
4.039000000000000000e+03 1.969326643608421811e+71
7.395000000000000000e+03 2.123211124232496794e+127
1.353900000000000000e+04 9.751900678072156529e+229
6.309500000000000000e+04 inf
3.414540000000000000e+05 inf
1.847849000000000000e+06 inf
1.000000000000000000e+07 inf
