3.200000000000000000e+01 5.491875693013812452e+03
5.800000000000000000e+01 5.198546028102911805e+03
1.070000000000000000e+02 4.630270753050200256e+03
1.960000000000000000e+02 3.755397654772738861e+03
3.590000000000000000e+02 2.653308242148770660e+03
6.580000000000000000e+02 1.524397534730121379e+03
1.205000000000000000e+03 7.472681052641187307e+02
2.206000000000000000e+03 3.375022255273568703e+02
4.039000000000000000e+03 1.500443525994952267e+02
7.395000000000000000e+03 5.859688636864881772e+01
1.353900000000000000e+04 2.054431110814802963e+01
6.309500000000000000e+04 8.715645545509551617e-01
3.414540000000000000e+05 1.047434826576627703e-01
1.847849000000000000e+06 1.926221284077840254e-02
1.000000000000000000e+07 3.559365850137199451e-03
