3.200000000000000000e+01 3.124999999999999636e+04
5.800000000000000000e+01 1.724137931034482608e+04
1.070000000000000000e+02 9.345794392523363058e+03
1.960000000000000000e+02 5.102040816326531058e+03
3.590000000000000000e+02 2.785515320334262015e+03
6.580000000000000000e+02 1.519756838905775112e+03
1.205000000000000000e+03 8.298755186721990640e+02
2.206000000000000000e+03 4.533091568449682427e+02
4.039000000000000000e+03 2.475860361475612876e+02
7.395000000000000000e+03 1.352265043948613936e+02
1.353900000000000000e+04 7.386069872220990362e+01
6.309500000000000000e+04 1.584911641176004515e+01
3.414540000000000000e+05 2.928652175695701132e+00
1.847849000000000000e+06 5.411697600832101607e-01
1.000000000000000000e+07 1.000000000000000056e-01
