3.200000000000000000e+01 3.578518123396709416e+04
5.800000000000000000e+01 2.669484456301539467e+04
1.070000000000000000e+02 1.603738132176891486e+04
1.960000000000000000e+02 7.569603288661356601e+03
3.590000000000000000e+02 3.433438910209817095e+03
6.580000000000000000e+02 2.380572336677225394e+03
1.205000000000000000e+03 5.730351944661298148e+03
2.206000000000000000e+03 1.388655273968651018e+05
4.039000000000000000e+03 7.437614168049937487e+07
7.395000000000000000e+03 1.305010919189483789e+13
