3.200000000000000000e+01 1.497526903082676290e+05
5.800000000000000000e+01 3.551495013268431649e+05
1.070000000000000000e+02 1.729173030508181546e+06
1.960000000000000000e+02 4.179719271544081718e+07
3.590000000000000000e+02 1.374047400682879066e+10
6.580000000000000000e+02 2.740450050506621250e+14
1.205000000000000000e+03 5.086727448215621835e+22
2.206000000000000000e+03 8.988829173489772286e+37
4.039000000000000000e+03 1.168463956993411407e+65
7.395000000000000000e+03 1.912250502087206097e+128
1.353900000000000000e+04 1.982938421430499804e+233
6.309500000000000000e+04 inf
3.414540000000000000e+05 inf
1.847849000000000000e+06 inf
1.000000000000000000e+07 inf
