3.200000000000000000e+01 2.575041046740640886e+06
5.800000000000000000e+01 1.263501870111769065e+06
1.070000000000000000e+02 6.435708117939925287e+05
1.960000000000000000e+02 3.493534084701218526e+05
3.590000000000000000e+02 1.974084467458459258e+05
6.580000000000000000e+02 1.126082124843116326e+05
1.205000000000000000e+03 6.257609719272455550e+04
2.206000000000000000e+03 3.355995304248284810e+04
4.039000000000000000e+03 1.576625342919157993e+04
7.395000000000000000e+03 2.324144761269076298e+03
1.353900000000000000e+04 1.074085306688288455e+01
6.309500000000000000e+04 7.052957669574033694e-01
3.414540000000000000e+05 1.303268856600811876e-01
1.847849000000000000e+06 2.408239873289286931e-02
1.000000000000000000e+07 4.450063641617736133e-03
