3.200000000000000000e+01 1.517063935142482631e+06
5.800000000000000000e+01 8.370007918027490377e+05
1.070000000000000000e+02 4.537013637809293577e+05
1.960000000000000000e+02 2.476839077783645189e+05
3.590000000000000000e+02 1.352257546645109833e+05
6.580000000000000000e+02 7.377818529568305530e+04
1.205000000000000000e+03 4.028717504112816823e+04
2.206000000000000000e+03 2.200636714621914871e+04
4.039000000000000000e+03 1.201932308109914447e+04
7.395000000000000000e+03 6.564712092570580353e+03
1.353900000000000000e+04 3.585644872188451245e+03
6.309500000000000000e+04 7.694119331889918385e+02
3.414540000000000000e+05 1.421744830183844499e+02
1.847849000000000000e+06 2.627165202598234117e+01
1.000000000000000000e+07 4.854604592455944001e+00
