3.200000000000000000e+01 2.718087357411444464e+04
5.800000000000000000e+01 1.501549286400955680e+04
1.070000000000000000e+02 8.163441714077285724e+03
1.960000000000000000e+02 4.485194324427387983e+03
3.590000000000000000e+02 2.481960774742062313e+03
6.580000000000000000e+02 1.391993515182958618e+03
1.205000000000000000e+03 8.025251158626938377e+02
2.206000000000000000e+03 4.853631993370789814e+02
4.039000000000000000e+03 3.166884939242866608e+02
7.395000000000000000e+03 2.291588946109631308e+02
1.353900000000000000e+04 1.859489490405097740e+02
