3.200000000000000000e+01 2.716036772968484001e+04
5.800000000000000000e+01 1.498503047155025706e+04
1.070000000000000000e+02 8.122726797662756326e+03
1.960000000000000000e+02 4.434345751785280299e+03
3.590000000000000000e+02 2.420979853342381375e+03
6.580000000000000000e+02 1.320868947340296245e+03
1.205000000000000000e+03 7.212711762239957807e+02
2.206000000000000000e+03 3.939853886445670810e+02
4.039000000000000000e+03 2.151848891680898817e+02
7.395000000000000000e+03 1.175296507572569169e+02
1.353900000000000000e+04 6.419467961813390389e+01
