3.200000000000000000e+01 1.121242707444784028e+05
5.800000000000000000e+01 1.879044467161669454e+05
1.070000000000000000e+02 2.497882630915014015e+05
1.960000000000000000e+02 1.727516814526167291e+05
3.590000000000000000e+02 9.784454277115326840e+04
6.580000000000000000e+02 5.500369781650035293e+04
1.205000000000000000e+03 3.043006982626548779e+04
2.206000000000000000e+03 1.700124092055974688e+04
4.039000000000000000e+03 9.498504683001447120e+03
7.395000000000000000e+03 5.392715908400320586e+03
