3.200000000000000000e+01 7.252576195088675013e+04
5.800000000000000000e+01 3.344318401314571383e+04
1.070000000000000000e+02 1.701090088219635436e+04
1.960000000000000000e+02 1.043176870248432533e+04
3.590000000000000000e+02 7.741410733957907723e+03
6.580000000000000000e+02 6.635238659469369850e+03
1.205000000000000000e+03 6.178869494878419573e+03
2.206000000000000000e+03 5.988797800371276026e+03
4.039000000000000000e+03 5.908787268418735948e+03
7.395000000000000000e+03 5.874707238450839213e+03
1.353900000000000000e+04 5.859976728591987012e+03
6.309500000000000000e+04 5.849742588575266382e+03
3.414540000000000000e+05 5.848275109784926826e+03
1.847849000000000000e+06 5.848075697750401559e+03
1.000000000000000000e+07 5.848044549000516781e+03
