3.200000000000000000e+01 2.967125411874810743e+04
5.800000000000000000e+01 2.784116193381870835e+04
1.070000000000000000e+02 2.776983881257767644e+04
1.960000000000000000e+02 3.472004293274143129e+04
3.590000000000000000e+02 6.921040120977305924e+04
6.580000000000000000e+02 3.137628877958299126e+05
1.205000000000000000e+03 6.353803234947220422e+06
2.206000000000000000e+03 2.080090339810355902e+09
4.039000000000000000e+03 3.531279259961202240e+10
7.395000000000000000e+03 1.102666189271306229e+10
