238312.53958620213
95437.63412482938
215633.11846463318
13141.876674446183
370199.33438506647
144425.72285967838
3274.860665661936
57570.25062366676
203151.65234848627
113674.78119050601
133899.83645644638
96723.62372896553
372157.36862215056
26730.67812676861
70579.95041027354
239537.58300667358
10148.984130686682
51137.531124186164
41906.39868613074
215940.4092806823
15547.635427578773
94535.2064252813
237034.14396605024
103721.88555422534
242128.59130340684
361635.7793953369
75420.46333417988
33118.65625829253
371753.6766992089
121732.22693453086
57847.26120349614
392245.403612743
152521.86989550162
19099.05824275035
78376.76101548497
351842.53057496797
210055.15604165112
245948.5540352109
45209.96474704978
91239.51162404002
330047.21304459637
132645.95758586537
2179.7879627393277
387560.39738825575
53310.36249343874
141713.82537546108
21010.867967479997
140486.97563002488
476874.49542479217
134309.74397446847
28987.882522099833
80133.07422808233
91300.93545273478
44075.25584164214
104623.81475364667
324342.6391357381
13869.762749391037
81792.56617687305
181412.10051620024
75741.42126150463
392734.2382026115
885113.027324518
23580.337503867806
524104.503213067
3485.5445453775037
359107.8651512245
22002.273519789152
74907.91986873063
75442.14002124428
130892.35576620752
6962.687433465973
34300.554852841844
