16473.947284868726
121793.23803464143
242203.66558330445
164236.3606138419
37351.20764012885
191580.38579743024
238918.4098138838
99343.54804084491
38185.374674052204
286120.11801184266
52332.56124290238
239185.34536184595
16469.783402868972
139281.2321548832
139738.00228495995
96314.66931442483
289105.99933371413
15102.347423114184
102049.53887490755
266582.483322333
30974.460406123904
77719.51554345927
31125.32455292445
247233.96962081612
100332.94822317209
49877.21342782177
73862.94519038113
46805.72975840319
90071.92071826861
35577.55563741848
89546.0318770198
189196.2186544183
58397.93150398905
64629.774935673464
170291.95290843095
80835.19344795396
28395.392155364152
400139.9573291793
144501.4551286118
339295.49161391373
60668.692759668185
127693.43734382954
109303.32418875571
1592.1077809665812
133294.1971934128
639742.0853947753
591399.7285478968
93779.95557617828
34883.3935115753
66892.87082253616
128453.82202896582
183177.28094243223
180358.71999523038
525035.8302048494
83403.4133178217
515416.17953988205
8423.574967263883
148364.96947594936
105814.09568943255
82243.38913612452
90813.20093676021
2091.7408849666813
15683.962591708596
34631.36353700068
254912.72352514367
78224.27083602136
88521.04191608955
126009.87579710003
114086.98174639358
347716.4056529518
202078.88015813834
12130.218592357982
