64151.754110647584
153156.77991968035
131408.93478267727
390302.90077339654
110420.51407004008
20434.834213924958
124457.84059738704
148739.25782859203
262363.01634266763
342173.63436369307
480972.6804077958
474580.5079243945
328788.04677650845
50373.7796137352
129264.65408395261
646.9489483687298
129322.60016104659
629492.9741511343
1945970.1634898928
91258.12636832138
64103.57130771346
301372.9494735937
412035.713559993
1011236.6193046712
186860.74947305865
806276.2045337757
345994.92497395456
490545.10369635536
425653.8871376885
637160.0208540127
81848.03158062125
116337.30036783908
428109.6345556087
730932.8801763013
56603.61452602395
746636.3942977049
834376.9036619343
219530.58921447888
477568.92728894943
599090.2769756569
1714515.994390531
73973.63786039269
173286.84450461675
229985.27403201922
683549.8985766582
284525.9043613624
463997.8672060863
274636.25052633794
975395.4455317117
1026.700926832066
42928.95791110443
367028.18583788106
448103.54514617054
53449.16943701845
187580.82558382585
93791.44588290711
8702.407937569544
21138.786949581594
551965.6700294235
332059.68508917256
309428.03662140213
214443.6930240378
185073.00043020624
212681.4852122002
138210.23044388642
252436.1311587825
514936.8190981656
14797.84999591951
131681.35547048965
89947.43452764947
737438.8025816585
3350.661687596609
