28.33063181926265
123689.64011174119
76568.28179053224
34926.68321916302
1.5935452465273527
47845.9781134428
6401.015925695029
110655.44934085783
45181.27067206727
60323.67849542123
105903.81406444489
82461.5438927271
54867.29801392284
58065.09624831757
54722.94166754909
18397.93648186809
71227.2873175799
18839.364738878525
40.378386809092525
5026.240830744093
38260.67107315935
28746.564916308613
104392.86715788057
1233.8951813537637
110147.19987412567
54106.70947974957
5558.065663241177
54857.869532802804
14662.968324322956
96418.96461313113
172728.76252032781
6819.699102470985
82462.89539334748
101916.16318679287
6588.692651849202
6.9105579670661585
42480.58280613354
40076.041685628275
11.694153211935724
5402.880133172095
19455.962471190178
47.2951514420836
20225.65914090956
24580.376378878518
75843.89542069398
35746.02502077029
11419.797553624261
137931.94587365075
177576.74555852098
139607.18172850338
12741.02867291824
46331.24030623212
677.7906584648385
20.320119225730725
25990.61827451694
138963.5731192542
52134.07780469784
0.3649943171233349
30838.163342029802
113990.9695769617
26806.8072074329
18041.521079723796
11.178250914473061
17246.722329965483
15486.287149199192
79138.09892464925
41672.276448754565
21979.138530503707
69205.7487717709
85783.97164475666
20198.889794419378
88088.83438179175
