42258.44896501428
122972.35794534469
67536.38490127357
13707.204428844023
102229.80561017677
100641.69345543238
16948.010644759142
75855.14123982038
193712.76334294668
350018.72078603884
168606.18390498278
89394.03953826764
79176.12750381026
35807.90649287069
80275.59035696578
22701.849066586125
110640.38031636944
171870.33295573338
76802.85957200901
77072.31997612432
159055.25790131692
37060.4820371767
75783.3651347355
301105.23010915087
49370.776512029246
13312.063630761444
36029.804777340534
190443.01939754936
76707.8357632641
69029.64237239069
45021.91988776783
435185.8305592381
278658.6357490579
14631.905702645689
46838.41430181925
264360.1649923183
189762.41623698027
202655.48438554603
3915.308457418169
23525.568245715862
163823.51481051382
33632.03227246703
48542.95842439208
126030.30687774984
20862.058610387026
38796.444120658234
56790.98805460168
121964.56456546215
173308.12125141278
266016.00054568925
31516.70615709064
70552.91362890395
42395.28417916739
281363.59008862963
6769.089925646172
89480.82280077986
347121.0829764269
55764.16200078037
12080.76352410864
6841.94203695064
202269.55611939306
56340.85512744402
105961.97199432093
351345.4117605395
87618.6561053857
39696.459991662865
56771.53530344962
55992.61687753636
100138.89009495465
511486.67021388485
218343.12114799191
20603.154121568867
