58288.95308936692
519.897772641216
58206.62821921792
8246.07208622886
29040.010837010843
68101.11218719465
300.5429492762024
45023.286672907176
8904.667384791812
46253.99769345443
64725.77956398262
452.8052899310394
16657.198625530185
5679.698487074339
25507.97683320756
30731.06484071187
8767.876231774148
5603.6761993087885
3993.2327576092093
19254.71150890132
16651.979579290684
6548.458203615456
21703.083230013046
16032.074278655684
61267.22513128982
15055.380534551983
28636.076876146617
36583.95800330426
9019.064005267563
42243.04433778755
58190.90321545547
26010.751139336804
26533.792529713573
11649.297861496128
65428.23228778555
2162.16953626048
47571.39769751221
1553.3476736382354
37610.69791837074
2398.7373546308872
24908.92459860299
26992.522704013525
4215.75499024475
46501.75929310397
31962.61931684754
52080.073569499364
20631.30831305723
35175.154306341894
123260.79421038795
87289.06782698842
14590.56837065167
62001.7948965976
9696.137014843187
8640.507374350887
90104.1117234971
17971.456124801574
1622.9483046442206
81707.14207600548
30825.210020858205
81196.62529412833
27175.37144454136
5092.396910833757
3083.7666749977193
12228.190903134084
8394.762574262075
25469.526980188726
47928.4889728387
20579.441783961433
14061.277055259763
6626.762115252089
45303.7578651016
17828.06157572213
2255.158585889342
97486.34156980868
12960.761255387595
20363.678579626685
7011.96485929745
7076.113686137384
8650.244739116843
117343.58792874374
1133.946614720299
3657.425674773459
11745.488104449101
39363.4092116604
1684.9045065689145
55655.14800263573
21338.298294384233
9845.491971025167
632.1026828331738
21981.258472766825
26177.236612706445
22085.398600438155
19035.239058692874
5903.834103664804
13289.089732173532
7144.865376028882
59211.74080512327
25281.917402288487
11111.029657551468
80454.66890234721
15582.991386151905
756.9525024199442
50489.516027734244
34337.53976016439
17929.161238956935
2495.9573294260886
60605.67552524579
6515.0153534259525
38885.5364913331
6577.864486048298
72297.23614413934
38445.08122558934
14456.820358218123
8555.140893643389
27864.14556776108
13374.004899895253
13053.369855425815
15080.37662020988
9189.723061933058
85098.64699427698
39491.09386811253
6623.227792167356
18399.872941860296
29841.374002284305
12720.184326778219
603.2435707598371
13000.424892930328
32094.810185582803
27142.382608832402
5905.521232617887
68785.51996360278
193.08073057844572
898.544999897741
14964.416329319218
56116.198141887
32938.28722983228
5147.140906217873
65489.743247570674
4690.335095541502
4364.698911979989
7183.091886229703
33501.93562951673
4782.564030365634
25022.362970339396
8714.198026976934
27584.625842944828
291.7651784435083
10594.250135683396
30829.84862889593
14555.091331988366
55935.32905246997
24676.278586977616
90655.41154150029
47774.583886491135
30920.956004455486
24429.641196203065
52587.321235796015
12116.329890723953
18797.251030588403
46290.03479959027
19784.47239032867
22528.496041434275
1663.1158479711437
19742.269431727087
15136.7669047327
1328.7210326141517
35075.20510703742
60645.59504469924
14872.816078047814
30767.49802056405
4016.773323408578
3550.4352914277047
8027.698811171326
11210.085843251993
45618.448605668185
25062.80807127623
41575.773257304354
57975.561877123175
2667.1539886339397
14392.294519520323
18954.617754128325
26846.970414770403
81181.5561489788
19043.131645219208
9692.152291831117
35113.421172190654
31064.4714737866
38767.809060722975
83191.46504213022
61006.919818562325
8343.550802072215
7142.927974726302
4564.7709692409735
11159.589877972454
56345.907545704635
7056.2997312587595
119803.07478867429
19095.24220662144
32754.776600173598
1956.2885147010095
13548.688730190333
9873.14390262276
71034.30847622835
17956.862612500656
366.7717157556441
6211.723301125444
6776.556807326604
1522.8110751911777
4334.304600908572
571.6246004454085
106991.32657900549
13757.809919495832
20812.169339533597
44037.02153709686
31386.578935849488
84926.45388195312
67132.44520177897
36334.25507596309
6914.684589203013
23300.689714310327
9117.667481183886
27963.26975711256
2062.51797700205
31689.155652231897
49691.462998603056
26609.158964861857
39008.08945574457
2896.9615256477205
71410.70235323755
5618.486046646894
26152.948275024475
8362.372176093422
15538.652647254758
15801.837379637707
3490.373367549741
1855.5237307341088
63239.91398028293
9223.843401014226
30540.84072165536
53275.567281061165
19472.370876858582
43771.51581542531
469.5058872676279
1645.3956957525365
50715.83559533273
25092.500804164305
56219.07843974941
93074.76887652009
33961.87078651986
3856.5880427269303
64954.41108249751
82925.00501171431
44923.23661888252
45665.42800299503
17885.42691272894
1585.9510260757309
28479.11491420649
12710.32204713002
823.9179391432699
19814.58137725529
50028.362086490044
23677.76531132026
15498.355701442979
12758.888919362083
21033.590133664562
33214.16367626564
85738.09010344603
66375.99804091036
74270.85420853051
13945.074793375408
43379.826568391254
9149.518332027948
27272.200227410664
32946.23651249001
25208.156681903565
3792.906045636237
18353.51863723477
1404.4839130804617
14231.222576891989
13309.339007117364
35601.47714393783
52922.58843871912
2662.4428985149434
85105.49803796616
21753.793600942303
63421.197888408344
86285.63189386991
618.9945613218507
38037.67270437684
22801.18242754204
3636.839557799031
27067.289373226282
90303.06901798878
22722.406683247355
135671.86651552087
3492.277408040379
24656.031965169957
584.5858605042212
39022.1568828883
34132.61337839294
7940.213741736599
4354.472536801587
17874.919529895615
15620.121622933482
39764.58450766075
5385.394283327854
24265.242033057817
8807.95238208585
70729.65382366952
34549.914020592325
1241.7387742822193
10916.657361218371
7594.555151043692
13003.178998460227
16650.791675975674
70252.0268124922
57675.733930219925
2911.684753848316
14924.696269778624
36622.20708147587
1975.3103739296848
17961.327430036195
26107.55855646529
44861.84944920619
5281.922270318847
29661.51073997648
13772.775165656825
30828.495621346527
16924.19004361922
4668.197974043184
1862.2515836699774
3082.6986432805156
56555.47989537656
22620.972019887573
80827.78541412413
22632.040954484637
2713.7042615791192
116602.49670391568
39595.999175055316
48497.008079304076
11205.217184906789
25898.289295238057
4179.238088524754
52935.12137629698
49180.91838664332
6471.895698284881
72935.23831925695
122059.04128187225
6311.454740062994
16918.523270076144
2341.9711587977768
7309.594831542109
5431.892023244379
26725.52689869234
48973.37607326183
4314.749244622628
65801.36103335983
5579.17107469674
12783.953671301957
28838.730196743527
42586.57030816186
23034.58189336425
1839.341980095225
15563.764563333705
21085.03486480125
2515.174327918081
140537.25971647972
16233.775118287014
25187.169576351756
8407.892618205875
26942.017078697296
101862.07009454817
7469.315896989105
15618.618502148689
151802.72351602916
31861.13065003354
47719.601909062774
94095.30981994183
58383.48539154799
305.55268175882856
54244.09705855061
102174.25201287905
2728.669459954957
16819.728698683244
130565.66208539874
25916.21609544796
669.4193005077109
447.10714245986014
11794.350643827047
30261.081386756287
94589.82777628639
4754.6719973077825
29108.8479115183
78756.39853875518
84798.25581297443
21829.983943624084
36396.64970128089
9102.21005551168
28581.15215419085
23440.963663072307
39466.50850527329
8161.941054683578
54689.119302338
3021.8331681094296
17245.510408052418
103349.77561658465
2503.295364662826
102578.57957445284
136327.33543017495
24593.339614103483
26935.35535686409
8409.460535884653
21354.060176472452
33763.1077504138
1756.9322368161863
2467.723798055444
7460.087471533459
69346.77081394118
10005.697471277841
6005.752315865058
4871.15161997669
11020.325583302832
7934.489256184993
5076.451925353082
5607.98250947351
27556.000493709627
17433.41391718029
5528.102765271216
8872.799601184668
108830.6421477457
37059.374469379196
23506.926156523514
69889.42110805585
15037.443006788686
4820.531096281676
6538.122200981158
5275.507634405064
28823.17149023511
27878.004470094318
133938.61945652374
6646.579343126793
5000.739908886065
67023.22927798139
73220.90078762773
9687.553616817564
15278.588224567071
27255.611682140538
10670.044841176052
45854.901465284696
55980.97356854194
18182.770882668257
37076.0246513051
15115.171488336544
29943.771597060804
58058.603625890406
168.63606098761372
10313.14809351157
25204.244788700056
10882.804973272196
72066.75368336806
2561.959165544205
57668.082301572205
77601.56492224602
8717.911783068213
7382.994310757785
5394.944843947374
10451.146340404568
18178.462071530514
27165.83185842078
42456.25475279013
66644.1876071228
19455.366361973895
34132.63943168623
38656.03480149479
18423.072796369608
84175.10041552506
6941.586522588633
15531.926364350264
16844.858560573473
112715.61486282625
3698.686281556877
19096.25959463527
26929.115974233806
35926.0579962946
7397.027583581993
5780.262198610197
51196.471021256024
25170.349760372956
52817.152947047485
18102.081948361625
64901.47093840798
6542.196841964416
11595.916981653154
46002.16190314469
40391.06156425003
17958.194267909043
15977.580277944478
26279.074073222688
4930.078212543905
3698.5541306292625
10262.48860295763
9362.361295175544
4260.714205267445
32994.980171568146
5636.420157213933
1246.1651655683552
6567.820604983571
23620.458343957216
26378.78031890254
5995.3199316880755
17460.933032271354
12601.92550907425
30139.630018427433
43979.039961223396
75443.86896550136
7009.898570977845
3490.734888616093
13553.207728707985
730.8466325182743
27064.832138795387
15530.160197119689
7565.675464808803
39609.359578381875
18141.608442404406
1051.1591068096202
23560.715131859884
30577.389311245985
30006.458248224557
40949.32102503703
14995.456389903777
12247.685290293763
19699.716178064
110403.89554272179
60282.37783872375
7350.036471477494
7596.54210502224
24999.2109759916
26247.525099600494
24771.461025575885
81595.61890430228
6950.602032465892
130830.49570140472
30092.973670548567
41886.190211001944
55788.03830831032
4713.185995789163
8039.740019840983
11133.286099460363
31372.135506040937
85383.21318446031
11151.02986302409
2989.4975504113786
10041.269021480533
1104.7295342196362
41314.61159260837
51411.066014827695
12191.879213816108
31223.465646325356
82797.33426111696
8099.175057375307
11146.928573617906
123796.08715933454
40511.85238162581
6226.209594133616
12313.553863712357
18074.503899399228
24501.141105993862
14468.330446696134
2247.39169917142
49624.983689614484
67715.92339008732
44463.728025562115
686.0084778687188
40446.73229760175
29339.177402995872
86977.0676575963
14244.949852891912
10881.100268536322
83807.98339752907
10623.711770832715
17731.960353996874
45774.83970127446
10316.802342520732
7442.15813614451
10428.51720126279
5739.345729158489
1935.8112165190607
136971.5073036946
10919.150055690743
79324.41786368364
45960.03990985486
25139.23873000198
44271.00641938194
32018.903093904584
45326.15130424961
8873.3065927181
79825.68572937077
17666.75383225781
21881.888112549015
13388.024247541529
12100.133864664569
1752.185980854942
158245.2478961421
6138.647277739544
5149.826872713462
30332.42430329578
10679.136799109214
27993.303075044274
8911.483663009049
18259.17460546356
9731.56399734336
1015.9758813018777
4110.0240794117835
11674.980649290332
5519.829971464145
2357.2114835450006
24615.7758745991
36529.86095285338
15147.841767086822
898.9744804031562
17794.035372095983
2151.7486711095744
53209.13548225623
2312.8897755118733
27298.504519126356
633.915576430333
27956.662467882958
21148.12382483137
7482.827233199969
32994.24349716243
38712.12823957327
9466.802865969188
26246.84782680797
60931.67733961124
16929.4296711975
1535.245802957921
30720.906221240664
4669.745415512415
20544.382514882367
79367.26458296624
10064.48833239477
6427.200517033867
44045.99121677985
28637.01382018119
38156.22616342243
39360.62619502589
19520.30701527024
7590.127816295952
471.68043599483525
27290.169186505645
73400.18947522838
1661.2034951117907
4997.130423827392
5566.709691667908
12102.870387456065
38857.88690071343
8030.505536353701
17277.747737911413
46677.67039820863
9307.837094112929
12697.817439137427
31328.899922227734
1589.376480375428
42876.51335387015
40807.7002831689
11240.609568644577
125910.22207978863
28883.720296581985
83194.58228030048
7175.628208802024
5986.728963199844
8051.189441180048
41380.40494519608
88967.71281488295
27172.267490842212
11173.807343329729
57468.892614516415
18440.63786275576
247623.28172700462
32040.441281137704
8190.340809130706
2340.783513912997
59687.392713790774
10986.434630503525
32699.58880815717
14763.62336916692
17554.913801240295
16739.467480873223
62355.71211876318
14276.196564712609
39167.242379028634
119372.92655172473
16704.291298817654
3842.0752838877524
959.3388515926816
55179.172049391294
6634.164521021415
8156.235236012708
32604.26638353028
17259.314707102018
4968.238528265268
17355.50351581447
41411.00741805615
7670.111258360761
6102.91225969124
1958.3888651934174
594.1669717224327
37399.92040474936
3514.3532762320838
6153.096663173257
25390.525195285907
3359.1408877901645
1128.9946506825684
68477.27353135996
32184.45511978634
45213.38553095594
7121.465147265389
9993.286439161675
7275.418824108592
592.4456678971198
6381.166053736655
14158.838194159507
31646.168284961663
926.2029452382275
19365.331466205775
24759.39265033838
4456.118935697318
18291.239443479906
3951.621248783752
2573.4175994280076
3928.189116433243
40608.426249073724
8796.902629436043
6490.194676007777
3227.8350079064526
16941.037431194192
36858.75414273635
15812.821299039684
32689.35967247044
18641.066856542704
8347.968872164918
53242.34739988551
11394.032342342553
970.6785300817036
70711.02576869557
89803.43652812587
1094.2955854795932
101822.97697749714
27586.487293123722
21535.019067686884
5114.049202540738
782.8320158118063
29951.88739738215
88231.75201384339
6573.578633699333
1365.1108081872894
64553.582389062816
2588.466285281909
40032.186033939244
17748.190414596225
8628.783668943586
45310.76375086697
63141.30323777292
405.3775045438976
5966.122571959571
17924.937600230147
13210.780435356242
18467.406856711492
8026.38536140516
133654.61355763435
9419.911631107978
16053.646130105706
110002.09414302121
67967.5036125091
3146.6151800414054
12386.507073453422
20646.458419600232
65999.79554380797
48586.91869631986
28427.73479605743
27050.615893275724
15316.58770012583
24073.33022836595
67264.3232986253
29098.495917076023
28581.501894308938
20294.908275097805
24841.95336839253
464.80312987943375
42181.35639642599
4012.6107952346106
445.27193701516796
36787.19354312363
162641.00285079662
11216.897018134541
46180.14215418858
16957.060719392448
9635.343460721544
27626.306207034217
7789.879789717132
