376.49776424787444
159.9977381631473
231.6050629778217
338.1340844121962
93.16957898515444
485.99301163441635
50697.726827552025
20785.114616421204
486.31360832751255
82.6789262695034
1008.7909224275351
351.2570729407407
17195.412333806395
24.95575164935634
107.95757455699413
366.09987898859777
40814.31065061969
22167.183398582543
14586.387705133398
135564.74242604585
25700.42175900566
483.1703293547168
32897.677656146305
800.6357271307133
60.562349763879524
876.2119186479244
31.25578621098212
2337.0429257022056
188.92505439551542
10129.92144288981
230702.11643966398
578.6331373157965
315.7361515520861
211.4306941035986
6157.356464812147
513.269443752765
172.85368697015247
118.17151143790534
12.961685925506986
24902.816105060552
50517.62122274408
11680.836660493536
329.3613954300901
9283.152090446283
11234.78862747579
308.93704761203395
10604.891955457537
22946.610184549794
192.7050299483378
507.7216180767943
18871.922599908186
224.17522265396028
16111.445269887361
150.1152777435085
213.28405603705272
22871.570834912676
17236.171608450495
45.87995499375708
45.336095451099936
32.04110538775265
222.48598518356863
16767.376110238987
2821.93727551563
5110.329799511262
145.6354085938787
71505.78729676525
113.41450400216736
6354.71864369749
4743.902297025431
69228.81870872191
159.70077431844248
145.59220452460085
256.2472074792151
68.14502683958634
4258.706757186038
88460.18945700799
942.208735980843
3415.918217032719
17019.10190881186
132.90826039208767
1054.323635113951
20717.113046518127
84551.45591954917
21837.185270193517
449.5896224397465
20.28638349487698
27865.99159677668
65398.2095585305
2.412122899997582
122.06382012941104
581.0568450975994
478.78283245773326
26.360796807386727
18.602080095149677
63661.86342244381
1075.1510865277637
92.90983208845633
566.1122759137755
214.38188127179723
1129.0625247835394
225.66958657524108
365.4652631567547
57929.23768458718
50458.68017126964
13362.694135314357
836.9579167746242
309.4801672743951
31687.442463908134
215.89080063138783
101453.22162592506
54349.10905255429
31668.845379346272
632.3694639604422
159.1267790998839
91.9628902638278
11.968172693536978
10.029273977132538
24763.359908001727
45.25191544019611
174.35493278319439
177.37788948587465
78.07286537391379
45239.2003158311
3039.6557835344383
3158.0954137265817
387.5607219071907
98.31835367004413
91306.24685773604
24.0435003153135
39.60267540875702
12488.367960053616
113.97226450050631
180.36640156036006
872.6871662869914
186.75000316855335
270.8894409688463
27905.054011618653
139.53365252740036
22334.01638124352
289.91626733138924
200931.36153514395
175880.1651492865
338.2845598737483
372.45094549368343
373.84075620459083
39704.016952422244
670.4786531996676
330.4299293250073
120.6732440115933
348.7791669578201
456.1050933902245
36445.86459878804
618.3875585907738
219.39063263628086
282.25891242963735
81.54714314786645
2045.583168337833
648.0748606142779
34168.316045319945
193.3035014550749
124.41863355682592
10051.923386474235
99619.78126128737
28.50246346091942
628.6762205670736
801.003708378183
364.9390141364832
6.435770905329374
58.301110196160344
7311.459961752285
132.89748037807786
357.4206218856042
7021.829074328621
134594.5715091511
675.9818635241578
215.83738073782507
313.81264276079605
104580.75861763881
301.6725999859975
45.3168325727719
91.29530268527012
63.7576344026651
3182.8149854936564
18379.740184747985
107.61496293782989
796.3209237748042
220.90009072777715
25899.979929477147
17098.50552948341
409.45623121328464
703.4366891668827
15690.475116472775
773.2986473968823
20739.28574634314
517.9853231753427
9815.809589783228
28756.0698235047
30316.61489533854
149.72254797818024
223.13454502715376
2021.6471128345488
92.49111536558173
100.43147935965511
437.0333533314604
246.7609275913054
114.68151982973248
912.4155732384612
291.3315184246467
41138.94748528025
282.1601620757762
221.87563424872943
17465.898481074706
276.4728753967337
6064.09167208346
384.0381525871696
261.3581361571191
76.79319827343365
431.1518791620848
1285.0407790521072
515.5117013327933
38124.50979693184
8967.441194887795
62.69125986719975
214009.75803790582
61542.048200835015
2877.915872024116
57001.52421935112
846.8564131786104
26.592193889587367
65800.20434728835
34326.00496040487
172.01280954290274
32619.79557182554
34538.30354018669
464.7853678087086
571.2349823496496
21432.93996799815
3326.860413976154
49743.30602790031
297.6956316870869
