83.00711618022531
54321.88817767345
33.446715295408445
65.33239484937327
21.261265207108178
47.00801973236212
235.2920877854743
2874.780876025193
188.94900558586122
221.72264948004087
34145.742824996625
245.96169994501952
10227.478275176793
846.0528467191573
38350.79911969793
77.66143803998612
16844.052621736206
48.49478071701663
12263.36623636851
7349.700331121332
2767.566833319044
34204.15272790426
201.8792094288062
69443.44314855045
89.18941464971326
42637.97025863211
2750.261347838917
17482.75926990081
213.07846542040045
233.82317090040098
49208.111028783256
12876.009365871529
285.7749481728656
84.97479672195918
472.5800366627007
16.805358203759095
153.34383250843067
1245.0910651307045
17.15188490270036
180.92925993545526
82.45161041617033
473.3756658790621
70.95180426869814
207.85432691397054
49147.01642169708
262.68648000965067
427.2395598454734
10602.385053924681
527.6752804053945
13068.170618709233
42435.515912745024
99.62267290353968
8411.619828484536
25472.571134447324
22.493183997814008
3338.0633864819615
170.28045704464174
1228.0342246599328
238.00427212728954
52.05232093815773
19.27751797668482
229.7834242980195
22.170611098840464
159.37843663918866
12665.399189635242
62.57480789686969
22134.69900187573
284.54022105435695
3457.318616217216
22119.235346841673
156.80929070770625
47.808608476475236
8720.964259538121
9559.85464537881
19548.306501357572
58.055079532348444
53835.877926960515
68.10097323793842
6113.553376601992
486.69461943522623
62866.87679823226
51.975016467811315
1890.2725538488182
19.550261318518416
2360.3220922498917
2902.4323802522945
10463.471818283748
86.15772532693619
193.4666471640859
35892.209314187305
8906.030710998553
289.9938768154234
20.59415747202063
721.2317862931042
14428.575148507454
9935.795576114318
249.6411633690431
24451.26943543412
3019.978236366338
48.35349116868302
641.2238821480687
425.100105127668
144.57535386618434
152.43110024382256
18466.16324766211
48.064920755879086
33465.75662668956
175.41329466060864
4683.795656003404
254.1377452596005
5460.856409034244
2.5533794744352707
256.3330506156852
799.6146761451022
38.12359478292946
981.4167439940263
20.99344441210673
239.40446363537725
9925.038760049727
11926.780443768594
148.62988774290235
130.51294330454783
11708.277395549498
34.29624705833099
14663.145269692332
48.49516124984732
261.53912801879216
367.3027398888465
268.6402184058961
10157.616220616164
234.81681595505432
6427.199581405951
246.86357607602153
34988.19128200762
9.976659408562739
15130.455540737017
294.2876734370476
605.5092399411316
104087.1788787658
8452.235596769722
15311.665428132112
12389.080503512865
44.13094384205385
204.2203629554061
31252.64994615302
21.728958626855903
10586.47264632797
311.0797887773495
20785.65478356846
41289.613841637925
2.8773021118195916
231.69387051036358
4.717176390836184
35203.9932203008
293.97211710592575
10222.42289008557
404.33529775533503
25729.39973924855
49.49861180518742
334.9823557111371
484.9964081706342
166.96271398489478
8256.47769416022
21246.171211515833
18636.994428281138
849.4549250351354
189.61741356740475
613.5416209186754
16768.749661942722
8.421218059287183
30056.301515035524
10639.362185294294
3977.4781738361366
11.289452758486194
103.54391469941281
5787.765544832279
156.85179987666942
114.64864403569605
300.32823862893946
48582.066236129234
24524.744778757584
10.34239519074175
7087.516527645661
15624.530836444377
104.86088534688054
7998.633707374741
61.51413320676846
175.30168617480885
90.50141706777609
71.41895638290123
18762.404565853474
416.25163611056786
194.10856564891697
14517.816318039162
22.482180197918414
28.17053015709323
22641.153247442115
80.96936784771431
4.711771090279252
239.36522312993995
1932.1000923120823
28.80316686770107
21059.45337077486
50282.78199793014
16694.511880121725
15460.268652466999
87.83079346494117
7.1899958017720325
29709.273752549656
38753.14219289944
7051.269897561263
662.1313235834755
149.19842792138638
26449.57590926162
50.483549636029046
4803.801022967254
681.5709488943713
20897.781032076728
340.6070776014897
93.6978994065996
78.809002184467
88.18299286543359
34680.28563840217
473.3340262397729
205.85192028811852
43892.257213791614
195.6880008493278
14154.77183615429
27962.23162371544
564.9657968531571
9183.049638329172
65.5020464814084
36.94670016556289
236.54839721670228
186.22622932914362
29992.030480845027
14.422898274431374
277.88089026297087
165.7331473150026
164.28739786206566
