361279.52017166774
73188.84912788753
21450.563965054578
618224.1042247886
624497.0467163936
405518.981725207
263767.09806485724
92981.64096579095
1171053.8864972682
549323.2103232875
9933.331633994825
102390.41880345435
88282.65391086815
59260.558692037026
345482.10866061
403752.1163055528
186150.73145994192
142184.61566390606
1371450.3987751147
546413.3634627763
1629762.9442084602
719090.4650234543
79932.48058055039
353115.8596070082
166409.90318330293
273302.3169428436
57808.14213962809
509405.30834171246
278164.7383264729
616848.0863167287
467894.5899209995
89728.23134305028
179216.9971188822
665756.7863995736
80677.70028709706
138502.036065824
391488.8311439279
188428.14925057435
174571.46402339573
638713.7490289481
85347.28331688611
206792.98067312394
62834.382739010216
600854.3947753278
101826.13635244069
2497337.594084343
188951.15341573113
17052.556873216377
227422.89880063964
867063.8488681623
467992.9652716069
634827.2935165254
5503.261653636901
771972.4734944847
373047.6659271928
268457.74703333457
992685.8982188979
567783.4523507567
517322.97548031673
820347.0050676778
448073.616834017
314273.2131040953
293294.3636848793
120412.06647601137
27841.890844754027
200135.23746756327
28051.79485587521
135665.9304321143
139684.75492682357
127895.03794826723
13281.966699991282
407334.9475017884
