9.476290241863715
4.026000416356062
3.587866632746359
13.11932614429599
10.300592871876946
9.91527034722621
13.463487886058328
41.03204925068863
7.04487150432613
4.75573197531001
26.236034210792145
2.1623653301021344
1.845152086029756
28.316716817624563
33.5684647712491
11.717440113998393
6.765423338418101
19.85833197398634
13.476793588093583
65.1855188183646
16.074695825151537
15.435826845135894
0.2602737964847016
10.353603946316642
0.501845537983133
8.742016026653316
15.171830328089484
25.90449098136531
16.88552019518922
10.257945193594603
26.199018926873517
20.35352172330662
26.31500375262484
5.795221424696082
21.50360546685239
7.165460854508928
7.011676142130709
0.26331038127825446
0.2400366746719275
27.42660966744892
10.28026311271452
25.540574032914066
10.400801011495327
21.183917097690337
1.4347089910730322
24.399276412753665
4.6915276525484195
10.829698355962643
10.929449709229024
3.1353875195225798
32.3863377978603
6.643404733898542
2.162242185414761
2.411279105542555
15.747515846863273
12.847939490615182
23.62166608835926
34.237175704157856
2.5581119052528263
31.81002660277098
24.653819316407237
37.0701307351193
2.028633447067866
2.620648055198797
3.2512713526977555
3.3964026973020527
1.57454009817228
39.47870878595532
1.1429870384086653
9.138794770571648
1.6896318847681109
8.31102547367264
