182020.36524546667
232167.65802157496
112604.4336322754
358036.0239549927
98090.27310916148
482509.5670747832
92562.58644847252
881473.9810249247
86174.40503146486
57258.59147284092
445805.2890152026
141213.15125108493
62436.77472245091
435873.386527198
17629.036951386108
600878.0185631375
108149.53679834348
37468.574894822916
100631.71829386345
132039.88709936052
137036.68781766092
9967.735216938067
4969.934044985663
158084.43000384394
202055.85186631893
359297.8654456302
408968.9710705932
77689.08277393528
112290.01842295987
8318.690029865324
416529.2434700872
131648.81675374362
175852.13845168086
234831.11692988547
75190.3233331991
486062.9142180103
57608.49778055554
350005.9965912122
231148.36659624663
73305.28681120263
44627.997691997814
81065.45973373149
201106.37508250633
69473.5562055646
19174.35377267029
327409.5862483326
163455.01680532418
271438.09400637675
216510.2746001608
62972.91776813209
102893.95045211213
73588.68364825126
19846.52404181304
97591.89279817091
112328.86718021068
48358.406598324225
229658.36706739594
164728.6351132051
78804.85297199483
7967.739939397342
562093.8247741185
81405.24180523866
311323.6094762918
43649.96328343104
50068.099517430695
36985.236555112664
67309.66671963854
75857.42168953334
90801.21332912095
7158.442803764156
5659.347347985411
25132.345984670348
