71916.10879111874
67014.31393316161
324368.36177090125
226834.7576365439
266551.26242541085
369091.473082493
458157.90245753556
1827.0771102055444
53193.283356726504
90321.39261209937
52544.60175267215
364676.68891210866
794243.0379214467
140286.49619126247
54908.44260546404
412690.39226830413
287836.9366767827
202784.96112606113
366197.0168528677
231693.78259785395
349172.17836142925
799910.5045302289
201514.71985820544
299015.0612144722
549085.4098574492
789322.3786004977
854443.7534771732
106395.83452090742
622432.6019153488
438022.0059882861
743684.9891139504
149120.84336889518
92962.06411221802
8117.236976330461
352121.69668664125
48880.241687668655
73434.42830651822
1054500.6790884335
488683.3706511912
584105.5933569942
174950.50852556713
149921.35488974384
1378276.5092439214
255695.2454875367
250026.40398234816
174236.68008706617
164858.69529577767
21762.89115719286
36837.23506235199
94442.71443452888
26228.42365973312
405389.7272419651
113765.77668006471
134166.1679331538
4935.680746853072
16349.42480872494
150588.15430518627
38387.803257877415
24434.70964503162
93547.15809044661
786104.51427048
93034.76408469505
652810.121267697
827202.4644099424
193737.09675307112
555731.0793877029
265066.5002570399
65531.74146763771
420874.7360589158
177401.22996993564
380434.39226867125
281504.3199683227
218244.60043837395
105453.37903794549
906852.4643463723
103103.88192441293
446460.47792051034
25172.981727388335
95229.10196236255
298782.49889198167
742460.4622574886
114496.7624425551
84163.61988424753
117018.68033556726
6413.394628108114
489240.0687172094
100867.58545406828
454718.24861035903
251443.12095180567
655718.7645630351
265889.0759407433
10432.347501862821
272518.0899088187
4591.133269434792
54884.839408645326
192822.20147687313
519592.3685456684
129925.43215592958
658265.1800970512
513497.0370954533
136659.7318926473
151145.07008502568
23388.1763911181
545710.4913248058
117971.06179007978
932264.6411629589
105225.11527381049
151476.52321576694
20281.591381917016
813492.0781055926
381629.4100115241
202561.11409147197
424106.80339378613
250954.307719131
140249.79326860845
609574.5920068243
497312.0774950934
299204.5372850668
46765.56031975638
554843.716244522
295323.56363376987
293569.48744173907
215993.2690542885
136423.55764197215
326271.25726284983
127517.81219624392
391630.90342159383
208646.90519983653
196927.00666479787
573575.7449307496
173825.8822145317
132194.0120153357
734662.3363622493
96925.5046390963
63955.81837027498
49350.0313502458
130095.15823129828
2810.8791919067644
549285.0650477526
76440.0759159737
20323.20887668568
3840.176619625778
69283.49224248127
54566.29252945217
151148.87887923562
246296.31903277917
698496.0289251049
422000.51923785725
439560.2204452533
138718.51475235686
117332.21600965614
68957.57146984246
90929.14785800505
180609.4532193378
30545.565508711592
28257.715449440908
865401.4153859571
111481.04025507685
520735.9539472128
43564.502400906684
12967.413581403704
691755.5694057078
149816.07931317767
429687.89160913153
205036.81263211038
116328.876059347
13806.532195514586
237511.7409460135
26957.23554026213
441800.169782483
307060.20605722605
326200.260929053
56360.04328121313
221891.04418231756
145242.29026825455
63053.00677946934
46234.66821576671
134398.07733114794
441838.6402795506
287305.1570029248
233250.2327070368
1562.2013437754017
350755.08265831985
67854.46218857037
1262660.0684044422
178933.97053642062
333854.9581864738
7527.044665008865
60978.72621651012
201316.5663063301
72103.47463813199
15467.65484243977
230424.24608230818
58349.1932965816
77069.9773337207
1043928.5242281415
162801.4058724925
17969.196343531337
81337.78079828055
932796.8223572655
275454.72699103097
573246.0502009564
158250.70169259547
73954.57140019738
183866.6954066244
171046.89910253766
459878.84592874366
826681.2260999474
52975.53293379313
137475.0785210102
113497.63543521121
269927.1058363442
18434.26872402568
73034.7139492088
941661.8667342481
109428.69061351291
325757.4300740182
125169.96963189195
671382.8695071093
37926.18299705158
454669.091131968
60089.424252449804
201708.61306376528
141005.9601632781
323227.85958931205
328607.21750167734
282722.86316087743
53772.23786226003
290603.7519866672
87058.25917878593
104603.69998783273
72746.59938491181
39682.10372162617
578170.0168022562
71638.48669677628
163871.76518584046
590488.6924137138
426295.18262564327
170854.5230517851
20403.315587530247
483794.02418873494
191783.51820893283
45547.358035431345
508337.04117934866
1050973.7385894144
92036.21567903645
81110.16095263544
54304.28859023784
595166.5073448349
423614.94365269534
10802.503174728035
171423.73194627097
47032.47806035302
454089.3453804035
310071.6464272116
584145.0966889918
35017.16932781165
132839.92482827042
472642.95198678225
15062.750813482417
143718.87558442517
15502.594743115378
443072.6084798025
93980.01727587353
45596.637728885464
48768.475927856416
23993.05829697763
538118.9882695451
451606.0668008394
39460.910710235796
169768.1303013029
44980.15137943486
264937.22704460856
46370.10454439035
451170.58611626446
67339.8076615194
32184.24688313039
1144841.3298813212
202128.89875045532
152572.68178374151
76742.22458352873
681417.0924320362
7293.080058891467
16304.509449667947
706257.443094266
228401.13165262374
25231.301284925914
270695.6553401198
426257.83941421274
770.8008849167444
459646.639808014
67979.83833244767
151396.4579810865
144127.54191039864
1643.7039366172849
50698.37032546756
9764.57822789224
466793.0041057016
240919.5109225359
388985.5621083494
211247.43626621776
730703.7688926336
52746.59398685646
60730.481763314616
298590.44516517856
460641.4367381699
49072.9986262912
39922.9918193278
264731.51166374056
665895.9282133334
195767.19927305583
554644.1305298496
196069.11001626562
45426.968680653394
121331.74620637341
24181.851729801234
198189.6626120835
424879.2728619383
191085.04351171607
148731.70343525035
249331.57869024217
153313.6167408148
32681.558547716842
37484.55026497017
417285.4682180767
32771.975935002265
203821.76326148282
76043.9193597786
110849.42268762492
46198.95422824218
146849.09718021695
127612.22568101414
32367.091363659893
257856.2852898888
211061.73516310254
684312.6853635688
555256.1876050979
70258.70061076875
153194.13872150693
94424.83129929853
1605632.243028773
204082.64906729222
567089.9337455106
384105.90773811855
289775.2778439964
76759.34222547973
87096.20433075
106356.50142686321
195160.43793504988
136761.81860789325
304939.28882237733
261548.48383970725
403837.2367458005
1041497.6589703222
899278.254922893
114563.9852550672
9326.19422560402
190556.63354544473
300144.5126918213
56821.98932262181
165889.5116630975
141588.82061179707
104363.06287451109
148649.54060779256
33365.335588473536
241448.51381385679
71626.85315748614
110271.13023636484
369488.63414226664
118674.5185105508
717390.011680509
164530.32030063774
15764.825236491295
4917.415709397307
69363.36678057432
1054067.003719588
171505.94953934726
57802.67548380407
295415.28904666717
554.1518197002567
258767.29190106402
439772.30256079
142363.93286466473
58724.25723693968
126119.67464037295
770347.9023161243
108544.59599577487
283612.1565442668
110183.26720789152
561021.7696496536
111299.57956451904
371813.2228860692
53688.79507978053
73474.23257966888
43061.09588890418
315212.7201232323
83997.11974245023
456640.2229055236
193944.0580268066
41945.08516229263
121183.46573808345
107853.87100603267
168939.27863002536
342309.66402387666
2599.700745778368
320560.883919834
163532.36485261898
10739.415492938027
41204.938711481314
136176.66903498335
343470.65297505737
558850.2819051357
577318.8699266865
5375.489360539886
540816.9568802412
380187.3979741777
140144.62850977192
86763.90382218295
584226.4592077691
134610.97092900958
245075.8130412423
305767.6309783503
127881.51379002602
457638.4838977846
173866.3529124222
377109.19778398046
15822.437861573675
196162.82740328682
109087.42896606188
318378.3720951981
69431.34706898018
184020.45116520135
274885.81496617926
35326.26190073579
254979.1991140685
1128607.9861558462
52096.718583721995
604903.2473629338
1206479.1423728578
14897.825440675348
40849.37046151015
47433.45765811499
1584284.5698067169
20860.12746505024
211017.0288999607
361413.9273066345
274321.0039150832
146310.07900948115
81456.07669946724
326506.6275889019
34900.871856276295
657309.0625621037
747987.0226372053
109.14469716362537
149248.49341251137
7797.138289077286
420393.93029342283
8121.427560345615
101051.01487975859
102861.98275717886
32597.023053199508
441534.4288162955
543768.6777347481
68261.84889824368
99281.65812569308
135168.14471525766
619445.7935252087
11488.846429164098
189409.61566335868
13724.069297409838
123089.66907582358
166575.33889597282
1098360.050464679
432424.2274935843
279780.62634282565
115175.24286674963
1123.7627428713686
18234.370305500026
199084.82533842564
413086.4551281836
184841.84206590222
66894.85844925953
27356.094395374177
190474.84596243422
6075.549986903242
196266.35376452966
26272.299963339803
302992.33373134874
69359.71528645616
175511.11969403728
268319.15756436187
944335.818773656
166359.7069027155
263257.3647563279
159969.00072142118
445063.30794237874
322803.78020286665
118916.36951315458
190411.06059984406
329990.5659965695
53652.25080066116
81067.28156590802
12047.748741133244
653089.491171907
224612.40512551423
215551.6629480947
44907.48963901241
487798.88528428227
938635.614514171
98257.01456526623
89677.10813891995
132736.6038404075
115975.28481972004
361628.42076725094
130182.61625934245
117146.21001898375
85713.94694705722
52328.17796908075
191069.15438068236
355088.8350399064
213669.0700401335
343565.2097888133
50973.36967798484
165068.8304804456
533478.5658304348
398401.4855302033
172231.52462776276
48777.22155032314
197105.06885367495
35112.62359709077
23308.27781142664
645935.2375837087
80668.3301419893
27078.179348362966
23455.901512264863
31835.952658977923
542628.6920067116
159878.36868552727
261075.21974195447
139110.1509347104
14183.882319932056
30278.19528854218
421208.6333345752
210798.44033601505
282452.5745325787
1136.3722969878922
174583.98946753595
68452.61199745671
77214.07949937342
391840.3811282188
1202332.3021515817
71905.81028732966
36534.57873007201
105478.96526942568
2670.5313112109875
163995.20961240627
195495.67162003505
81489.38425383386
244287.6062038956
203005.9211497063
28535.64527209499
265702.3329323674
241966.9597124248
84453.5143272274
47067.66864374048
218239.17550184787
165161.37396973072
458429.0288524327
362017.904769102
134430.9957237297
59005.396544030926
248474.9854539984
289234.8463180866
181162.24926846958
42562.051384738494
124524.21369037473
467313.1712035164
122228.47080826295
353811.43281113735
342751.94494881295
24326.255396919798
148286.52045263612
237129.2214308547
85606.80896534403
50161.39573725863
152673.41073208305
137267.1950817921
215937.5135384894
831907.3444258276
141285.42556909935
280561.4837456008
126075.38197432435
173073.50812518082
352599.118225961
185229.86504155377
1806446.379205413
181322.93976832397
90195.42255071095
179428.7155740545
235067.2085641217
42071.73310363797
352034.5921814943
1031367.8767471885
38943.15559695529
47094.86032365904
199284.57712366796
205588.20573898984
199461.84704776946
73878.4027900427
705441.7356162167
557453.3478627504
353173.4166788402
24761.496075214036
1294232.9702839605
299919.6585732111
52297.42191132621
14771.536874947882
1527684.7878038504
197819.86404281412
33307.74837014452
110987.52477502351
780380.7125947697
483743.6107687241
401587.78895307577
68114.72284800428
780153.0295414756
376769.4408457624
880983.7570705378
1408113.2506285415
797511.4143135182
28349.830655794547
347653.03564063774
155880.43346217976
49335.85611012249
214118.82490782332
382401.64908493013
160601.0053960003
713648.358700104
1046186.7352432637
40038.985386652836
69728.10316701302
425701.5705035714
9336.749852491932
55890.86881868504
109178.46995476079
142530.1675326174
25264.99876336512
440503.3010211877
625364.1431774135
168609.10914354378
185164.77957146187
105247.28524315206
24168.70886038695
192530.29758394056
440506.50648843456
92035.85822141827
106618.86914729749
285866.34293475514
182181.95846521307
42853.177871406086
26184.568917647564
156899.6565677951
170547.57485244964
254964.30965346337
143511.68985202353
1083912.147234891
425163.9903070251
169730.46517113232
179757.0883910433
155249.2799622929
168124.81308530844
280767.16693374055
177909.24792442823
270852.17936262087
86305.77893546739
244573.4945790266
67390.68346639597
244438.75390205948
67810.79893774551
543749.5518974462
676814.2322725756
495414.5980488075
197933.1417105976
82550.21877588813
299170.045231203
36261.34548269022
227443.66095513836
44200.99911539688
100684.7062858924
277943.59024045523
70823.55537550327
184823.34445734092
493068.8860780813
114096.08124913413
286080.36700370716
1013943.2220413513
134755.55406600895
397071.252607192
323116.4929399188
220589.7040253686
35236.19106489259
141592.53644829764
222177.78689218895
156828.51898791586
112178.79944446214
139502.611249993
269766.2672023694
133383.1308155666
890826.0197890071
10737.832548142245
62531.05411618165
398936.52749297186
233968.55699733822
86970.07067504729
207074.53518098345
78043.16033445532
172879.7470982062
462700.0115232117
934737.6884209
47903.29972297463
400162.8651986994
342882.3595425784
242687.05870398675
283527.7551598775
285036.90085708624
410877.6336408591
7612.717747972871
178165.84861439772
215777.2230397546
172129.70037782882
161417.43653816447
1210106.9957514824
28018.281007380632
22717.276216932318
66925.59112269885
619091.7028065294
447376.5106320212
73613.59851113285
140272.65608972416
55864.44102335812
134439.1860561491
404712.925897691
182923.20693859356
1237049.1943736228
1668814.5316966486
356786.7814506654
281062.93587225943
276625.85319879424
376923.4686315988
173269.15312477865
295062.94770901464
328171.70750455617
211698.0457780889
647176.0864082894
15555.796087220404
35515.00080320788
208770.40870485472
137002.7558414054
317444.22619953647
31580.2597034847
183413.27608877773
101514.00723188203
517517.55993547733
197500.61035277785
58288.875648217996
27042.119311503597
22427.618594701606
444624.4509936904
74136.08656686729
926631.0792421161
69428.22984685583
174240.8761550592
946308.4702014974
349803.1982052711
120321.978696332
839053.6282016675
106283.77977993456
147569.9481313174
884982.5604642412
165777.3679753312
467988.3181784473
69530.67944356025
549650.1863452103
192698.0158643064
110475.59312491938
337595.1576366617
164791.08725105796
98954.6380453588
71085.84072942132
427305.0113889417
258084.74149846204
12524.738898160951
46526.505648532526
20512.13211362497
209782.65020487655
135465.69253073004
12684.819102294896
157957.17194727543
30477.856576101578
390079.819222474
