118930.67740089574
5036.183490787093
11591.276332838775
8203.899750992032
37415.844723763636
84709.47131502273
42182.66991221889
17037.382432106133
36275.11508535515
56323.40643825945
37321.087906642475
23201.103206577092
5516.763486912287
41559.46537439599
44348.233634779404
4656.440431739264
53803.475077664974
27182.817012022275
68802.83677810352
1901.132152355962
36910.958431929
9482.581690992076
43460.22309989477
28691.02414982644
12950.642677890026
5133.648575395552
18090.682535054715
64265.369513199694
10401.767927763658
82692.33446785873
27433.319045199383
4160.4792137963
14904.664751518292
9478.302146440557
47429.461314052605
14162.869152708996
33356.89033720668
60046.095511438514
23404.35219033598
29801.907489484765
40403.9871006796
38933.63887284439
62707.659722545475
42188.125673284114
3852.5341336121905
16885.429219879246
10033.111659687822
2253.562562352508
2504.8633866607784
21791.87366166274
29232.90259943197
41053.22788373295
32491.165895569146
9051.18063076268
11877.386098172601
22900.676598467613
140872.22608891403
37927.62801168322
26254.880891459718
8910.681666097867
21482.992629879864
4796.51361363198
28704.71369766804
5603.706797971798
24703.4586633261
3345.6197309191994
3648.8619130940783
23534.363894211718
16953.087127525556
10495.541274408386
4103.297093066441
77616.64449496726
