12062.987547652498
973.423047905866
14281.340556231677
7651.970687675198
1255.6248697387332
12199.811534878445
9426.784203165103
9569.246320823793
9281.823131273366
12453.422281821171
6256.165908293727
8859.458958323421
17288.06733979612
36835.56023009263
25642.267134744136
29945.53350567585
6817.603590695817
12958.43610545049
8344.388279112516
17444.216067080084
9382.633443504037
5442.116211775624
17267.169499884574
6314.816554927051
15693.875715018667
798.9942918255332
5277.2852993409815
1761.9400519136823
18931.796910593137
1193.3617380013618
826.4075308921227
8236.867814623092
30034.942450210074
4871.539334998982
2273.0488355807593
7353.196418355027
7538.12936326813
3157.1772678442285
7218.171062251662
440.2678064684337
6380.064616067262
1048.2582773696147
7472.078678625904
3690.559881775008
19313.36105384666
5401.864478526533
20843.99571379601
26846.688701654166
19859.79351146658
2526.7649735373934
247.84386661475392
17331.760433179414
2006.2290752559973
6922.466758651863
17003.722929232044
10061.593562570017
23413.741350248158
5211.646093739724
3788.5530824464336
26964.307715065028
18535.517561144552
4479.191024607417
15122.76304690025
15361.829273344712
41402.87001013053
32740.699247091787
5360.934407945314
3235.4039719605903
23980.409660627996
4177.602250310518
5296.135974718294
981.2428633530548
1248.9321572691604
3408.2707820842675
24681.92360867928
2399.3152596670525
19285.063568444817
50324.138330563634
11612.159381821744
1391.5429687843434
18839.78594791412
4410.099740254546
7942.267487388002
25974.449276509324
9863.130939390521
10662.198621785006
760.661908867044
4831.321016988736
308.07801087757974
11100.488988023326
17475.251865151866
1953.1853058681295
3852.962709110389
11787.709209845809
40323.38495700295
485.00187703039643
761.9101448834101
9452.636963055855
17474.684628144358
6586.991372182666
21496.91866915207
21687.240957187827
20790.708839287592
7149.077281215539
4255.584371339453
2768.2277763924412
3498.2708516058133
2883.3703962421673
18871.79084888196
6030.6874866032
39400.14838717567
2571.603207740743
10631.67069430084
9948.656064547517
1530.1333748652269
555.4943553053382
8685.597452054159
37111.1719520024
48954.67188540643
2737.8937097037024
32722.091123582613
1197.258761544887
13420.040148323174
1225.891297673413
1899.3188139549495
7956.302715154815
7429.819705229496
3119.752933257962
26477.73969265066
32483.407903314357
12114.512677971217
17980.92571198229
24278.06949657669
5946.1617515838625
17606.881756484105
1582.625721869603
23648.83246563256
3187.8466716938597
3186.0913139549843
7581.439990669398
1297.6492893069026
3292.0435041428714
8167.304221145152
7319.983438655978
28379.12666937782
10665.453591726367
13325.132717892806
11722.112976008251
4324.485460572734
987.0603837809831
7772.500109684131
5775.609298911619
1239.6565550574594
19478.697869471027
6683.687067526045
1252.5314953853187
3409.0731691936307
8122.863363841185
5822.424455103711
22783.429993723414
5282.998221388383
13706.171048997083
13586.976406823782
26650.54080680084
3515.599440474245
8335.3987414078
9259.053361567943
3054.078174196906
2632.6224660268103
7210.10046060407
19865.156625463493
14791.678549354992
15952.058850205964
2002.7966403975856
9396.019600112728
651.6344421959876
11110.374885340541
4290.668309441394
7280.629865550049
2522.809736492525
14234.07322362931
8002.358147666222
6776.40669129959
5289.364208984028
26853.165721885794
14271.042194243764
4884.3730540129745
19422.203684734435
11252.255941612568
22292.564187301323
47118.78000585343
38028.16210488157
5255.030057025819
20092.635969463838
25820.47519721109
22647.35806854686
8696.858592778271
11272.055358815669
1940.1666513215284
4828.891643593272
14028.01047947771
4069.4096302652956
2859.331636590918
5312.125059555106
14570.0564996758
1587.3309586287612
4971.961463241108
4012.3486491444
51137.79252939304
3521.381604530622
25694.811357116996
19129.11206308946
960.057578236968
14705.465474936773
28030.642276125607
2493.5633164409296
6408.956902482784
13489.149082959622
2441.546523888015
385.8541472045558
20795.623217641663
10756.993032680737
2583.5956460369434
20829.084794200135
18273.948378402667
4953.163147628428
8107.576206660983
12645.042367297285
3311.2666206471954
8820.078890710638
7804.232801532466
4145.2432053150615
20443.34678242726
18807.169239428178
26537.45134917605
3945.9738254572526
5464.828546488976
34628.82791332223
12829.975716669762
7879.758705284861
6428.326836581555
33955.32488424867
17974.955720796133
2224.290064060158
9537.035947084498
8440.153588456573
8852.740768826177
3124.700028606077
35943.500890826304
36750.032576489546
647.6146152659703
16176.354668171172
7251.564260574481
4539.812433855861
12274.20792450244
12548.98693476856
3179.2471140335547
416.38229287684555
10765.26228065187
410.844853585609
3654.9713712901657
8008.78524632748
4591.544761058411
326.909187193038
12995.109467583183
442.31968733616793
7048.100377327383
4935.080603756756
10248.941897337108
1952.4909928030997
4647.697770589934
22026.861077081165
21220.030258651055
37695.15366456664
2662.6642189937998
5553.7334756892815
1074.4438978611945
16455.354951732847
7195.367710864111
2111.3308432564595
11238.931121989513
23453.317370275334
20338.87132508254
11875.917313802604
3978.814522596398
11412.73439301442
23010.55789165576
18040.408678329426
6428.896026720305
31372.97660173566
20231.3946233294
6694.8002441163
335.0595766639021
3055.4225426916746
1911.543469082097
4060.2161682519054
25213.686977672864
18102.84630876015
9628.551829547203
1662.5986641711065
3142.2458280916762
3259.0483169913664
3013.0671619240006
5016.727270443815
31074.148689433987
6295.975266308701
14271.991917206273
18172.246974729012
15888.629772250688
26843.00894503362
8925.486564825205
19006.109415328287
32755.22517055574
21752.499070234484
1169.4003525171318
30888.975268886246
3156.311664647642
6236.829727288177
29666.908556363585
34589.80383995004
4234.767713995526
45440.43500569582
16777.942575253164
39845.184604904265
13226.539583310458
2696.2829548358272
35009.575355653535
13712.981918259138
9300.318418972867
2895.468666359293
4322.092965527401
13962.80028569408
10983.554573635109
2962.462519340976
5141.585261136424
20795.6196116718
1992.9057359125638
1572.438249730097
35376.6665290431
4100.919083147699
49928.40893109771
412.1246151461255
6462.0724106697035
9009.647591607349
15024.306987833023
23828.822536870466
11090.83263551577
33771.91895338496
27498.40480595074
20177.96236033736
23813.96607146098
14255.009512657605
28154.96656796399
4376.132610318527
16426.607344703818
11356.494364986916
5430.017928541946
725.5552288970765
2475.492701443366
15576.58614318367
18509.33465012983
18202.039899759053
14576.415141780879
21574.932701030997
9989.446104739729
12423.926748511936
6345.109871509354
3340.931075699853
25636.798473764502
8705.040638914918
49671.21528538732
993.7844302416099
28303.231405323262
2438.174769204338
4124.485428584679
8459.59799959914
5840.502805346034
6214.299971062593
22573.332453318286
257.61590166520745
473.48581136390686
1062.3779486717522
31578.055433143563
29396.99661535777
12862.967527946641
10626.16542373926
1897.9235885171354
19510.24722275396
6719.6241329197865
6452.539634146269
41985.12779823298
5087.523588163243
24101.004498251372
5288.588297993047
7676.882068531155
10511.65174781929
32586.504391819763
9057.339447952738
5493.973256353042
925.4297177423534
31017.86796795046
71691.4668895152
10880.974877657301
25447.87114280257
455.0304172668509
14779.021260721442
11707.422000877594
14777.86012172467
17485.21404293743
17788.737559331847
38787.53873143333
919.1170314984686
28191.982829759218
24065.832876222437
4052.955329924483
7036.020924510077
6288.2520869870605
422.93546933482946
2602.825223022369
19185.61733157045
2757.2318233029578
27036.15707138805
28371.521544760417
20267.167729600234
14601.667276070713
9515.467627268996
12439.038832596325
21183.30928712282
15626.655279041817
7521.650209171902
4222.871368575044
8944.987276497923
50070.81884464963
22088.221400165698
4770.519549695238
5349.456039245523
14153.35748267039
14604.59514158866
6160.086923851962
14170.682597679466
4143.075609322218
16443.62235604296
15314.09272570109
4374.507146236391
38.56028955277974
10913.192214366085
15137.009657889303
1856.228798964472
462.86005940615655
19170.428038519585
212.0205557105414
26048.740285273954
31378.884101418775
42150.800436467114
42097.786130139815
3770.3612260179666
28304.89688613673
3451.4705193513237
11290.758048238922
11082.11999441041
910.7753493549337
8091.994395720972
21485.705024294697
13671.733992067355
8228.612363487431
9860.192442158754
6229.4286592228045
4214.337502288361
4089.724475883524
3545.7575951056883
11448.47545917345
5289.49581927216
17181.560268929094
19439.48141574807
4005.471699984462
8037.481382447356
5420.642251380398
12659.688884482843
8697.948727612775
5693.975673208892
8532.85065758001
3958.228892681085
2245.7560583648888
3058.1367256512412
8190.806789590885
10763.590299905502
18366.113199376356
3549.8242172710657
15095.99958168294
12909.672100370357
1311.8348897379092
3226.096752658701
2437.965863518688
6585.3863748540425
3978.837763501932
12077.567934647124
12596.993643146612
12438.423778955064
37888.92874772619
18663.931839334266
41649.82049754279
14700.183903913106
15043.528410859097
16121.526860295005
34504.00217762953
850.7668694219304
14299.536660266147
1468.3428074421981
4621.168142214797
1535.3077261525941
5465.848148793896
77472.0476181924
8801.223569967604
7898.390631573591
1682.0577649191055
9194.753707491387
8819.218467462508
567.6004164543605
26821.506163416267
5882.795907648937
8598.49130770421
6069.109242180838
30017.67273645633
1967.388443745082
2514.377917744209
5432.46838914963
16707.151175741627
379.02821451114517
1733.6406904274004
3058.4252884931216
17194.890531660436
2201.6629567917917
484.99584100444696
3041.836201531178
7075.486425280127
12817.165488191322
8614.241589249606
32200.47919424358
9230.986163779535
17496.00351294248
28726.728152408697
5205.235545280983
1473.3534101250248
12371.85864780185
25104.124892393964
8561.181806236731
4614.429878587423
11975.77851062085
28305.26501297432
8041.157098677592
7275.758257609699
4774.206628609723
248.27285940789017
3582.297186565436
15220.644879125388
51600.38147314401
38633.09089127076
7725.630920101078
1404.4487603469158
7459.690812729365
5218.858430689113
1448.9317996499633
9728.29819504364
4502.898672202514
11753.17277732485
8581.855465059576
25353.206215917395
19436.161582839828
10844.901959804896
4288.294483938286
8661.250098360179
4890.687920414051
36115.39081793403
3614.3660475000315
1418.7505215854087
4515.41087206105
41787.228025959485
78740.66069168798
4132.836939912927
679.0992667394203
14444.035430609909
14639.725387592573
750.1523609019978
267.081944466147
2346.4664970914723
11033.142249553453
4270.517447036483
8536.922868999689
14362.40478197137
19403.62226587851
33212.34997181602
19007.235308955547
9361.118189704253
14731.18218669838
10018.814133260747
22873.798822053668
5834.988089471187
17018.179655857337
3288.7387838890495
10231.761970990161
10726.064547177542
21672.758756357143
8050.064244069848
1946.7276535580384
18083.60939503231
6393.1246927625525
19913.015668484073
12821.894415071549
597.892924601562
20074.53456944134
7097.210315462713
5696.841846213541
850.1044389084054
16917.632831859984
9604.40005753143
17390.74183997154
6318.72564419033
40249.79797079932
11664.26090085589
4969.441487145557
4314.985087724629
27038.67013585248
9164.96157688393
24488.114354534646
8053.670875427521
11964.204665830337
9607.45391499658
32960.855859963536
7118.524629672592
2103.901322811172
6605.574893964099
46317.81442771735
28349.14107343172
4655.572293320549
4693.590930712482
9995.10771807477
13024.392349559044
1858.8036571658267
6541.432653798128
7207.941080007089
13033.199045022979
4787.399847032419
5555.321167256427
13740.553714660335
16656.884476975538
862.0477542326325
3146.657144426497
547.3617774700924
7632.314804443219
45092.773808898666
7453.471434743073
38877.500202648975
4177.009607020088
11275.528737985045
1013.0992890154133
2297.642651740978
1502.930548273507
7346.2662959417485
8679.13897354898
49327.659793557985
11470.901711914496
7776.447446749928
19262.519545634033
2689.494205817418
26723.81501058874
869.375939950138
891.9871130614802
28935.555678960533
11870.020735339987
7363.679427386921
3353.528249278241
17691.22806197616
14714.611289726829
3175.26736125742
6036.010194897996
1943.0311822538567
10114.515627296285
40729.55957746873
31511.6828251198
2718.1740994900647
10077.649271372393
20685.798342045768
26412.065674114754
10960.587853824094
10329.134781516255
6449.158876722657
11229.708799733546
7677.757172492053
8970.444730542471
5277.290900362181
2726.9575417909055
10631.352569740304
25686.29009430388
1538.7765774812765
12070.593207884045
17321.137884277527
3339.171217151657
5935.391839893309
6736.660854710061
7474.937604079658
19422.504434093436
7743.865321193147
2064.9185353325383
18866.739414372914
22409.0442628029
14669.82314691754
10943.521833261659
128.889355677731
8788.075666737725
9537.717020171593
29348.6987860389
6767.256444127424
4513.974046742155
4339.514597380609
14511.326940709805
8211.66489174764
2828.0869710686757
52278.93297102331
2539.97863300695
2308.7535102207785
9615.439668934434
4980.500028026795
9631.224948745456
3430.687086025647
26031.922501436504
7990.0665738866455
22512.450857870135
44960.61896034859
1727.248344000694
22744.0370554766
11227.343341419088
11069.447563906493
8331.314300519512
211.79414667084018
17922.654047277007
15139.3893705012
1113.1438175885492
14715.618878865525
2563.8028799890317
3412.924364119443
31043.52738431915
29477.976379572694
21378.613762023848
3009.7842249968944
6487.08037428185
22119.92344902966
18321.563059691674
10918.127738464087
39474.39881441989
10333.860353708653
2863.5783700778425
27266.980933488136
11149.202601111881
26912.664928137434
20118.703051334247
9474.67484479299
5933.087901674887
12942.997632552764
5733.282041163894
3965.4420315316042
3189.285422389103
1041.8683798993588
19931.17724355068
13253.15200732589
2730.8158171607315
30061.800183305553
1629.5628924151913
2915.0695786783954
5280.827412782186
4878.132680144215
5044.741474602065
11361.358786225526
2190.218160669566
3558.070912474693
30637.156521832352
17418.118296884386
11450.805731647315
2319.8253738148974
932.6148650267346
4957.470900279284
4468.511829222539
11368.634718783565
24467.109432042962
79159.65036494042
3075.196273483424
5053.644875176579
11290.723065979098
2404.3180492821134
16431.759330920173
7163.2841701266025
7563.224191981973
22268.61450058671
1609.7165248803228
9374.324643722428
35532.803668470995
18065.573218018493
10285.307224031674
4836.961102638912
88.504475134246
11611.1245838846
