0.10500180752835271
0.30394433833213724
0.15669644435724853
0.011672137143980136
0.7113399199185364
0.9117366097872219
0.5261430284018305
0.10674103839622504
0.2662840370249629
0.3920267359630484
0.005142548345055267
0.000500387846209349
0.00047789731661814015
0.05429792184307236
0.06376674180499425
0.30069510737024246
0.12288271244617727
0.056826574895526956
0.757549144637897
0.19858738753433045
0.12579817133781318
0.4484066521527788
0.24681200056487304
0.48477890236953
0.019031051729187783
0.20382821984698402
0.12618773188977556
0.03873503830700826
0.038084842136726346
0.012990920066599937
0.08023441895208441
0.017864877609406835
0.5645162927378593
0.14849807571801452
0.10063852351300312
0.3436464776265637
0.15451555994375607
0.29267923652832006
0.44396958662406094
0.02394424008868677
0.076301660590823
0.16343020814315115
0.04139815515168161
1.0477630843021597
0.9362188574351898
0.0765526468388033
0.2267868011964247
0.011727492875232325
0.2031414528614302
0.20080566221344304
0.048841774955990055
0.25859579215104833
0.004766426339271741
0.023395146251713513
0.02520834495090381
0.08895914095264806
0.1135595922466497
0.07472028502249461
0.18397955801304605
0.02296783635027114
0.17607159960872296
0.1845735473498023
0.15355350472739518
0.04112422656501089
0.2535625530775613
0.06563370987998614
0.01522401726238147
0.13327337169850215
0.085619575723329
0.6110868064996973
0.3074409898290875
0.3065042673003316
0.030411515836013845
0.19983623524907015
0.41990217758550474
0.18592001611449277
0.16229686687587427
0.3111145339231825
0.37296869231245844
0.4590838276034107
0.16943781227955745
0.07608557406670768
0.5104276262512383
0.25198719419470567
0.6051426443112264
0.06694569582359425
0.07933657282587411
0.03449100636489066
0.04231750973590416
0.026091790374550627
0.44239961005055384
0.7434337099454817
0.13747945938986647
0.11830331015233966
0.11513557907816037
0.39101730884767577
0.06276027342445203
0.05672345818548479
0.08417828106503816
0.42503317625424397
0.1456056239619295
0.34768389831147994
1.1121228813468234
0.08797510983769613
0.23895642730545874
0.13184446514975656
0.0011204490347638141
0.004651959615859726
0.08516608318769707
0.29229657565205264
0.15276797573710052
0.2666724329265578
0.06979765564240127
0.3393325824815962
0.001154801704235661
0.09903214592316922
0.09906335763732631
0.529032300377515
0.2880062108715277
0.016864673020073776
0.15926598828868024
0.036701476643487156
0.03208450492377615
0.20765033519932447
0.5673138198184994
0.29202562134506393
0.45738809209367004
0.08011446285876185
0.24219461459744507
0.08473580897256826
0.20406134488984898
0.0923417606625828
0.16932857784733554
0.16975869571758428
0.4265806641917282
0.3068325577842016
0.11142041818633035
0.1264175314219107
0.7014368303149541
0.013847916797821064
0.3809810252868882
0.554626219204235
0.0852331807786673
0.4487934552457404
0.1572918797587049
0.2679728064103521
0.690828922530765
0.009164040695343689
0.2023388872205641
0.40714175542750874
0.23980210851107053
0.12421887566436647
0.011918986821778943
0.5841341931747327
0.008212048501178959
0.019689785604741675
0.09630108065462993
0.7513119288488914
0.07660973548687393
0.037479297323499715
0.2814247572491374
0.015307950165355938
0.048127500253779154
0.24955831049610885
0.049229222610636676
0.22606743431432405
0.13377975168784184
0.10495402954730809
0.17228033823381655
0.08400957460798741
0.09191533966949555
0.05926871090309153
0.35679851538966495
0.0009456560586527579
0.0656777354461982
0.3709307840885529
0.05737676403059725
0.2914509859643255
0.06440440813900312
0.03643647036350283
0.20961461456133412
0.07095328098489041
0.03157772890368946
0.04479824100864779
0.152527249480572
0.3418361190549102
0.6412664164727632
0.4077255385302333
0.44070501690161007
0.13642314427252109
0.4336170630850012
0.1639198997283912
0.5688990767000125
0.0518249793372476
0.12069538024873974
0.043098947836190275
0.09657884115850955
0.3545061759655469
0.15954184209859565
0.0229248137032061
0.15959403103585137
0.034947184536133116
0.5043589972454967
1.1365362198923479
0.19826870896067939
0.10486153889109871
0.12152479810907298
0.06752091410818788
0.2892739354746493
0.017454426526217842
0.008006108547888911
0.5484233069721578
0.15955393838765627
0.245223837285486
0.31183023293075735
0.08553435694276185
0.1778426688866213
0.1049010815196225
0.23600301607402469
0.14938441289843646
0.02394169132075851
0.16398180364130907
0.6327304889688988
0.09272393906387744
0.10332041191592621
0.4379582184651616
0.063197505362512
0.21320225642477605
0.1951075667924101
0.19864213965801264
0.43817617167268097
0.2203495612440428
0.049158623591303796
0.16379796262517302
0.03673076442790173
0.20565046742025556
0.018250892490416393
0.19611307169379805
0.3347789782681129
0.00912175558902504
