0.9437539658891717
1.087128974235059
1.4116570187354325
0.11911219908278535
0.34774024148659016
0.03691594160041471
0.5651048596611291
0.7814714267123802
0.051026710998627815
1.3619373119292855
0.30559890621855124
0.24845994359312196
0.07054500688090129
0.008879064717563938
0.2466273107782861
0.3830495087011509
1.2918503396811805
0.04661381594276531
0.5062905822056456
0.008435570395032111
0.04909306190331546
0.06865944940871445
0.30928776858580176
1.0752615616675654
0.8452000702303614
1.4395688922476761
1.1448092998145818
1.0291865183095752
0.007402637454042791
1.544857434638775
0.3404758602314479
0.4396030043081421
0.8277255180937667
0.05454300548936942
0.17646979752420203
0.2030300935554637
0.31959900609108927
0.3284807414599745
0.08475449626844149
0.205122482266297
0.1767651978385747
0.34077221673182434
0.408001123994314
0.0019998449038923383
0.20369115641805202
0.14503020792590093
0.2413158107296722
0.02891256014996573
1.0623096649204238
0.030136148453913172
0.009667888839113424
0.12313840847680112
0.1748810869904847
0.05533212781465053
1.2181767054118087
0.4099597132359741
0.15968229678242266
0.011604587527542764
0.877102537222626
0.6795827575803068
0.2348174950491283
0.6944932928303524
0.22827620675971336
0.4736722586252995
0.7290023631009752
0.0001253584362667578
0.05899316946775499
0.38676438379269457
0.7092219998065478
0.3178015531960132
0.19620563465495033
0.01152682649357944
0.7873444434411728
0.14343997396554853
1.4283860599688902
1.04172194648644
0.1881670322035369
0.34888046538955364
1.469952199640316
0.32229590006910264
0.9962012617135947
0.515157030958663
0.7404472132453045
0.15373851894739513
0.1410507058426684
1.009395321642409
0.1819846411580662
0.10941878321966393
0.4369756799388003
0.1275284471819188
0.5928992522422526
0.39124039617006773
0.06377864345014139
0.2737868167542588
0.0036380450277084826
0.23259853950591083
1.0477212645747411
0.07626819819505531
0.38204380526916004
0.40810728755835685
0.28295575411923846
0.00989418428916777
0.666075834787652
0.1812302601872313
0.2901308395191813
0.17288524856543716
0.03715005445846241
0.126563910046179
0.1318658151495335
0.5109184553473859
0.036668361813708965
0.3215795005224885
0.0918572239156488
0.01882380909232783
0.40835357738156297
0.13394239597210097
0.1930116122122931
0.31829116034114996
0.3816621787691787
0.03620555366671753
0.39604027073728143
0.04199536070102444
0.20579018524201226
0.005598153306540213
0.027265201407854177
0.98365869814292
0.38908221977563834
0.6225705192020491
0.7881461385042984
0.9180646097354389
0.16881686163941997
0.45391608777671233
1.4192656388491989
0.732509578672612
0.09943340570627833
0.04881486498140308
0.3362225843311419
0.01978877802666736
0.07161369167173443
0.06698525733873037
0.8074181682999476
0.05065803740136892
1.4194905934730795
0.4384103665889647
0.12662855721950123
0.33467528352556514
0.0033135740194952276
1.4546705481942774
0.10393919489476064
0.22975265667292935
0.07867330132029093
0.05587507945830533
0.4379642387669296
0.4047200777447887
0.024839571583030618
0.1103139737176768
0.029552842859576264
0.07469389866410736
0.00641086777646161
0.06439303940905731
0.21772176159258566
0.34631350188029797
0.5589829227521033
0.12729224049135332
0.4031132823336914
0.050581232515139685
0.979795044972443
0.2506405346767816
0.011811911360473014
0.006301452803051182
0.12981811429233
0.6479026075422507
0.6464012065077694
0.06516276056797929
0.6486208302816648
0.30058050583339874
0.033111908555637594
0.39895312401137395
0.40624169988803327
0.6924084865045431
0.5526536349124755
0.9700825987321422
0.06477306465565359
0.14031786488828868
0.5180108167001104
0.45867311302911246
0.47963656197354354
0.04201758057173388
0.17172568573871608
0.8096651932614246
0.09264981429085681
0.02196192700989244
0.25313302602234217
1.1134550975603956
0.35260862141179683
0.4430489321111242
0.08923063118241562
0.24890192128833638
0.134498666992586
0.17429609175074023
0.734080531216133
0.13494524374401906
0.43097804987557875
0.6969535999684983
0.22842413506588558
0.16402857681928354
0.2388161249394375
0.22520075196169112
0.18882024838285102
0.09449314002534724
0.21530899756421526
0.16657041252862387
0.2825223924032083
0.038861981794900136
0.7896775722972045
0.05004664662457084
0.8769321856450851
1.3080064795830728
0.4431062473642198
0.6104669460386651
0.28296044541042725
0.6564696822672766
0.3670179911553651
0.0062923306856996885
2.3307442700045864
0.6455291580342559
0.27245846151114583
0.39041271358261825
0.9526666774315145
0.11447455001271344
1.1645109493774122
0.5866369053920363
1.847133206062591
0.3898270361244493
0.42394310492254744
0.4325000727668031
0.16363931228343392
0.037645347176198475
0.19051608346455653
1.0690069185399085
