6442.770919759393
620.6354295346686
1045.8567986799246
1203.7838473136253
49.48446081090246
88.10914129154581
14.227012489974193
56.593873650505294
51.715134523675914
1531.2950607450573
2637.8540747787642
62.78195723767991
2337.245331900019
4.61624927897568
2743.6626450004073
361.72782034497567
12.091055319723907
3081.9633339914617
9.769827668083973
5.356818520607284
297.9443902267127
142.68581988695075
5480.682413341997
928.4450440302926
15.40842161131341
749.1848663555127
14.171680045817912
88.53329707399081
716.2676265405497
711.9374716894991
450.4344783444814
9277.958420078126
5.09305217794527
9171.446727347135
4590.105397513631
6454.4047834423745
3930.7156157174577
20.2507989313097
1121.9377358811653
10136.375542375981
96.21807002789006
236.22239342229415
1079.72989064587
2511.8218088381755
1583.1409575724654
3379.515396647877
605.0064734893134
4297.086851343796
13153.438463461367
137.79464251219315
3710.0091858710703
28.133902074541755
3141.6898302195764
23.049801420880044
22652.861124444342
83.31152334048448
85.01319988107691
199.82354432272567
2289.9505834711217
5651.616059596699
6659.927653080736
10.275222696603931
13758.366348626698
32.11666171026354
907.1183579507828
8.571202161152113
74.21257468001119
7422.4733141128945
62.59071963439467
11560.624652000379
126.52828538084474
9.617713172570262
