95574.42304851385
373579.78644029045
79384.50471381706
24816.119560003735
129174.85244652141
2529.366894931645
5725.642961480741
80315.16896002406
358696.7748305635
65293.57138995978
712508.0719867877
71636.963266409
24639.133601353435
677019.3617272248
41419.84120290512
221899.03793670112
260023.55262800914
359835.66779145517
64654.52117235589
602762.433576394
161310.89144868025
491424.8885982084
213183.9322243398
245166.3483074826
42031.55015545236
5439.194597204793
34449.309932399374
450025.19422494527
472069.73367196065
27775.209092223595
173606.01955957833
130510.34456974779
5809.104236376455
163077.17546440673
62016.51233675404
81168.06270354704
148793.44699803108
1205509.3358310992
166698.538133082
58825.29880645585
6189.783136252658
141353.10696688443
265035.6930195163
116107.2228726091
295685.49670841586
240138.23647935735
271316.1586823333
520.9487110505072
93307.03234647315
31561.279305069544
60637.54174616973
387047.4605558359
468082.88516284275
786626.9824419229
21100.275287313932
5676.612953806189
275783.41120793205
253738.267097877
122680.5758164222
76464.47264521584
63571.47422633135
340490.11088138004
107204.34622970427
58060.975366905186
39010.21984664454
6162.747161245914
149576.43045499607
372271.389867419
284396.9003977926
365580.6323296467
49888.512833553694
47417.13347463043
466910.0731370295
291124.41766746464
185570.03233361515
4190.469828879029
40640.60108637772
100455.26747866669
104989.5150419248
453073.9486220562
180725.39555167663
202233.8963864568
170784.5893239043
281605.529214731
19824.57660450323
18011.6229344477
83344.34868814504
223750.12434302046
80899.3774138565
279884.70162471465
44246.46050241478
271522.7348448633
611604.1356893565
56096.85427466374
178287.06471583174
261522.42891504936
124115.88364443052
322756.78807604266
75409.23231991951
110664.94107537417
52259.22878817668
81823.01963850266
180858.71504819515
405318.2077217256
252038.42274150645
65794.37685716654
897088.5814574384
311894.6506769103
49315.33232012981
358617.2698106384
248832.44656591208
6368.321791930526
61208.598842558524
302694.47111394804
121122.75429131209
148745.17447939827
357149.17929178465
23105.52109272726
43263.55973854024
643829.4136828888
17363.619553547724
118117.60231580211
226834.633738471
61287.011496922605
90086.0622484236
497483.13799407025
60519.28985566399
392970.1264358804
336180.99030690535
108221.97577792205
79042.36059103326
49337.0965435561
31334.75654715879
50343.404662403664
88805.13068983321
446942.2457179364
183856.6399752845
34137.325566370746
253081.0380844289
60154.49056251479
51381.8396015946
858927.7691138827
159509.75448039421
84017.13561027427
91286.12426172192
353039.47735673335
197252.2606319614
2872.6254902178566
351762.6640763867
24140.376413113714
8817.525720618005
10842.0801603351
160455.5548384126
577862.756709193
794016.4261779127
54555.54147822531
345003.70393271145
39379.31690308905
459585.28308972786
153164.48458901758
22076.553130880442
331898.97868290375
18242.15936412873
198745.28385163812
274439.8922890281
13991.675329061227
172630.52640912903
136517.68024758855
304962.10066846915
619418.0584779708
445954.6417542836
405784.47415428114
115924.84829358719
46965.784749222046
469484.80731851683
22973.87608759698
516886.09867273446
234737.00936473213
94790.00942172854
98424.26103197155
288116.4765196622
201564.8148702217
502972.9629605449
208144.97919900293
138840.2997065069
75085.63113948912
20966.176409908578
123589.61995156256
117701.23204025553
227779.8541608818
482685.13210210245
254297.5308580344
563329.8607841261
539197.4202520753
37439.12087680431
139720.38300834887
399669.8563015028
140401.2235031482
211368.3189183938
789.155230270015
488814.86344935786
163064.80884864365
103586.88724291002
50938.20997569987
3519.8267762072505
296416.8022110436
79990.90647639435
214742.46044426164
244241.14798897773
435808.5632900345
73203.5328179523
179187.93222693924
517448.3127327816
66885.2429176525
88841.26042492762
678721.7930711292
220893.15637568076
53313.86534752085
21995.615349403575
794404.7053361426
17422.538486176145
157536.4671871062
248023.20747656995
60579.11612162109
1163.2505012240422
139673.64807698914
96806.01417436986
322571.5279413384
532406.9805771399
496515.9054960115
245190.1776020476
91046.40281049242
20911.15509529548
701977.8695266381
34517.50052498125
308196.3215455075
60099.49207646054
205277.08725616295
41441.25800577604
164575.67045255707
