364511.0195739376
23888.35910059567
67388.49695641223
461089.9409690254
275786.8396551094
9249.784558922742
216280.32653306352
144746.04809628733
41595.00330703122
120282.5262274267
4365.166375413816
53106.461629123514
155324.71428260318
69599.39008416135
84516.96821342871
27131.678080726993
46631.8249024545
14966.218242440962
636604.6982200141
460459.15584345435
83236.50683715848
69089.21709682154
334840.13003909885
62964.5228158668
245359.79152195246
58280.41157527818
54467.6392173929
53346.50774982124
109322.15666463888
36610.06665517968
83294.83665487591
56930.304482149826
41395.23070370902
243802.55470165604
53643.89572181218
17418.65110414184
99002.64864898328
206.9534501530591
103960.71216614763
394933.4382762064
137298.32702719097
78930.76672461965
306994.6326172468
111939.91046395146
38405.43273213404
313709.2123791568
54022.448062259
36028.32709519511
482738.1612348993
101165.74255069038
75857.68041142107
116155.79878368652
395407.1641644529
570454.346554801
45322.81069209577
356698.5290114919
97636.82842456576
71900.35950604148
270802.1448429635
53660.21317118852
266490.640867315
578048.4886349251
184638.20344872726
290392.24461718183
101198.64931122512
340849.88804643526
7359.446137908253
77518.52651506677
58377.20263692729
9527.924549587362
53844.00619847081
212003.05493940783
