1.000000000000000000e+00 1.665999999999999981e-01
2.000000000000000000e+00 2.529000000000000137e-01
3.000000000000000000e+00 2.897000000000000131e-01
4.000000000000000000e+00 3.084999999999999964e-01
5.000000000000000000e+00 4.637999999999999901e-01
6.000000000000000000e+00 3.987999999999999878e-01
7.000000000000000000e+00 3.986999999999999988e-01
8.000000000000000000e+00 4.611999999999999988e-01
9.000000000000000000e+00 4.949000000000000066e-01
1.000000000000000000e+01 5.300000000000000266e-01
1.100000000000000000e+01 5.659999999999999476e-01
1.200000000000000000e+01 5.857999999999999874e-01
1.300000000000000000e+01 6.151999999999999691e-01
1.400000000000000000e+01 5.934000000000000385e-01
1.500000000000000000e+01 5.943000000000000504e-01
1.600000000000000000e+01 6.301999999999999824e-01
1.700000000000000000e+01 6.660000000000000364e-01
1.800000000000000000e+01 6.665999999999999703e-01
1.900000000000000000e+01 7.006000000000000005e-01
2.000000000000000000e+01 6.856999999999999762e-01
2.100000000000000000e+01 7.064000000000000279e-01
2.200000000000000000e+01 6.924000000000000155e-01
2.300000000000000000e+01 7.087999999999999856e-01
2.400000000000000000e+01 7.122000000000000552e-01
2.500000000000000000e+01 7.409000000000000030e-01
2.600000000000000000e+01 7.207000000000000073e-01
2.700000000000000000e+01 7.628000000000000336e-01
2.800000000000000000e+01 7.557000000000000384e-01
2.900000000000000000e+01 7.739000000000000323e-01
3.000000000000000000e+01 7.785999999999999588e-01
3.100000000000000000e+01 7.694999999999999618e-01
3.200000000000000000e+01 7.653999999999999693e-01
3.300000000000000000e+01 7.974999999999999867e-01
3.400000000000000000e+01 7.861000000000000210e-01
3.500000000000000000e+01 7.993000000000000105e-01
3.600000000000000000e+01 8.055999999999999828e-01
3.700000000000000000e+01 8.081000000000000405e-01
3.800000000000000000e+01 8.097999999999999643e-01
3.900000000000000000e+01 8.112000000000000322e-01
4.000000000000000000e+01 8.078999999999999515e-01
4.100000000000000000e+01 8.172000000000000375e-01
4.200000000000000000e+01 8.017999999999999572e-01
4.300000000000000000e+01 8.233000000000000318e-01
4.400000000000000000e+01 8.131000000000000449e-01
4.500000000000000000e+01 8.169999999999999485e-01
4.600000000000000000e+01 8.427999999999999936e-01
4.700000000000000000e+01 8.336000000000000076e-01
4.800000000000000000e+01 8.397000000000000020e-01
4.900000000000000000e+01 8.488999999999999879e-01
5.000000000000000000e+01 8.278999999999999693e-01
5.100000000000000000e+01 8.334000000000000297e-01
5.200000000000000000e+01 8.487999999999999989e-01
5.300000000000000000e+01 8.414000000000000368e-01
5.400000000000000000e+01 8.485000000000000320e-01
5.500000000000000000e+01 8.663999999999999480e-01
5.600000000000000000e+01 8.592999999999999527e-01
5.700000000000000000e+01 8.554000000000000492e-01
5.800000000000000000e+01 8.498999999999999888e-01
5.900000000000000000e+01 8.541999999999999593e-01
6.000000000000000000e+01 8.576000000000000290e-01
6.100000000000000000e+01 8.618999999999999995e-01
6.200000000000000000e+01 8.610999999999999766e-01
6.300000000000000000e+01 8.695000000000000506e-01
6.400000000000000000e+01 8.614000000000000545e-01
6.500000000000000000e+01 8.600999999999999757e-01
6.600000000000000000e+01 8.665000000000000480e-01
6.700000000000000000e+01 8.676000000000000378e-01
6.800000000000000000e+01 8.690999999999999837e-01
6.900000000000000000e+01 8.692999999999999616e-01
7.000000000000000000e+01 8.737000000000000322e-01
7.100000000000000000e+01 8.759000000000000119e-01
7.200000000000000000e+01 8.739999999999999991e-01
7.300000000000000000e+01 8.745000000000000551e-01
7.400000000000000000e+01 8.736000000000000432e-01
7.500000000000000000e+01 8.811999999999999833e-01
7.600000000000000000e+01 8.727000000000000313e-01
7.700000000000000000e+01 8.810000000000000053e-01
7.800000000000000000e+01 8.864999999999999547e-01
7.900000000000000000e+01 8.846000000000000529e-01
8.000000000000000000e+01 8.859000000000000208e-01
8.100000000000000000e+01 8.873999999999999666e-01
8.200000000000000000e+01 8.860999999999999988e-01
8.300000000000000000e+01 8.759000000000000119e-01
8.400000000000000000e+01 8.859000000000000208e-01
8.500000000000000000e+01 8.839000000000000190e-01
8.600000000000000000e+01 8.870000000000000107e-01
8.700000000000000000e+01 8.857000000000000428e-01
8.800000000000000000e+01 8.890000000000000124e-01
8.900000000000000000e+01 8.859000000000000208e-01
9.000000000000000000e+01 8.911999999999999922e-01
9.100000000000000000e+01 8.894999999999999574e-01
9.200000000000000000e+01 8.881999999999999895e-01
9.300000000000000000e+01 8.887000000000000455e-01
9.400000000000000000e+01 8.938000000000000389e-01
9.500000000000000000e+01 8.930000000000000160e-01
9.600000000000000000e+01 8.970000000000000195e-01
9.700000000000000000e+01 8.870999999999999996e-01
9.800000000000000000e+01 8.900000000000000133e-01
9.900000000000000000e+01 8.943999999999999728e-01
1.000000000000000000e+02 8.898000000000000353e-01
1.010000000000000000e+02 8.943999999999999728e-01
1.020000000000000000e+02 8.979000000000000314e-01
1.030000000000000000e+02 8.895999999999999464e-01
1.040000000000000000e+02 8.957000000000000517e-01
1.050000000000000000e+02 8.902999999999999803e-01
1.060000000000000000e+02 9.009000000000000341e-01
1.070000000000000000e+02 8.971999999999999975e-01
1.080000000000000000e+02 8.999000000000000332e-01
1.090000000000000000e+02 8.971999999999999975e-01
1.100000000000000000e+02 9.046999999999999487e-01
1.110000000000000000e+02 8.969000000000000306e-01
1.120000000000000000e+02 8.980000000000000204e-01
1.130000000000000000e+02 9.005999999999999561e-01
1.140000000000000000e+02 8.989000000000000323e-01
1.150000000000000000e+02 9.036999999999999478e-01
1.160000000000000000e+02 8.993999999999999773e-01
1.170000000000000000e+02 8.988000000000000433e-01
1.180000000000000000e+02 8.947000000000000508e-01
1.190000000000000000e+02 9.012999999999999901e-01
1.200000000000000000e+02 9.019000000000000350e-01
1.210000000000000000e+02 9.036999999999999478e-01
1.220000000000000000e+02 8.983999999999999764e-01
1.230000000000000000e+02 9.014999999999999680e-01
1.240000000000000000e+02 9.042999999999999927e-01
1.250000000000000000e+02 9.061000000000000165e-01
1.260000000000000000e+02 8.994999999999999662e-01
1.270000000000000000e+02 9.056999999999999496e-01
1.280000000000000000e+02 9.029000000000000359e-01
1.290000000000000000e+02 9.013999999999999790e-01
1.300000000000000000e+02 9.039000000000000368e-01
1.310000000000000000e+02 9.023999999999999799e-01
1.320000000000000000e+02 9.061000000000000165e-01
1.330000000000000000e+02 9.065999999999999615e-01
1.340000000000000000e+02 9.051000000000000156e-01
1.350000000000000000e+02 9.044999999999999707e-01
1.360000000000000000e+02 9.029000000000000359e-01
1.370000000000000000e+02 9.044999999999999707e-01
1.380000000000000000e+02 9.069000000000000394e-01
1.390000000000000000e+02 9.085999999999999632e-01
1.400000000000000000e+02 9.048000000000000487e-01
1.410000000000000000e+02 9.044999999999999707e-01
1.420000000000000000e+02 9.054999999999999716e-01
1.430000000000000000e+02 9.083999999999999853e-01
1.440000000000000000e+02 9.064999999999999725e-01
1.450000000000000000e+02 9.095999999999999641e-01
1.460000000000000000e+02 9.085999999999999632e-01
1.470000000000000000e+02 9.072999999999999954e-01
1.480000000000000000e+02 9.098000000000000531e-01
1.490000000000000000e+02 9.088000000000000522e-01
1.500000000000000000e+02 9.130000000000000338e-01
1.510000000000000000e+02 9.071000000000000174e-01
1.520000000000000000e+02 9.072999999999999954e-01
1.530000000000000000e+02 9.086999999999999522e-01
1.540000000000000000e+02 9.054999999999999716e-01
1.550000000000000000e+02 9.089000000000000412e-01
1.560000000000000000e+02 9.071000000000000174e-01
1.570000000000000000e+02 9.090000000000000302e-01
1.580000000000000000e+02 9.095999999999999641e-01
1.590000000000000000e+02 9.136999999999999567e-01
1.600000000000000000e+02 9.103999999999999870e-01
1.610000000000000000e+02 9.083999999999999853e-01
1.620000000000000000e+02 9.074999999999999734e-01
1.630000000000000000e+02 9.095999999999999641e-01
1.640000000000000000e+02 9.102000000000000091e-01
1.650000000000000000e+02 9.124999999999999778e-01
1.660000000000000000e+02 9.125999999999999668e-01
1.670000000000000000e+02 9.106999999999999540e-01
1.680000000000000000e+02 9.104999999999999760e-01
1.690000000000000000e+02 9.082999999999999963e-01
1.700000000000000000e+02 9.102999999999999980e-01
1.710000000000000000e+02 9.112999999999999989e-01
1.720000000000000000e+02 9.101000000000000201e-01
1.730000000000000000e+02 9.076999999999999513e-01
1.740000000000000000e+02 9.133000000000000007e-01
1.750000000000000000e+02 9.132000000000000117e-01
1.760000000000000000e+02 9.125999999999999668e-01
1.770000000000000000e+02 9.080000000000000293e-01
1.780000000000000000e+02 9.094999999999999751e-01
1.790000000000000000e+02 9.122000000000000108e-01
1.800000000000000000e+02 9.114999999999999769e-01
1.810000000000000000e+02 9.134999999999999787e-01
1.820000000000000000e+02 9.145999999999999686e-01
1.830000000000000000e+02 9.090000000000000302e-01
1.840000000000000000e+02 9.115999999999999659e-01
1.850000000000000000e+02 9.147999999999999465e-01
1.860000000000000000e+02 9.125999999999999668e-01
1.870000000000000000e+02 9.120000000000000329e-01
1.880000000000000000e+02 9.125999999999999668e-01
1.890000000000000000e+02 9.124999999999999778e-01
1.900000000000000000e+02 9.122999999999999998e-01
1.910000000000000000e+02 9.140000000000000346e-01
1.920000000000000000e+02 9.142000000000000126e-01
1.930000000000000000e+02 9.151000000000000245e-01
1.940000000000000000e+02 9.119000000000000439e-01
1.950000000000000000e+02 9.102999999999999980e-01
1.960000000000000000e+02 9.118000000000000549e-01
1.970000000000000000e+02 9.134999999999999787e-01
1.980000000000000000e+02 9.144999999999999796e-01
1.990000000000000000e+02 9.122999999999999998e-01
2.000000000000000000e+02 9.133999999999999897e-01
