1.000000000000000000e+00 1.598999999999999866e-01
2.000000000000000000e+00 2.580000000000000071e-01
3.000000000000000000e+00 2.908000000000000029e-01
4.000000000000000000e+00 4.047000000000000042e-01
5.000000000000000000e+00 4.139999999999999791e-01
6.000000000000000000e+00 4.641000000000000125e-01
7.000000000000000000e+00 4.107999999999999985e-01
8.000000000000000000e+00 4.360999999999999877e-01
9.000000000000000000e+00 4.932000000000000273e-01
1.000000000000000000e+01 5.479000000000000536e-01
1.100000000000000000e+01 5.329000000000000403e-01
1.200000000000000000e+01 5.685000000000000053e-01
1.300000000000000000e+01 5.994000000000000439e-01
1.400000000000000000e+01 5.813000000000000389e-01
1.500000000000000000e+01 6.592000000000000082e-01
1.600000000000000000e+01 6.251999999999999780e-01
1.700000000000000000e+01 6.684999999999999831e-01
1.800000000000000000e+01 6.391000000000000014e-01
1.900000000000000000e+01 7.007999999999999785e-01
2.000000000000000000e+01 7.002000000000000446e-01
2.100000000000000000e+01 6.762000000000000233e-01
2.200000000000000000e+01 7.090999999999999526e-01
2.300000000000000000e+01 7.337000000000000188e-01
2.400000000000000000e+01 7.236000000000000210e-01
2.500000000000000000e+01 7.469000000000000083e-01
2.600000000000000000e+01 7.526000000000000467e-01
2.700000000000000000e+01 7.488000000000000211e-01
2.800000000000000000e+01 7.399999999999999911e-01
2.900000000000000000e+01 7.527000000000000357e-01
3.000000000000000000e+01 7.718000000000000416e-01
3.100000000000000000e+01 7.486000000000000432e-01
3.200000000000000000e+01 7.792000000000000037e-01
3.300000000000000000e+01 7.741000000000000103e-01
3.400000000000000000e+01 7.917999999999999483e-01
3.500000000000000000e+01 7.945999999999999730e-01
3.600000000000000000e+01 7.845999999999999641e-01
3.700000000000000000e+01 8.092000000000000304e-01
3.800000000000000000e+01 8.288999999999999702e-01
3.900000000000000000e+01 8.026999999999999691e-01
4.000000000000000000e+01 8.192000000000000393e-01
4.100000000000000000e+01 8.138999999999999568e-01
4.200000000000000000e+01 8.165999999999999925e-01
4.300000000000000000e+01 8.269999999999999574e-01
4.400000000000000000e+01 8.258999999999999675e-01
4.500000000000000000e+01 8.386000000000000121e-01
4.600000000000000000e+01 8.386000000000000121e-01
4.700000000000000000e+01 8.370999999999999552e-01
4.800000000000000000e+01 8.485000000000000320e-01
4.900000000000000000e+01 8.262000000000000455e-01
5.000000000000000000e+01 8.459999999999999742e-01
5.100000000000000000e+01 8.391999999999999460e-01
5.200000000000000000e+01 8.534000000000000474e-01
5.300000000000000000e+01 8.554000000000000492e-01
5.400000000000000000e+01 8.487000000000000099e-01
5.500000000000000000e+01 8.595000000000000417e-01
5.600000000000000000e+01 8.509999999999999787e-01
5.700000000000000000e+01 8.626000000000000334e-01
5.800000000000000000e+01 8.556000000000000272e-01
5.900000000000000000e+01 8.500999999999999668e-01
6.000000000000000000e+01 8.681999999999999718e-01
6.100000000000000000e+01 8.596000000000000307e-01
6.200000000000000000e+01 8.670999999999999819e-01
6.300000000000000000e+01 8.639000000000000012e-01
6.400000000000000000e+01 8.636000000000000343e-01
6.500000000000000000e+01 8.658000000000000140e-01
6.600000000000000000e+01 8.737000000000000322e-01
6.700000000000000000e+01 8.728000000000000203e-01
6.800000000000000000e+01 8.625000000000000444e-01
6.900000000000000000e+01 8.699999999999999956e-01
7.000000000000000000e+01 8.719000000000000083e-01
7.100000000000000000e+01 8.757000000000000339e-01
7.200000000000000000e+01 8.722999999999999643e-01
7.300000000000000000e+01 8.791999999999999815e-01
7.400000000000000000e+01 8.758000000000000229e-01
7.500000000000000000e+01 8.810999999999999943e-01
7.600000000000000000e+01 8.781999999999999806e-01
7.700000000000000000e+01 8.767000000000000348e-01
7.800000000000000000e+01 8.783999999999999586e-01
7.900000000000000000e+01 8.816000000000000503e-01
8.000000000000000000e+01 8.872999999999999776e-01
8.100000000000000000e+01 8.798000000000000265e-01
8.200000000000000000e+01 8.790999999999999925e-01
8.300000000000000000e+01 8.833999999999999631e-01
8.400000000000000000e+01 8.829000000000000181e-01
8.500000000000000000e+01 8.843999999999999639e-01
8.600000000000000000e+01 8.806000000000000494e-01
8.700000000000000000e+01 8.869000000000000217e-01
8.800000000000000000e+01 8.848000000000000309e-01
8.900000000000000000e+01 8.909000000000000252e-01
9.000000000000000000e+01 8.920000000000000151e-01
9.100000000000000000e+01 8.923999999999999710e-01
9.200000000000000000e+01 8.910000000000000142e-01
9.300000000000000000e+01 8.904999999999999583e-01
9.400000000000000000e+01 8.917000000000000481e-01
9.500000000000000000e+01 8.970000000000000195e-01
9.600000000000000000e+01 8.945999999999999508e-01
9.700000000000000000e+01 8.924999999999999600e-01
9.800000000000000000e+01 8.904999999999999583e-01
9.900000000000000000e+01 8.952999999999999847e-01
1.000000000000000000e+02 8.940000000000000169e-01
1.010000000000000000e+02 8.938000000000000389e-01
1.020000000000000000e+02 8.978000000000000425e-01
1.030000000000000000e+02 8.971999999999999975e-01
1.040000000000000000e+02 8.993999999999999773e-01
1.050000000000000000e+02 8.929000000000000270e-01
1.060000000000000000e+02 8.969000000000000306e-01
1.070000000000000000e+02 9.013999999999999790e-01
1.080000000000000000e+02 9.005999999999999561e-01
1.090000000000000000e+02 8.975999999999999535e-01
1.100000000000000000e+02 9.000000000000000222e-01
1.110000000000000000e+02 8.988000000000000433e-01
1.120000000000000000e+02 8.991000000000000103e-01
1.130000000000000000e+02 9.008000000000000451e-01
1.140000000000000000e+02 8.979000000000000314e-01
1.150000000000000000e+02 8.993999999999999773e-01
1.160000000000000000e+02 9.018000000000000460e-01
1.170000000000000000e+02 8.989000000000000323e-01
1.180000000000000000e+02 8.989000000000000323e-01
1.190000000000000000e+02 9.032000000000000028e-01
1.200000000000000000e+02 8.998000000000000442e-01
1.210000000000000000e+02 9.014999999999999680e-01
1.220000000000000000e+02 9.046999999999999487e-01
1.230000000000000000e+02 9.012000000000000011e-01
1.240000000000000000e+02 9.039000000000000368e-01
1.250000000000000000e+02 9.024999999999999689e-01
1.260000000000000000e+02 8.975999999999999535e-01
1.270000000000000000e+02 9.056999999999999496e-01
1.280000000000000000e+02 9.044999999999999707e-01
1.290000000000000000e+02 9.062999999999999945e-01
1.300000000000000000e+02 8.990000000000000213e-01
1.310000000000000000e+02 9.003999999999999782e-01
1.320000000000000000e+02 9.050000000000000266e-01
1.330000000000000000e+02 9.078000000000000513e-01
1.340000000000000000e+02 9.068000000000000504e-01
1.350000000000000000e+02 9.065999999999999615e-01
1.360000000000000000e+02 9.058000000000000496e-01
1.370000000000000000e+02 9.058000000000000496e-01
1.380000000000000000e+02 9.066999999999999504e-01
1.390000000000000000e+02 9.052000000000000046e-01
1.400000000000000000e+02 9.106999999999999540e-01
1.410000000000000000e+02 9.052999999999999936e-01
1.420000000000000000e+02 9.060000000000000275e-01
1.430000000000000000e+02 9.062999999999999945e-01
1.440000000000000000e+02 9.065999999999999615e-01
1.450000000000000000e+02 9.093999999999999861e-01
1.460000000000000000e+02 9.058000000000000496e-01
1.470000000000000000e+02 9.072999999999999954e-01
1.480000000000000000e+02 9.072999999999999954e-01
1.490000000000000000e+02 9.100000000000000311e-01
1.500000000000000000e+02 9.086999999999999522e-01
1.510000000000000000e+02 9.075999999999999623e-01
1.520000000000000000e+02 9.024999999999999689e-01
1.530000000000000000e+02 9.098000000000000531e-01
1.540000000000000000e+02 9.126999999999999558e-01
1.550000000000000000e+02 9.099000000000000421e-01
1.560000000000000000e+02 9.083999999999999853e-01
1.570000000000000000e+02 9.106999999999999540e-01
1.580000000000000000e+02 9.094999999999999751e-01
1.590000000000000000e+02 9.074999999999999734e-01
1.600000000000000000e+02 9.081000000000000183e-01
1.610000000000000000e+02 9.131000000000000227e-01
1.620000000000000000e+02 9.129000000000000448e-01
1.630000000000000000e+02 9.080000000000000293e-01
1.640000000000000000e+02 9.115999999999999659e-01
1.650000000000000000e+02 9.122999999999999998e-01
1.660000000000000000e+02 9.108000000000000540e-01
1.670000000000000000e+02 9.094999999999999751e-01
1.680000000000000000e+02 9.098000000000000531e-01
1.690000000000000000e+02 9.140000000000000346e-01
1.700000000000000000e+02 9.137999999999999456e-01
1.710000000000000000e+02 9.133000000000000007e-01
1.720000000000000000e+02 9.106999999999999540e-01
1.730000000000000000e+02 9.127999999999999448e-01
1.740000000000000000e+02 9.135999999999999677e-01
1.750000000000000000e+02 9.095999999999999641e-01
1.760000000000000000e+02 9.102999999999999980e-01
1.770000000000000000e+02 9.096999999999999531e-01
1.780000000000000000e+02 9.104999999999999760e-01
1.790000000000000000e+02 9.133000000000000007e-01
1.800000000000000000e+02 9.144999999999999796e-01
1.810000000000000000e+02 9.120000000000000329e-01
1.820000000000000000e+02 9.115999999999999659e-01
1.830000000000000000e+02 9.118000000000000549e-01
1.840000000000000000e+02 9.116999999999999549e-01
1.850000000000000000e+02 9.150000000000000355e-01
1.860000000000000000e+02 9.144999999999999796e-01
1.870000000000000000e+02 9.160000000000000364e-01
1.880000000000000000e+02 9.153999999999999915e-01
1.890000000000000000e+02 9.126999999999999558e-01
1.900000000000000000e+02 9.144999999999999796e-01
1.910000000000000000e+02 9.106999999999999540e-01
1.920000000000000000e+02 9.150000000000000355e-01
1.930000000000000000e+02 9.120000000000000329e-01
1.940000000000000000e+02 9.114999999999999769e-01
1.950000000000000000e+02 9.133999999999999897e-01
1.960000000000000000e+02 9.122999999999999998e-01
1.970000000000000000e+02 9.134999999999999787e-01
1.980000000000000000e+02 9.183000000000000052e-01
1.990000000000000000e+02 9.159000000000000474e-01
2.000000000000000000e+02 9.122000000000000108e-01
