1.000000000000000000e+00 1.811000000000000110e-01
2.000000000000000000e+00 2.740000000000000213e-01
3.000000000000000000e+00 3.402999999999999914e-01
4.000000000000000000e+00 3.709000000000000075e-01
5.000000000000000000e+00 4.166000000000000258e-01
6.000000000000000000e+00 4.405999999999999917e-01
7.000000000000000000e+00 4.631000000000000116e-01
8.000000000000000000e+00 4.554000000000000270e-01
9.000000000000000000e+00 5.083999999999999631e-01
1.000000000000000000e+01 5.537999999999999590e-01
1.100000000000000000e+01 5.635999999999999899e-01
1.200000000000000000e+01 5.235999999999999543e-01
1.300000000000000000e+01 5.741000000000000547e-01
1.400000000000000000e+01 6.220999999999999863e-01
1.500000000000000000e+01 6.452999999999999847e-01
1.600000000000000000e+01 6.181999999999999718e-01
1.700000000000000000e+01 6.260999999999999899e-01
1.800000000000000000e+01 6.844000000000000083e-01
1.900000000000000000e+01 6.964000000000000190e-01
2.000000000000000000e+01 6.715999999999999748e-01
2.100000000000000000e+01 7.372999999999999554e-01
2.200000000000000000e+01 7.046000000000000041e-01
2.300000000000000000e+01 7.209999999999999742e-01
2.400000000000000000e+01 7.211999999999999522e-01
2.500000000000000000e+01 7.298000000000000043e-01
2.600000000000000000e+01 7.443999999999999506e-01
2.700000000000000000e+01 7.479999999999999982e-01
2.800000000000000000e+01 7.681999999999999940e-01
2.900000000000000000e+01 7.520000000000000018e-01
3.000000000000000000e+01 7.629000000000000226e-01
3.100000000000000000e+01 7.953999999999999959e-01
3.200000000000000000e+01 7.780000000000000249e-01
3.300000000000000000e+01 7.848000000000000531e-01
3.400000000000000000e+01 7.993000000000000105e-01
3.500000000000000000e+01 7.870000000000000329e-01
3.600000000000000000e+01 7.801000000000000156e-01
3.700000000000000000e+01 8.205999999999999961e-01
3.800000000000000000e+01 7.893999999999999906e-01
3.900000000000000000e+01 7.915999999999999703e-01
4.000000000000000000e+01 8.215999999999999970e-01
4.100000000000000000e+01 8.125999999999999890e-01
4.200000000000000000e+01 8.189999999999999503e-01
4.300000000000000000e+01 8.285000000000000142e-01
4.400000000000000000e+01 8.323000000000000398e-01
4.500000000000000000e+01 8.354000000000000314e-01
4.600000000000000000e+01 8.387000000000000011e-01
4.700000000000000000e+01 8.305000000000000160e-01
4.800000000000000000e+01 8.205000000000000071e-01
4.900000000000000000e+01 8.467000000000000082e-01
5.000000000000000000e+01 8.463000000000000522e-01
5.100000000000000000e+01 8.469999999999999751e-01
5.200000000000000000e+01 8.397999999999999909e-01
5.300000000000000000e+01 8.448999999999999844e-01
5.400000000000000000e+01 8.423000000000000487e-01
5.500000000000000000e+01 8.508999999999999897e-01
5.600000000000000000e+01 8.511999999999999567e-01
5.700000000000000000e+01 8.610999999999999766e-01
5.800000000000000000e+01 8.546000000000000263e-01
5.900000000000000000e+01 8.487000000000000099e-01
6.000000000000000000e+01 8.540999999999999703e-01
6.100000000000000000e+01 8.663999999999999480e-01
6.200000000000000000e+01 8.602999999999999536e-01
6.300000000000000000e+01 8.649000000000000021e-01
6.400000000000000000e+01 8.690999999999999837e-01
6.500000000000000000e+01 8.738000000000000211e-01
6.600000000000000000e+01 8.746000000000000441e-01
6.700000000000000000e+01 8.709999999999999964e-01
6.800000000000000000e+01 8.705000000000000515e-01
6.900000000000000000e+01 8.688000000000000167e-01
7.000000000000000000e+01 8.706000000000000405e-01
7.100000000000000000e+01 8.679999999999999938e-01
7.200000000000000000e+01 8.771999999999999797e-01
7.300000000000000000e+01 8.747000000000000330e-01
7.400000000000000000e+01 8.787000000000000366e-01
7.500000000000000000e+01 8.810000000000000053e-01
7.600000000000000000e+01 8.816000000000000503e-01
7.700000000000000000e+01 8.738000000000000211e-01
7.800000000000000000e+01 8.866000000000000547e-01
7.900000000000000000e+01 8.794999999999999485e-01
8.000000000000000000e+01 8.770000000000000018e-01
8.100000000000000000e+01 8.812999999999999723e-01
8.200000000000000000e+01 8.860000000000000098e-01
8.300000000000000000e+01 8.818000000000000282e-01
8.400000000000000000e+01 8.830999999999999961e-01
8.500000000000000000e+01 8.782999999999999696e-01
8.600000000000000000e+01 8.809000000000000163e-01
8.700000000000000000e+01 8.900000000000000133e-01
8.800000000000000000e+01 8.851999999999999869e-01
8.900000000000000000e+01 8.889000000000000234e-01
9.000000000000000000e+01 8.910000000000000142e-01
9.100000000000000000e+01 8.839000000000000190e-01
9.200000000000000000e+01 8.874999999999999556e-01
9.300000000000000000e+01 8.901000000000000023e-01
9.400000000000000000e+01 8.893999999999999684e-01
9.500000000000000000e+01 8.884999999999999565e-01
9.600000000000000000e+01 8.891000000000000014e-01
9.700000000000000000e+01 8.902999999999999803e-01
9.800000000000000000e+01 8.909000000000000252e-01
9.900000000000000000e+01 8.953999999999999737e-01
1.000000000000000000e+02 8.899000000000000243e-01
1.010000000000000000e+02 8.930000000000000160e-01
1.020000000000000000e+02 8.911000000000000032e-01
1.030000000000000000e+02 8.931999999999999940e-01
1.040000000000000000e+02 8.987000000000000544e-01
1.050000000000000000e+02 8.985999999999999543e-01
1.060000000000000000e+02 8.910000000000000142e-01
1.070000000000000000e+02 8.932999999999999829e-01
1.080000000000000000e+02 8.963999999999999746e-01
1.090000000000000000e+02 8.982999999999999874e-01
1.100000000000000000e+02 8.958000000000000407e-01
1.110000000000000000e+02 9.016999999999999460e-01
1.120000000000000000e+02 9.014999999999999680e-01
1.130000000000000000e+02 8.997000000000000552e-01
1.140000000000000000e+02 8.994999999999999662e-01
1.150000000000000000e+02 8.985999999999999543e-01
1.160000000000000000e+02 9.062000000000000055e-01
1.170000000000000000e+02 9.018000000000000460e-01
1.180000000000000000e+02 9.019000000000000350e-01
1.190000000000000000e+02 9.022999999999999909e-01
1.200000000000000000e+02 9.032999999999999918e-01
1.210000000000000000e+02 9.035999999999999588e-01
1.220000000000000000e+02 9.002000000000000002e-01
1.230000000000000000e+02 8.985999999999999543e-01
1.240000000000000000e+02 9.016999999999999460e-01
1.250000000000000000e+02 9.046999999999999487e-01
1.260000000000000000e+02 9.034999999999999698e-01
1.270000000000000000e+02 9.032000000000000028e-01
1.280000000000000000e+02 9.020000000000000240e-01
1.290000000000000000e+02 9.002000000000000002e-01
1.300000000000000000e+02 9.039000000000000368e-01
1.310000000000000000e+02 9.064999999999999725e-01
1.320000000000000000e+02 9.063999999999999835e-01
1.330000000000000000e+02 9.078000000000000513e-01
1.340000000000000000e+02 9.000000000000000222e-01
1.350000000000000000e+02 9.058000000000000496e-01
1.360000000000000000e+02 9.052999999999999936e-01
1.370000000000000000e+02 9.075999999999999623e-01
1.380000000000000000e+02 9.029000000000000359e-01
1.390000000000000000e+02 9.074999999999999734e-01
1.400000000000000000e+02 9.042999999999999927e-01
1.410000000000000000e+02 9.052999999999999936e-01
1.420000000000000000e+02 9.046999999999999487e-01
1.430000000000000000e+02 9.088000000000000522e-01
1.440000000000000000e+02 9.060000000000000275e-01
1.450000000000000000e+02 9.076999999999999513e-01
1.460000000000000000e+02 9.089000000000000412e-01
1.470000000000000000e+02 9.098000000000000531e-01
1.480000000000000000e+02 9.070000000000000284e-01
1.490000000000000000e+02 9.041000000000000147e-01
1.500000000000000000e+02 9.081000000000000183e-01
1.510000000000000000e+02 9.102999999999999980e-01
1.520000000000000000e+02 9.099000000000000421e-01
1.530000000000000000e+02 9.076999999999999513e-01
1.540000000000000000e+02 9.110000000000000320e-01
1.550000000000000000e+02 9.092000000000000082e-01
1.560000000000000000e+02 9.114999999999999769e-01
1.570000000000000000e+02 9.076999999999999513e-01
1.580000000000000000e+02 9.079000000000000403e-01
1.590000000000000000e+02 9.131000000000000227e-01
1.600000000000000000e+02 9.101000000000000201e-01
1.610000000000000000e+02 9.088000000000000522e-01
1.620000000000000000e+02 9.112000000000000099e-01
1.630000000000000000e+02 9.121000000000000218e-01
1.640000000000000000e+02 9.088000000000000522e-01
1.650000000000000000e+02 9.106999999999999540e-01
1.660000000000000000e+02 9.127999999999999448e-01
1.670000000000000000e+02 9.101000000000000201e-01
1.680000000000000000e+02 9.098000000000000531e-01
1.690000000000000000e+02 9.104999999999999760e-01
1.700000000000000000e+02 9.074999999999999734e-01
1.710000000000000000e+02 9.114999999999999769e-01
1.720000000000000000e+02 9.083999999999999853e-01
1.730000000000000000e+02 9.110000000000000320e-01
1.740000000000000000e+02 9.099000000000000421e-01
1.750000000000000000e+02 9.120000000000000329e-01
1.760000000000000000e+02 9.123999999999999888e-01
1.770000000000000000e+02 9.137999999999999456e-01
1.780000000000000000e+02 9.122000000000000108e-01
1.790000000000000000e+02 9.100000000000000311e-01
1.800000000000000000e+02 9.123999999999999888e-01
1.810000000000000000e+02 9.130000000000000338e-01
1.820000000000000000e+02 9.144999999999999796e-01
1.830000000000000000e+02 9.108000000000000540e-01
1.840000000000000000e+02 9.130000000000000338e-01
1.850000000000000000e+02 9.103999999999999870e-01
1.860000000000000000e+02 9.122999999999999998e-01
1.870000000000000000e+02 9.131000000000000227e-01
1.880000000000000000e+02 9.066999999999999504e-01
1.890000000000000000e+02 9.135999999999999677e-01
1.900000000000000000e+02 9.145999999999999686e-01
1.910000000000000000e+02 9.145999999999999686e-01
1.920000000000000000e+02 9.139000000000000457e-01
1.930000000000000000e+02 9.126999999999999558e-01
1.940000000000000000e+02 9.122999999999999998e-01
1.950000000000000000e+02 9.129000000000000448e-01
1.960000000000000000e+02 9.163999999999999924e-01
1.970000000000000000e+02 9.157999999999999474e-01
1.980000000000000000e+02 9.149000000000000465e-01
1.990000000000000000e+02 9.116999999999999549e-01
2.000000000000000000e+02 9.112000000000000099e-01
