1.000000000000000000e+00 8.129999999999999449e-01
2.000000000000000000e+00 8.610999999999999766e-01
3.000000000000000000e+00 8.791999999999999815e-01
4.000000000000000000e+00 8.879000000000000226e-01
5.000000000000000000e+00 8.972999999999999865e-01
6.000000000000000000e+00 8.991999999999999993e-01
7.000000000000000000e+00 9.015999999999999570e-01
8.000000000000000000e+00 9.032999999999999918e-01
9.000000000000000000e+00 9.103999999999999870e-01
1.000000000000000000e+01 9.069000000000000394e-01
1.100000000000000000e+01 9.085999999999999632e-01
1.200000000000000000e+01 9.091000000000000192e-01
1.300000000000000000e+01 9.110000000000000320e-01
1.400000000000000000e+01 9.133999999999999897e-01
1.500000000000000000e+01 9.080000000000000293e-01
1.600000000000000000e+01 9.098000000000000531e-01
1.700000000000000000e+01 9.116999999999999549e-01
1.800000000000000000e+01 9.135999999999999677e-01
1.900000000000000000e+01 9.122999999999999998e-01
2.000000000000000000e+01 9.143999999999999906e-01
