1.000000000000000000e+00 1.688999999999999946e-01
2.000000000000000000e+00 2.288000000000000034e-01
3.000000000000000000e+00 2.697999999999999843e-01
4.000000000000000000e+00 3.714000000000000079e-01
5.000000000000000000e+00 3.842999999999999750e-01
6.000000000000000000e+00 3.905000000000000138e-01
7.000000000000000000e+00 4.017000000000000015e-01
8.000000000000000000e+00 4.124999999999999778e-01
9.000000000000000000e+00 4.394000000000000128e-01
1.000000000000000000e+01 5.528999999999999471e-01
1.100000000000000000e+01 5.712000000000000410e-01
1.200000000000000000e+01 5.883000000000000451e-01
1.300000000000000000e+01 6.498000000000000442e-01
1.400000000000000000e+01 5.420000000000000373e-01
1.500000000000000000e+01 6.419000000000000261e-01
1.600000000000000000e+01 6.830000000000000515e-01
1.700000000000000000e+01 6.895999999999999908e-01
1.800000000000000000e+01 6.672000000000000153e-01
1.900000000000000000e+01 6.947999999999999732e-01
2.000000000000000000e+01 6.747999999999999554e-01
2.100000000000000000e+01 7.135000000000000231e-01
2.200000000000000000e+01 7.046999999999999931e-01
2.300000000000000000e+01 7.099999999999999645e-01
2.400000000000000000e+01 7.237000000000000099e-01
2.500000000000000000e+01 7.298000000000000043e-01
2.600000000000000000e+01 7.180999999999999606e-01
2.700000000000000000e+01 7.401999999999999691e-01
2.800000000000000000e+01 7.413999999999999480e-01
2.900000000000000000e+01 7.700000000000000178e-01
3.000000000000000000e+01 7.913000000000000034e-01
3.100000000000000000e+01 7.850000000000000311e-01
3.200000000000000000e+01 7.947999999999999510e-01
3.300000000000000000e+01 7.782999999999999918e-01
3.400000000000000000e+01 8.040000000000000480e-01
3.500000000000000000e+01 8.087999999999999634e-01
3.600000000000000000e+01 8.034000000000000030e-01
3.700000000000000000e+01 7.959000000000000519e-01
3.800000000000000000e+01 8.249999999999999556e-01
3.900000000000000000e+01 8.044000000000000039e-01
4.000000000000000000e+01 8.072000000000000286e-01
4.100000000000000000e+01 8.158999999999999586e-01
4.200000000000000000e+01 8.128999999999999559e-01
4.300000000000000000e+01 8.292000000000000481e-01
4.400000000000000000e+01 8.398999999999999799e-01
4.500000000000000000e+01 8.296000000000000041e-01
4.600000000000000000e+01 8.324000000000000288e-01
4.700000000000000000e+01 8.299999999999999600e-01
4.800000000000000000e+01 8.339999999999999636e-01
4.900000000000000000e+01 8.439999999999999725e-01
5.000000000000000000e+01 8.446000000000000174e-01
5.100000000000000000e+01 8.448999999999999844e-01
5.200000000000000000e+01 8.505000000000000338e-01
5.300000000000000000e+01 8.607000000000000206e-01
5.400000000000000000e+01 8.433000000000000496e-01
5.500000000000000000e+01 8.541999999999999593e-01
5.600000000000000000e+01 8.378999999999999782e-01
5.700000000000000000e+01 8.560999999999999721e-01
5.800000000000000000e+01 8.650999999999999801e-01
5.900000000000000000e+01 8.596000000000000307e-01
6.000000000000000000e+01 8.643999999999999462e-01
6.100000000000000000e+01 8.539999999999999813e-01
6.200000000000000000e+01 8.647000000000000242e-01
6.300000000000000000e+01 8.646000000000000352e-01
6.400000000000000000e+01 8.721999999999999753e-01
6.500000000000000000e+01 8.565000000000000391e-01
6.600000000000000000e+01 8.667000000000000259e-01
6.700000000000000000e+01 8.652999999999999581e-01
6.800000000000000000e+01 8.718000000000000194e-01
6.900000000000000000e+01 8.776000000000000467e-01
7.000000000000000000e+01 8.729999999999999982e-01
7.100000000000000000e+01 8.678000000000000158e-01
7.200000000000000000e+01 8.726000000000000423e-01
7.300000000000000000e+01 8.794999999999999485e-01
7.400000000000000000e+01 8.741999999999999771e-01
7.500000000000000000e+01 8.780000000000000027e-01
7.600000000000000000e+01 8.853999999999999648e-01
7.700000000000000000e+01 8.731999999999999762e-01
7.800000000000000000e+01 8.801999999999999824e-01
7.900000000000000000e+01 8.841999999999999860e-01
8.000000000000000000e+01 8.843999999999999639e-01
8.100000000000000000e+01 8.880000000000000115e-01
8.200000000000000000e+01 8.828000000000000291e-01
8.300000000000000000e+01 8.901000000000000023e-01
8.400000000000000000e+01 8.884999999999999565e-01
8.500000000000000000e+01 8.832999999999999741e-01
8.600000000000000000e+01 8.880000000000000115e-01
8.700000000000000000e+01 8.824999999999999512e-01
8.800000000000000000e+01 8.862999999999999767e-01
8.900000000000000000e+01 8.941000000000000059e-01
9.000000000000000000e+01 8.908000000000000362e-01
9.100000000000000000e+01 8.971999999999999975e-01
9.200000000000000000e+01 8.927000000000000490e-01
9.300000000000000000e+01 8.871999999999999886e-01
9.400000000000000000e+01 8.955999999999999517e-01
9.500000000000000000e+01 8.961000000000000076e-01
9.600000000000000000e+01 8.912999999999999812e-01
9.700000000000000000e+01 8.951999999999999957e-01
9.800000000000000000e+01 8.964999999999999636e-01
9.900000000000000000e+01 8.950000000000000178e-01
1.000000000000000000e+02 8.932999999999999829e-01
1.010000000000000000e+02 8.914999999999999591e-01
1.020000000000000000e+02 8.985999999999999543e-01
1.030000000000000000e+02 8.998000000000000442e-01
1.040000000000000000e+02 8.943999999999999728e-01
1.050000000000000000e+02 8.962999999999999856e-01
1.060000000000000000e+02 8.964999999999999636e-01
1.070000000000000000e+02 8.923999999999999710e-01
1.080000000000000000e+02 8.951000000000000068e-01
1.090000000000000000e+02 8.957000000000000517e-01
1.100000000000000000e+02 8.961999999999999966e-01
1.110000000000000000e+02 8.998000000000000442e-01
1.120000000000000000e+02 8.984999999999999654e-01
1.130000000000000000e+02 9.006999999999999451e-01
1.140000000000000000e+02 8.998000000000000442e-01
1.150000000000000000e+02 8.980000000000000204e-01
1.160000000000000000e+02 8.991000000000000103e-01
1.170000000000000000e+02 9.042999999999999927e-01
1.180000000000000000e+02 8.993999999999999773e-01
1.190000000000000000e+02 8.978000000000000425e-01
1.200000000000000000e+02 8.987000000000000544e-01
1.210000000000000000e+02 9.041000000000000147e-01
1.220000000000000000e+02 8.987000000000000544e-01
1.230000000000000000e+02 9.061000000000000165e-01
1.240000000000000000e+02 9.049000000000000377e-01
1.250000000000000000e+02 9.026999999999999469e-01
1.260000000000000000e+02 9.075999999999999623e-01
1.270000000000000000e+02 9.038000000000000478e-01
1.280000000000000000e+02 9.039000000000000368e-01
1.290000000000000000e+02 9.038000000000000478e-01
1.300000000000000000e+02 9.058000000000000496e-01
1.310000000000000000e+02 9.043999999999999817e-01
1.320000000000000000e+02 9.044999999999999707e-01
1.330000000000000000e+02 9.065999999999999615e-01
1.340000000000000000e+02 9.024999999999999689e-01
1.350000000000000000e+02 9.062999999999999945e-01
1.360000000000000000e+02 9.045999999999999597e-01
1.370000000000000000e+02 9.086999999999999522e-01
1.380000000000000000e+02 9.038000000000000478e-01
1.390000000000000000e+02 9.023999999999999799e-01
1.400000000000000000e+02 9.018000000000000460e-01
1.410000000000000000e+02 9.078000000000000513e-01
1.420000000000000000e+02 9.056999999999999496e-01
1.430000000000000000e+02 9.049000000000000377e-01
1.440000000000000000e+02 9.065999999999999615e-01
1.450000000000000000e+02 9.078000000000000513e-01
1.460000000000000000e+02 9.055999999999999606e-01
1.470000000000000000e+02 9.059000000000000385e-01
1.480000000000000000e+02 9.081000000000000183e-01
1.490000000000000000e+02 9.055999999999999606e-01
1.500000000000000000e+02 9.102000000000000091e-01
1.510000000000000000e+02 9.064999999999999725e-01
1.520000000000000000e+02 9.063999999999999835e-01
1.530000000000000000e+02 9.101000000000000201e-01
1.540000000000000000e+02 9.082999999999999963e-01
1.550000000000000000e+02 9.102000000000000091e-01
1.560000000000000000e+02 9.071000000000000174e-01
1.570000000000000000e+02 9.093999999999999861e-01
1.580000000000000000e+02 9.072000000000000064e-01
1.590000000000000000e+02 9.064999999999999725e-01
1.600000000000000000e+02 9.115999999999999659e-01
1.610000000000000000e+02 9.108000000000000540e-01
1.620000000000000000e+02 9.078000000000000513e-01
1.630000000000000000e+02 9.099000000000000421e-01
1.640000000000000000e+02 9.093999999999999861e-01
1.650000000000000000e+02 9.118000000000000549e-01
1.660000000000000000e+02 9.105999999999999650e-01
1.670000000000000000e+02 9.100000000000000311e-01
1.680000000000000000e+02 9.089000000000000412e-01
1.690000000000000000e+02 9.132000000000000117e-01
1.700000000000000000e+02 9.121000000000000218e-01
1.710000000000000000e+02 9.102000000000000091e-01
1.720000000000000000e+02 9.091000000000000192e-01
1.730000000000000000e+02 9.094999999999999751e-01
1.740000000000000000e+02 9.134999999999999787e-01
1.750000000000000000e+02 9.121000000000000218e-01
1.760000000000000000e+02 9.116999999999999549e-01
1.770000000000000000e+02 9.101000000000000201e-01
1.780000000000000000e+02 9.116999999999999549e-01
1.790000000000000000e+02 9.102000000000000091e-01
1.800000000000000000e+02 9.110000000000000320e-01
1.810000000000000000e+02 9.130000000000000338e-01
1.820000000000000000e+02 9.110000000000000320e-01
1.830000000000000000e+02 9.108000000000000540e-01
1.840000000000000000e+02 9.130000000000000338e-01
1.850000000000000000e+02 9.139000000000000457e-01
1.860000000000000000e+02 9.149000000000000465e-01
1.870000000000000000e+02 9.151000000000000245e-01
1.880000000000000000e+02 9.154999999999999805e-01
1.890000000000000000e+02 9.111000000000000210e-01
1.900000000000000000e+02 9.163000000000000034e-01
1.910000000000000000e+02 9.114999999999999769e-01
1.920000000000000000e+02 9.141000000000000236e-01
1.930000000000000000e+02 9.112000000000000099e-01
1.940000000000000000e+02 9.104999999999999760e-01
1.950000000000000000e+02 9.143999999999999906e-01
1.960000000000000000e+02 9.149000000000000465e-01
1.970000000000000000e+02 9.150000000000000355e-01
1.980000000000000000e+02 9.131000000000000227e-01
1.990000000000000000e+02 9.160000000000000364e-01
2.000000000000000000e+02 9.137999999999999456e-01
