1.000000000000000000e+00 1.658999999999999919e-01
2.000000000000000000e+00 2.630000000000000115e-01
3.000000000000000000e+00 3.028000000000000136e-01
4.000000000000000000e+00 4.074999999999999734e-01
5.000000000000000000e+00 4.057000000000000051e-01
6.000000000000000000e+00 4.724999999999999756e-01
7.000000000000000000e+00 4.275999999999999801e-01
8.000000000000000000e+00 4.159999999999999809e-01
9.000000000000000000e+00 4.959999999999999964e-01
1.000000000000000000e+01 5.219000000000000306e-01
1.100000000000000000e+01 5.202999999999999847e-01
1.200000000000000000e+01 5.643000000000000238e-01
1.300000000000000000e+01 5.934000000000000385e-01
1.400000000000000000e+01 5.677999999999999714e-01
1.500000000000000000e+01 6.334999999999999520e-01
1.600000000000000000e+01 6.105000000000000426e-01
1.700000000000000000e+01 6.299000000000000155e-01
1.800000000000000000e+01 6.329000000000000181e-01
1.900000000000000000e+01 6.854000000000000092e-01
2.000000000000000000e+01 6.764999999999999902e-01
2.100000000000000000e+01 6.614999999999999769e-01
2.200000000000000000e+01 7.103000000000000425e-01
2.300000000000000000e+01 7.368999999999999995e-01
2.400000000000000000e+01 7.056999999999999940e-01
2.500000000000000000e+01 7.407000000000000250e-01
2.600000000000000000e+01 7.284000000000000474e-01
2.700000000000000000e+01 7.448000000000000176e-01
2.800000000000000000e+01 7.269999999999999796e-01
2.900000000000000000e+01 7.326000000000000290e-01
3.000000000000000000e+01 7.624999999999999556e-01
3.100000000000000000e+01 7.422999999999999599e-01
3.200000000000000000e+01 7.678000000000000380e-01
3.300000000000000000e+01 7.674999999999999600e-01
3.400000000000000000e+01 7.800000000000000266e-01
3.500000000000000000e+01 7.811000000000000165e-01
3.600000000000000000e+01 7.880000000000000338e-01
3.700000000000000000e+01 8.005999999999999783e-01
3.800000000000000000e+01 8.135000000000000009e-01
3.900000000000000000e+01 7.987999999999999545e-01
4.000000000000000000e+01 8.141000000000000458e-01
4.100000000000000000e+01 8.047999999999999599e-01
4.200000000000000000e+01 8.040000000000000480e-01
4.300000000000000000e+01 8.173000000000000265e-01
4.400000000000000000e+01 8.177999999999999714e-01
4.500000000000000000e+01 8.242000000000000437e-01
4.600000000000000000e+01 8.186999999999999833e-01
4.700000000000000000e+01 8.232000000000000428e-01
4.800000000000000000e+01 8.343000000000000416e-01
4.900000000000000000e+01 8.155000000000000027e-01
5.000000000000000000e+01 8.356000000000000094e-01
5.100000000000000000e+01 8.257999999999999785e-01
5.200000000000000000e+01 8.349999999999999645e-01
5.300000000000000000e+01 8.356999999999999984e-01
5.400000000000000000e+01 8.308999999999999719e-01
5.500000000000000000e+01 8.475000000000000311e-01
5.600000000000000000e+01 8.424000000000000377e-01
5.700000000000000000e+01 8.456000000000000183e-01
5.800000000000000000e+01 8.385000000000000231e-01
5.900000000000000000e+01 8.420999999999999597e-01
6.000000000000000000e+01 8.559999999999999831e-01
6.100000000000000000e+01 8.401999999999999469e-01
6.200000000000000000e+01 8.568000000000000060e-01
6.300000000000000000e+01 8.524000000000000465e-01
6.400000000000000000e+01 8.584000000000000519e-01
6.500000000000000000e+01 8.519999999999999796e-01
6.600000000000000000e+01 8.598000000000000087e-01
6.700000000000000000e+01 8.550999999999999712e-01
6.800000000000000000e+01 8.568000000000000060e-01
6.900000000000000000e+01 8.588999999999999968e-01
7.000000000000000000e+01 8.568000000000000060e-01
7.100000000000000000e+01 8.604000000000000536e-01
7.200000000000000000e+01 8.595000000000000417e-01
7.300000000000000000e+01 8.728000000000000203e-01
7.400000000000000000e+01 8.697000000000000286e-01
7.500000000000000000e+01 8.702999999999999625e-01
7.600000000000000000e+01 8.649999999999999911e-01
7.700000000000000000e+01 8.637000000000000233e-01
7.800000000000000000e+01 8.718000000000000194e-01
7.900000000000000000e+01 8.712999999999999634e-01
8.000000000000000000e+01 8.719000000000000083e-01
8.100000000000000000e+01 8.687000000000000277e-01
8.200000000000000000e+01 8.735000000000000542e-01
8.300000000000000000e+01 8.666000000000000369e-01
8.400000000000000000e+01 8.673999999999999488e-01
8.500000000000000000e+01 8.693999999999999506e-01
8.600000000000000000e+01 8.701999999999999735e-01
8.700000000000000000e+01 8.680999999999999828e-01
8.800000000000000000e+01 8.701999999999999735e-01
8.900000000000000000e+01 8.798000000000000265e-01
9.000000000000000000e+01 8.760999999999999899e-01
9.100000000000000000e+01 8.803999999999999604e-01
9.200000000000000000e+01 8.788000000000000256e-01
9.300000000000000000e+01 8.813999999999999613e-01
9.400000000000000000e+01 8.769000000000000128e-01
9.500000000000000000e+01 8.827000000000000401e-01
9.600000000000000000e+01 8.830999999999999961e-01
9.700000000000000000e+01 8.810999999999999943e-01
9.800000000000000000e+01 8.800000000000000044e-01
9.900000000000000000e+01 8.821999999999999842e-01
1.000000000000000000e+02 8.828000000000000291e-01
1.010000000000000000e+02 8.818000000000000282e-01
1.020000000000000000e+02 8.881999999999999895e-01
1.030000000000000000e+02 8.816000000000000503e-01
1.040000000000000000e+02 8.828000000000000291e-01
1.050000000000000000e+02 8.911000000000000032e-01
1.060000000000000000e+02 8.880000000000000115e-01
1.070000000000000000e+02 8.894999999999999574e-01
1.080000000000000000e+02 8.905999999999999472e-01
1.090000000000000000e+02 8.892999999999999794e-01
1.100000000000000000e+02 8.856000000000000538e-01
1.110000000000000000e+02 8.877000000000000446e-01
1.120000000000000000e+02 8.882999999999999785e-01
1.130000000000000000e+02 8.874999999999999556e-01
1.140000000000000000e+02 8.870999999999999996e-01
1.150000000000000000e+02 8.862999999999999767e-01
1.160000000000000000e+02 8.908000000000000362e-01
1.170000000000000000e+02 8.942999999999999838e-01
1.180000000000000000e+02 8.869000000000000217e-01
1.190000000000000000e+02 8.915999999999999481e-01
1.200000000000000000e+02 8.900000000000000133e-01
1.210000000000000000e+02 8.909000000000000252e-01
1.220000000000000000e+02 8.922999999999999821e-01
1.230000000000000000e+02 8.885999999999999455e-01
1.240000000000000000e+02 8.921000000000000041e-01
1.250000000000000000e+02 8.911999999999999922e-01
1.260000000000000000e+02 8.898000000000000353e-01
1.270000000000000000e+02 8.923999999999999710e-01
1.280000000000000000e+02 8.921999999999999931e-01
1.290000000000000000e+02 8.947000000000000508e-01
1.300000000000000000e+02 8.949000000000000288e-01
1.310000000000000000e+02 8.921000000000000041e-01
1.320000000000000000e+02 8.984999999999999654e-01
1.330000000000000000e+02 9.012000000000000011e-01
1.340000000000000000e+02 8.941999999999999948e-01
1.350000000000000000e+02 8.992999999999999883e-01
1.360000000000000000e+02 8.947000000000000508e-01
1.370000000000000000e+02 8.948000000000000398e-01
1.380000000000000000e+02 9.013999999999999790e-01
1.390000000000000000e+02 8.957000000000000517e-01
1.400000000000000000e+02 8.977000000000000535e-01
1.410000000000000000e+02 8.983999999999999764e-01
1.420000000000000000e+02 8.999000000000000332e-01
1.430000000000000000e+02 8.971000000000000085e-01
1.440000000000000000e+02 8.981999999999999984e-01
1.450000000000000000e+02 8.999000000000000332e-01
1.460000000000000000e+02 8.979000000000000314e-01
1.470000000000000000e+02 8.969000000000000306e-01
1.480000000000000000e+02 8.968000000000000416e-01
1.490000000000000000e+02 9.008000000000000451e-01
1.500000000000000000e+02 9.032999999999999918e-01
1.510000000000000000e+02 8.969000000000000306e-01
1.520000000000000000e+02 8.970000000000000195e-01
1.530000000000000000e+02 9.025999999999999579e-01
1.540000000000000000e+02 9.020000000000000240e-01
1.550000000000000000e+02 8.991999999999999993e-01
1.560000000000000000e+02 9.010000000000000231e-01
1.570000000000000000e+02 9.029000000000000359e-01
1.580000000000000000e+02 9.015999999999999570e-01
1.590000000000000000e+02 8.995999999999999552e-01
1.600000000000000000e+02 9.020000000000000240e-01
1.610000000000000000e+02 9.028000000000000469e-01
1.620000000000000000e+02 9.004999999999999671e-01
1.630000000000000000e+02 9.008000000000000451e-01
1.640000000000000000e+02 9.011000000000000121e-01
1.650000000000000000e+02 9.020000000000000240e-01
1.660000000000000000e+02 9.000000000000000222e-01
1.670000000000000000e+02 9.015999999999999570e-01
1.680000000000000000e+02 9.021000000000000130e-01
1.690000000000000000e+02 9.079000000000000403e-01
1.700000000000000000e+02 9.053999999999999826e-01
1.710000000000000000e+02 9.061000000000000165e-01
1.720000000000000000e+02 9.025999999999999579e-01
1.730000000000000000e+02 9.045999999999999597e-01
1.740000000000000000e+02 9.062000000000000055e-01
1.750000000000000000e+02 9.016999999999999460e-01
1.760000000000000000e+02 9.029000000000000359e-01
1.770000000000000000e+02 9.004999999999999671e-01
1.780000000000000000e+02 9.020000000000000240e-01
1.790000000000000000e+02 9.092999999999999972e-01
1.800000000000000000e+02 9.046999999999999487e-01
1.810000000000000000e+02 9.065999999999999615e-01
1.820000000000000000e+02 9.050000000000000266e-01
1.830000000000000000e+02 8.992999999999999883e-01
1.840000000000000000e+02 9.065999999999999615e-01
1.850000000000000000e+02 9.045999999999999597e-01
1.860000000000000000e+02 9.060000000000000275e-01
1.870000000000000000e+02 9.051000000000000156e-01
1.880000000000000000e+02 9.069000000000000394e-01
1.890000000000000000e+02 9.030000000000000249e-01
1.900000000000000000e+02 9.042000000000000037e-01
1.910000000000000000e+02 9.072000000000000064e-01
1.920000000000000000e+02 9.062000000000000055e-01
1.930000000000000000e+02 9.064999999999999725e-01
1.940000000000000000e+02 9.100000000000000311e-01
1.950000000000000000e+02 9.054999999999999716e-01
1.960000000000000000e+02 9.055999999999999606e-01
1.970000000000000000e+02 9.028000000000000469e-01
1.980000000000000000e+02 9.098000000000000531e-01
1.990000000000000000e+02 9.101000000000000201e-01
2.000000000000000000e+02 9.092000000000000082e-01
