1.000000000000000000e+00 2.156000000000000139e-01
2.000000000000000000e+00 2.437999999999999889e-01
3.000000000000000000e+00 3.073000000000000176e-01
4.000000000000000000e+00 2.882000000000000117e-01
5.000000000000000000e+00 3.773000000000000242e-01
6.000000000000000000e+00 3.815000000000000058e-01
7.000000000000000000e+00 4.218000000000000083e-01
8.000000000000000000e+00 4.655000000000000249e-01
9.000000000000000000e+00 5.171000000000000041e-01
1.000000000000000000e+01 4.798999999999999932e-01
1.100000000000000000e+01 5.129000000000000226e-01
1.200000000000000000e+01 5.656999999999999806e-01
1.300000000000000000e+01 5.768999999999999684e-01
1.400000000000000000e+01 5.480000000000000426e-01
1.500000000000000000e+01 6.422999999999999821e-01
1.600000000000000000e+01 6.252999999999999670e-01
1.700000000000000000e+01 6.586999999999999522e-01
1.800000000000000000e+01 6.411999999999999922e-01
1.900000000000000000e+01 6.586999999999999522e-01
2.000000000000000000e+01 7.337000000000000188e-01
2.100000000000000000e+01 6.843000000000000194e-01
2.200000000000000000e+01 6.907999999999999696e-01
2.300000000000000000e+01 7.089999999999999636e-01
2.400000000000000000e+01 7.015000000000000124e-01
2.500000000000000000e+01 7.780000000000000249e-01
2.600000000000000000e+01 7.036000000000000032e-01
2.700000000000000000e+01 7.517000000000000348e-01
2.800000000000000000e+01 7.492999999999999661e-01
2.900000000000000000e+01 7.382999999999999563e-01
3.000000000000000000e+01 7.752999999999999892e-01
3.100000000000000000e+01 7.665999999999999481e-01
3.200000000000000000e+01 7.440999999999999837e-01
3.300000000000000000e+01 7.719000000000000306e-01
3.400000000000000000e+01 7.869000000000000439e-01
3.500000000000000000e+01 7.883999999999999897e-01
3.600000000000000000e+01 7.702999999999999847e-01
3.700000000000000000e+01 8.100000000000000533e-01
3.800000000000000000e+01 7.909000000000000474e-01
3.900000000000000000e+01 7.973999999999999977e-01
4.000000000000000000e+01 7.984999999999999876e-01
4.100000000000000000e+01 8.047999999999999599e-01
4.200000000000000000e+01 8.114000000000000101e-01
4.300000000000000000e+01 8.086999999999999744e-01
4.400000000000000000e+01 8.155999999999999917e-01
4.500000000000000000e+01 8.245999999999999996e-01
4.600000000000000000e+01 8.298999999999999710e-01
4.700000000000000000e+01 8.292000000000000481e-01
4.800000000000000000e+01 8.175999999999999934e-01
4.900000000000000000e+01 8.336999999999999966e-01
5.000000000000000000e+01 8.409999999999999698e-01
5.100000000000000000e+01 8.345000000000000195e-01
5.200000000000000000e+01 8.439999999999999725e-01
5.300000000000000000e+01 8.352000000000000535e-01
5.400000000000000000e+01 8.453000000000000513e-01
5.500000000000000000e+01 8.387000000000000011e-01
5.600000000000000000e+01 8.400999999999999579e-01
5.700000000000000000e+01 8.470999999999999641e-01
5.800000000000000000e+01 8.487000000000000099e-01
5.900000000000000000e+01 8.352000000000000535e-01
6.000000000000000000e+01 8.453000000000000513e-01
6.100000000000000000e+01 8.476000000000000201e-01
6.200000000000000000e+01 8.548999999999999932e-01
6.300000000000000000e+01 8.486000000000000210e-01
6.400000000000000000e+01 8.572999999999999510e-01
6.500000000000000000e+01 8.577000000000000179e-01
6.600000000000000000e+01 8.632999999999999563e-01
6.700000000000000000e+01 8.540999999999999703e-01
6.800000000000000000e+01 8.528999999999999915e-01
6.900000000000000000e+01 8.678000000000000158e-01
7.000000000000000000e+01 8.495000000000000329e-01
7.100000000000000000e+01 8.639999999999999902e-01
7.200000000000000000e+01 8.527000000000000135e-01
7.300000000000000000e+01 8.581999999999999629e-01
7.400000000000000000e+01 8.682999999999999607e-01
7.500000000000000000e+01 8.687000000000000277e-01
7.600000000000000000e+01 8.622999999999999554e-01
7.700000000000000000e+01 8.656000000000000361e-01
7.800000000000000000e+01 8.629000000000000004e-01
7.900000000000000000e+01 8.730999999999999872e-01
8.000000000000000000e+01 8.737000000000000322e-01
8.100000000000000000e+01 8.702999999999999625e-01
8.200000000000000000e+01 8.754999999999999449e-01
8.300000000000000000e+01 8.767000000000000348e-01
8.400000000000000000e+01 8.751999999999999780e-01
8.500000000000000000e+01 8.750999999999999890e-01
8.600000000000000000e+01 8.774999999999999467e-01
8.700000000000000000e+01 8.827000000000000401e-01
8.800000000000000000e+01 8.736000000000000432e-01
8.900000000000000000e+01 8.771999999999999797e-01
9.000000000000000000e+01 8.778000000000000247e-01
9.100000000000000000e+01 8.759000000000000119e-01
9.200000000000000000e+01 8.840000000000000080e-01
9.300000000000000000e+01 8.756000000000000449e-01
9.400000000000000000e+01 8.810000000000000053e-01
9.500000000000000000e+01 8.790000000000000036e-01
9.600000000000000000e+01 8.801999999999999824e-01
9.700000000000000000e+01 8.791999999999999815e-01
9.800000000000000000e+01 8.900000000000000133e-01
9.900000000000000000e+01 8.783999999999999586e-01
1.000000000000000000e+02 8.806000000000000494e-01
1.010000000000000000e+02 8.827000000000000401e-01
1.020000000000000000e+02 8.884999999999999565e-01
1.030000000000000000e+02 8.830999999999999961e-01
1.040000000000000000e+02 8.823999999999999622e-01
1.050000000000000000e+02 8.869000000000000217e-01
1.060000000000000000e+02 8.830000000000000071e-01
1.070000000000000000e+02 8.801999999999999824e-01
1.080000000000000000e+02 8.927000000000000490e-01
1.090000000000000000e+02 8.892999999999999794e-01
1.100000000000000000e+02 8.861999999999999877e-01
1.110000000000000000e+02 8.941000000000000059e-01
1.120000000000000000e+02 8.846000000000000529e-01
1.130000000000000000e+02 8.889000000000000234e-01
1.140000000000000000e+02 8.871999999999999886e-01
1.150000000000000000e+02 8.921999999999999931e-01
1.160000000000000000e+02 8.873999999999999666e-01
1.170000000000000000e+02 8.851999999999999869e-01
1.180000000000000000e+02 8.920000000000000151e-01
1.190000000000000000e+02 8.892999999999999794e-01
1.200000000000000000e+02 8.911999999999999922e-01
1.210000000000000000e+02 8.930000000000000160e-01
1.220000000000000000e+02 8.879000000000000226e-01
1.230000000000000000e+02 8.911999999999999922e-01
1.240000000000000000e+02 8.910000000000000142e-01
1.250000000000000000e+02 8.908000000000000362e-01
1.260000000000000000e+02 8.970000000000000195e-01
1.270000000000000000e+02 8.959000000000000297e-01
1.280000000000000000e+02 8.951000000000000068e-01
1.290000000000000000e+02 8.918000000000000371e-01
1.300000000000000000e+02 8.925999999999999490e-01
1.310000000000000000e+02 8.928000000000000380e-01
1.320000000000000000e+02 8.945999999999999508e-01
1.330000000000000000e+02 8.937000000000000499e-01
1.340000000000000000e+02 8.948000000000000398e-01
1.350000000000000000e+02 8.958000000000000407e-01
1.360000000000000000e+02 8.983999999999999764e-01
1.370000000000000000e+02 8.889000000000000234e-01
1.380000000000000000e+02 8.930000000000000160e-01
1.390000000000000000e+02 8.941000000000000059e-01
1.400000000000000000e+02 8.974999999999999645e-01
1.410000000000000000e+02 9.019000000000000350e-01
1.420000000000000000e+02 8.975999999999999535e-01
1.430000000000000000e+02 9.002999999999999892e-01
1.440000000000000000e+02 9.013999999999999790e-01
1.450000000000000000e+02 8.971000000000000085e-01
1.460000000000000000e+02 8.970000000000000195e-01
1.470000000000000000e+02 9.010000000000000231e-01
1.480000000000000000e+02 8.992999999999999883e-01
1.490000000000000000e+02 8.990000000000000213e-01
1.500000000000000000e+02 8.985999999999999543e-01
1.510000000000000000e+02 8.985999999999999543e-01
1.520000000000000000e+02 9.022999999999999909e-01
1.530000000000000000e+02 9.033999999999999808e-01
1.540000000000000000e+02 8.989000000000000323e-01
1.550000000000000000e+02 8.962999999999999856e-01
1.560000000000000000e+02 9.010000000000000231e-01
1.570000000000000000e+02 8.982999999999999874e-01
1.580000000000000000e+02 9.023999999999999799e-01
1.590000000000000000e+02 9.001000000000000112e-01
1.600000000000000000e+02 9.012000000000000011e-01
1.610000000000000000e+02 9.005999999999999561e-01
1.620000000000000000e+02 8.982999999999999874e-01
1.630000000000000000e+02 8.999000000000000332e-01
1.640000000000000000e+02 9.035999999999999588e-01
1.650000000000000000e+02 9.003999999999999782e-01
1.660000000000000000e+02 9.052999999999999936e-01
1.670000000000000000e+02 9.019000000000000350e-01
1.680000000000000000e+02 9.066999999999999504e-01
1.690000000000000000e+02 9.040000000000000258e-01
1.700000000000000000e+02 9.052999999999999936e-01
1.710000000000000000e+02 9.060000000000000275e-01
1.720000000000000000e+02 9.041000000000000147e-01
1.730000000000000000e+02 9.035999999999999588e-01
1.740000000000000000e+02 9.016999999999999460e-01
1.750000000000000000e+02 9.068000000000000504e-01
1.760000000000000000e+02 9.040000000000000258e-01
1.770000000000000000e+02 9.065999999999999615e-01
1.780000000000000000e+02 9.061000000000000165e-01
1.790000000000000000e+02 9.024999999999999689e-01
1.800000000000000000e+02 9.050000000000000266e-01
1.810000000000000000e+02 9.042999999999999927e-01
1.820000000000000000e+02 9.020000000000000240e-01
1.830000000000000000e+02 9.020000000000000240e-01
1.840000000000000000e+02 9.079000000000000403e-01
1.850000000000000000e+02 9.064999999999999725e-01
1.860000000000000000e+02 9.065999999999999615e-01
1.870000000000000000e+02 9.049000000000000377e-01
1.880000000000000000e+02 9.058000000000000496e-01
1.890000000000000000e+02 9.065999999999999615e-01
1.900000000000000000e+02 9.095999999999999641e-01
1.910000000000000000e+02 9.064999999999999725e-01
1.920000000000000000e+02 9.062000000000000055e-01
1.930000000000000000e+02 9.093999999999999861e-01
1.940000000000000000e+02 9.040000000000000258e-01
1.950000000000000000e+02 9.064999999999999725e-01
1.960000000000000000e+02 9.092999999999999972e-01
1.970000000000000000e+02 9.076999999999999513e-01
1.980000000000000000e+02 9.080000000000000293e-01
1.990000000000000000e+02 9.096999999999999531e-01
2.000000000000000000e+02 9.078000000000000513e-01
