1.000000000000000000e+00 1.786000000000000087e-01
2.000000000000000000e+00 2.503000000000000225e-01
3.000000000000000000e+00 2.788999999999999813e-01
4.000000000000000000e+00 3.195999999999999952e-01
5.000000000000000000e+00 4.456999999999999851e-01
6.000000000000000000e+00 3.770999999999999908e-01
7.000000000000000000e+00 3.961999999999999966e-01
8.000000000000000000e+00 4.405000000000000027e-01
9.000000000000000000e+00 4.934999999999999942e-01
1.000000000000000000e+01 5.221000000000000085e-01
1.100000000000000000e+01 5.555999999999999828e-01
1.200000000000000000e+01 5.479000000000000536e-01
1.300000000000000000e+01 5.983000000000000540e-01
1.400000000000000000e+01 6.091999999999999638e-01
1.500000000000000000e+01 5.825000000000000178e-01
1.600000000000000000e+01 6.027000000000000135e-01
1.700000000000000000e+01 6.421000000000000041e-01
1.800000000000000000e+01 6.410000000000000142e-01
1.900000000000000000e+01 6.855999999999999872e-01
2.000000000000000000e+01 6.845999999999999863e-01
2.100000000000000000e+01 6.917999999999999705e-01
2.200000000000000000e+01 6.824999999999999956e-01
2.300000000000000000e+01 7.076999999999999957e-01
2.400000000000000000e+01 7.000999999999999446e-01
2.500000000000000000e+01 7.115000000000000213e-01
2.600000000000000000e+01 6.993000000000000327e-01
2.700000000000000000e+01 7.473999999999999533e-01
2.800000000000000000e+01 7.544999999999999485e-01
2.900000000000000000e+01 7.600000000000000089e-01
3.000000000000000000e+01 7.621999999999999886e-01
3.100000000000000000e+01 7.647000000000000464e-01
3.200000000000000000e+01 7.648000000000000353e-01
3.300000000000000000e+01 7.784999999999999698e-01
3.400000000000000000e+01 7.677000000000000490e-01
3.500000000000000000e+01 7.879000000000000448e-01
3.600000000000000000e+01 7.999000000000000554e-01
3.700000000000000000e+01 7.929000000000000492e-01
3.800000000000000000e+01 8.021000000000000352e-01
3.900000000000000000e+01 7.943999999999999950e-01
4.000000000000000000e+01 7.963000000000000078e-01
4.100000000000000000e+01 8.081000000000000405e-01
4.200000000000000000e+01 7.923999999999999932e-01
4.300000000000000000e+01 8.179999999999999494e-01
4.400000000000000000e+01 7.992000000000000215e-01
4.500000000000000000e+01 8.070000000000000506e-01
4.600000000000000000e+01 8.285000000000000142e-01
4.700000000000000000e+01 8.296000000000000041e-01
4.800000000000000000e+01 8.314000000000000279e-01
4.900000000000000000e+01 8.297999999999999821e-01
5.000000000000000000e+01 8.082000000000000295e-01
5.100000000000000000e+01 8.264000000000000234e-01
5.200000000000000000e+01 8.244000000000000217e-01
5.300000000000000000e+01 8.314000000000000279e-01
5.400000000000000000e+01 8.437999999999999945e-01
5.500000000000000000e+01 8.484000000000000430e-01
5.600000000000000000e+01 8.504000000000000448e-01
5.700000000000000000e+01 8.445000000000000284e-01
5.800000000000000000e+01 8.359999999999999654e-01
5.900000000000000000e+01 8.545000000000000373e-01
6.000000000000000000e+01 8.448999999999999844e-01
6.100000000000000000e+01 8.438999999999999835e-01
6.200000000000000000e+01 8.493000000000000549e-01
6.300000000000000000e+01 8.578000000000000069e-01
6.400000000000000000e+01 8.539999999999999813e-01
6.500000000000000000e+01 8.541999999999999593e-01
6.600000000000000000e+01 8.588000000000000078e-01
6.700000000000000000e+01 8.518000000000000016e-01
6.800000000000000000e+01 8.578999999999999959e-01
6.900000000000000000e+01 8.558999999999999941e-01
7.000000000000000000e+01 8.580999999999999739e-01
7.100000000000000000e+01 8.643999999999999462e-01
7.200000000000000000e+01 8.621999999999999664e-01
7.300000000000000000e+01 8.645000000000000462e-01
7.400000000000000000e+01 8.565000000000000391e-01
7.500000000000000000e+01 8.628000000000000114e-01
7.600000000000000000e+01 8.599999999999999867e-01
7.700000000000000000e+01 8.669999999999999929e-01
7.800000000000000000e+01 8.772999999999999687e-01
7.900000000000000000e+01 8.707000000000000295e-01
8.000000000000000000e+01 8.692999999999999616e-01
8.100000000000000000e+01 8.725000000000000533e-01
8.200000000000000000e+01 8.750999999999999890e-01
8.300000000000000000e+01 8.599999999999999867e-01
8.400000000000000000e+01 8.705000000000000515e-01
8.500000000000000000e+01 8.647000000000000242e-01
8.600000000000000000e+01 8.758000000000000229e-01
8.700000000000000000e+01 8.753999999999999559e-01
8.800000000000000000e+01 8.770999999999999908e-01
8.900000000000000000e+01 8.773999999999999577e-01
9.000000000000000000e+01 8.779000000000000137e-01
9.100000000000000000e+01 8.813999999999999613e-01
9.200000000000000000e+01 8.750000000000000000e-01
9.300000000000000000e+01 8.792999999999999705e-01
9.400000000000000000e+01 8.812999999999999723e-01
9.500000000000000000e+01 8.789000000000000146e-01
9.600000000000000000e+01 8.759000000000000119e-01
9.700000000000000000e+01 8.788000000000000256e-01
9.800000000000000000e+01 8.810000000000000053e-01
9.900000000000000000e+01 8.829000000000000181e-01
1.000000000000000000e+02 8.788000000000000256e-01
1.010000000000000000e+02 8.854999999999999538e-01
1.020000000000000000e+02 8.850000000000000089e-01
1.030000000000000000e+02 8.800000000000000044e-01
1.040000000000000000e+02 8.866000000000000547e-01
1.050000000000000000e+02 8.856000000000000538e-01
1.060000000000000000e+02 8.901999999999999913e-01
1.070000000000000000e+02 8.821999999999999842e-01
1.080000000000000000e+02 8.839000000000000190e-01
1.090000000000000000e+02 8.890000000000000124e-01
1.100000000000000000e+02 8.901000000000000023e-01
1.110000000000000000e+02 8.885999999999999455e-01
1.120000000000000000e+02 8.881000000000000005e-01
1.130000000000000000e+02 8.961000000000000076e-01
1.140000000000000000e+02 8.894999999999999574e-01
1.150000000000000000e+02 8.915999999999999481e-01
1.160000000000000000e+02 8.911999999999999922e-01
1.170000000000000000e+02 8.922999999999999821e-01
1.180000000000000000e+02 8.895999999999999464e-01
1.190000000000000000e+02 8.927000000000000490e-01
1.200000000000000000e+02 8.947000000000000508e-01
1.210000000000000000e+02 8.930000000000000160e-01
1.220000000000000000e+02 8.912999999999999812e-01
1.230000000000000000e+02 8.903999999999999693e-01
1.240000000000000000e+02 8.959000000000000297e-01
1.250000000000000000e+02 8.968000000000000416e-01
1.260000000000000000e+02 8.932999999999999829e-01
1.270000000000000000e+02 8.961999999999999966e-01
1.280000000000000000e+02 8.993999999999999773e-01
1.290000000000000000e+02 8.931000000000000050e-01
1.300000000000000000e+02 8.941000000000000059e-01
1.310000000000000000e+02 8.964999999999999636e-01
1.320000000000000000e+02 8.945999999999999508e-01
1.330000000000000000e+02 8.978000000000000425e-01
1.340000000000000000e+02 8.989000000000000323e-01
1.350000000000000000e+02 9.005999999999999561e-01
1.360000000000000000e+02 8.960000000000000187e-01
1.370000000000000000e+02 8.988000000000000433e-01
1.380000000000000000e+02 8.960000000000000187e-01
1.390000000000000000e+02 8.971999999999999975e-01
1.400000000000000000e+02 8.990000000000000213e-01
1.410000000000000000e+02 8.931999999999999940e-01
1.420000000000000000e+02 8.991000000000000103e-01
1.430000000000000000e+02 9.035999999999999588e-01
1.440000000000000000e+02 9.004999999999999671e-01
1.450000000000000000e+02 8.981999999999999984e-01
1.460000000000000000e+02 9.032000000000000028e-01
1.470000000000000000e+02 8.983999999999999764e-01
1.480000000000000000e+02 9.023999999999999799e-01
1.490000000000000000e+02 8.965999999999999526e-01
1.500000000000000000e+02 9.018000000000000460e-01
1.510000000000000000e+02 9.003999999999999782e-01
1.520000000000000000e+02 9.011000000000000121e-01
1.530000000000000000e+02 9.020000000000000240e-01
1.540000000000000000e+02 8.972999999999999865e-01
1.550000000000000000e+02 8.999000000000000332e-01
1.560000000000000000e+02 9.029000000000000359e-01
1.570000000000000000e+02 9.004999999999999671e-01
1.580000000000000000e+02 8.991999999999999993e-01
1.590000000000000000e+02 8.971000000000000085e-01
1.600000000000000000e+02 9.042999999999999927e-01
1.610000000000000000e+02 9.015999999999999570e-01
1.620000000000000000e+02 9.028000000000000469e-01
1.630000000000000000e+02 9.026999999999999469e-01
1.640000000000000000e+02 9.000000000000000222e-01
1.650000000000000000e+02 9.002999999999999892e-01
1.660000000000000000e+02 9.036999999999999478e-01
1.670000000000000000e+02 9.033999999999999808e-01
1.680000000000000000e+02 9.054999999999999716e-01
1.690000000000000000e+02 8.983999999999999764e-01
1.700000000000000000e+02 8.983999999999999764e-01
1.710000000000000000e+02 9.043999999999999817e-01
1.720000000000000000e+02 9.060000000000000275e-01
1.730000000000000000e+02 9.036999999999999478e-01
1.740000000000000000e+02 9.043999999999999817e-01
1.750000000000000000e+02 9.072999999999999954e-01
1.760000000000000000e+02 9.046999999999999487e-01
1.770000000000000000e+02 9.006999999999999451e-01
1.780000000000000000e+02 9.041000000000000147e-01
1.790000000000000000e+02 9.048000000000000487e-01
1.800000000000000000e+02 9.071000000000000174e-01
1.810000000000000000e+02 9.079000000000000403e-01
1.820000000000000000e+02 9.054999999999999716e-01
1.830000000000000000e+02 9.064999999999999725e-01
1.840000000000000000e+02 9.045999999999999597e-01
1.850000000000000000e+02 9.054999999999999716e-01
1.860000000000000000e+02 9.048000000000000487e-01
1.870000000000000000e+02 9.026999999999999469e-01
1.880000000000000000e+02 9.062000000000000055e-01
1.890000000000000000e+02 9.062999999999999945e-01
1.900000000000000000e+02 9.068000000000000504e-01
1.910000000000000000e+02 9.041000000000000147e-01
1.920000000000000000e+02 9.100000000000000311e-01
1.930000000000000000e+02 9.098000000000000531e-01
1.940000000000000000e+02 9.082999999999999963e-01
1.950000000000000000e+02 9.041000000000000147e-01
1.960000000000000000e+02 9.044999999999999707e-01
1.970000000000000000e+02 9.091000000000000192e-01
1.980000000000000000e+02 9.092000000000000082e-01
1.990000000000000000e+02 9.074999999999999734e-01
2.000000000000000000e+02 9.079000000000000403e-01
