1.000000000000000000e+00 1.708999999999999964e-01
2.000000000000000000e+00 2.285999999999999976e-01
3.000000000000000000e+00 2.645000000000000129e-01
4.000000000000000000e+00 3.594999999999999862e-01
5.000000000000000000e+00 3.857999999999999763e-01
6.000000000000000000e+00 3.930000000000000160e-01
7.000000000000000000e+00 3.796999999999999820e-01
8.000000000000000000e+00 4.056000000000000161e-01
9.000000000000000000e+00 4.346999999999999753e-01
1.000000000000000000e+01 5.679999999999999494e-01
1.100000000000000000e+01 5.627999999999999670e-01
1.200000000000000000e+01 5.718999999999999639e-01
1.300000000000000000e+01 6.510000000000000231e-01
1.400000000000000000e+01 5.333999999999999853e-01
1.500000000000000000e+01 6.297000000000000375e-01
1.600000000000000000e+01 6.647999999999999465e-01
1.700000000000000000e+01 6.636999999999999567e-01
1.800000000000000000e+01 6.487000000000000544e-01
1.900000000000000000e+01 6.906999999999999806e-01
2.000000000000000000e+01 6.776999999999999691e-01
2.100000000000000000e+01 7.002000000000000446e-01
2.200000000000000000e+01 7.123000000000000442e-01
2.300000000000000000e+01 6.934000000000000163e-01
2.400000000000000000e+01 7.159999999999999698e-01
2.500000000000000000e+01 7.168999999999999817e-01
2.600000000000000000e+01 7.074000000000000288e-01
2.700000000000000000e+01 7.305000000000000382e-01
2.800000000000000000e+01 7.217999999999999972e-01
2.900000000000000000e+01 7.415000000000000480e-01
3.000000000000000000e+01 7.748000000000000442e-01
3.100000000000000000e+01 7.812000000000000055e-01
3.200000000000000000e+01 7.657000000000000473e-01
3.300000000000000000e+01 7.677000000000000490e-01
3.400000000000000000e+01 7.848000000000000531e-01
3.500000000000000000e+01 7.947999999999999510e-01
3.600000000000000000e+01 7.937999999999999501e-01
3.700000000000000000e+01 7.870000000000000329e-01
3.800000000000000000e+01 8.141000000000000458e-01
3.900000000000000000e+01 7.848000000000000531e-01
4.000000000000000000e+01 7.961000000000000298e-01
4.100000000000000000e+01 8.094999999999999973e-01
4.200000000000000000e+01 8.004000000000000004e-01
4.300000000000000000e+01 8.207999999999999741e-01
4.400000000000000000e+01 8.305000000000000160e-01
4.500000000000000000e+01 8.066999999999999726e-01
4.600000000000000000e+01 8.164000000000000146e-01
4.700000000000000000e+01 8.175000000000000044e-01
4.800000000000000000e+01 8.193000000000000282e-01
4.900000000000000000e+01 8.284000000000000252e-01
5.000000000000000000e+01 8.319999999999999618e-01
5.100000000000000000e+01 8.259999999999999565e-01
5.200000000000000000e+01 8.373000000000000442e-01
5.300000000000000000e+01 8.500999999999999668e-01
5.400000000000000000e+01 8.308999999999999719e-01
5.500000000000000000e+01 8.417000000000000037e-01
5.600000000000000000e+01 8.344000000000000306e-01
5.700000000000000000e+01 8.401999999999999469e-01
5.800000000000000000e+01 8.477000000000000091e-01
5.900000000000000000e+01 8.461999999999999522e-01
6.000000000000000000e+01 8.458999999999999853e-01
6.100000000000000000e+01 8.463000000000000522e-01
6.200000000000000000e+01 8.581999999999999629e-01
6.300000000000000000e+01 8.546000000000000263e-01
6.400000000000000000e+01 8.536000000000000254e-01
6.500000000000000000e+01 8.526000000000000245e-01
6.600000000000000000e+01 8.519999999999999796e-01
6.700000000000000000e+01 8.500999999999999668e-01
6.800000000000000000e+01 8.550999999999999712e-01
6.900000000000000000e+01 8.652999999999999581e-01
7.000000000000000000e+01 8.588000000000000078e-01
7.100000000000000000e+01 8.586000000000000298e-01
7.200000000000000000e+01 8.622999999999999554e-01
7.300000000000000000e+01 8.629999999999999893e-01
7.400000000000000000e+01 8.584000000000000519e-01
7.500000000000000000e+01 8.680999999999999828e-01
7.600000000000000000e+01 8.680999999999999828e-01
7.700000000000000000e+01 8.647000000000000242e-01
7.800000000000000000e+01 8.640999999999999792e-01
7.900000000000000000e+01 8.627000000000000224e-01
8.000000000000000000e+01 8.738000000000000211e-01
8.100000000000000000e+01 8.559999999999999831e-01
8.200000000000000000e+01 8.698000000000000176e-01
8.300000000000000000e+01 8.739999999999999991e-01
8.400000000000000000e+01 8.773999999999999577e-01
8.500000000000000000e+01 8.735000000000000542e-01
8.600000000000000000e+01 8.760000000000000009e-01
8.700000000000000000e+01 8.768000000000000238e-01
8.800000000000000000e+01 8.703999999999999515e-01
8.900000000000000000e+01 8.822999999999999732e-01
9.000000000000000000e+01 8.791999999999999815e-01
9.100000000000000000e+01 8.811999999999999833e-01
9.200000000000000000e+01 8.870999999999999996e-01
9.300000000000000000e+01 8.731999999999999762e-01
9.400000000000000000e+01 8.870999999999999996e-01
9.500000000000000000e+01 8.820000000000000062e-01
9.600000000000000000e+01 8.827000000000000401e-01
9.700000000000000000e+01 8.807000000000000384e-01
9.800000000000000000e+01 8.840999999999999970e-01
9.900000000000000000e+01 8.854999999999999538e-01
1.000000000000000000e+02 8.863999999999999657e-01
1.010000000000000000e+02 8.797000000000000375e-01
1.020000000000000000e+02 8.870999999999999996e-01
1.030000000000000000e+02 8.868000000000000327e-01
1.040000000000000000e+02 8.834999999999999520e-01
1.050000000000000000e+02 8.836000000000000520e-01
1.060000000000000000e+02 8.874999999999999556e-01
1.070000000000000000e+02 8.864999999999999547e-01
1.080000000000000000e+02 8.822999999999999732e-01
1.090000000000000000e+02 8.862999999999999767e-01
1.100000000000000000e+02 8.908000000000000362e-01
1.110000000000000000e+02 8.901000000000000023e-01
1.120000000000000000e+02 8.917000000000000481e-01
1.130000000000000000e+02 8.908000000000000362e-01
1.140000000000000000e+02 8.868000000000000327e-01
1.150000000000000000e+02 8.846000000000000529e-01
1.160000000000000000e+02 8.957000000000000517e-01
1.170000000000000000e+02 8.922999999999999821e-01
1.180000000000000000e+02 8.925999999999999490e-01
1.190000000000000000e+02 8.911999999999999922e-01
1.200000000000000000e+02 8.894999999999999574e-01
1.210000000000000000e+02 8.917000000000000481e-01
1.220000000000000000e+02 8.944999999999999618e-01
1.230000000000000000e+02 8.947000000000000508e-01
1.240000000000000000e+02 8.942999999999999838e-01
1.250000000000000000e+02 8.920000000000000151e-01
1.260000000000000000e+02 8.965999999999999526e-01
1.270000000000000000e+02 8.974999999999999645e-01
1.280000000000000000e+02 9.012999999999999901e-01
1.290000000000000000e+02 8.938000000000000389e-01
1.300000000000000000e+02 8.977000000000000535e-01
1.310000000000000000e+02 8.931999999999999940e-01
1.320000000000000000e+02 8.953999999999999737e-01
1.330000000000000000e+02 9.003999999999999782e-01
1.340000000000000000e+02 8.967000000000000526e-01
1.350000000000000000e+02 8.944999999999999618e-01
1.360000000000000000e+02 8.992999999999999883e-01
1.370000000000000000e+02 8.961999999999999966e-01
1.380000000000000000e+02 8.948000000000000398e-01
1.390000000000000000e+02 8.929000000000000270e-01
1.400000000000000000e+02 8.932999999999999829e-01
1.410000000000000000e+02 8.980000000000000204e-01
1.420000000000000000e+02 8.942999999999999838e-01
1.430000000000000000e+02 8.959000000000000297e-01
1.440000000000000000e+02 8.990000000000000213e-01
1.450000000000000000e+02 8.980000000000000204e-01
1.460000000000000000e+02 8.973999999999999755e-01
1.470000000000000000e+02 8.954999999999999627e-01
1.480000000000000000e+02 8.981000000000000094e-01
1.490000000000000000e+02 8.999000000000000332e-01
1.500000000000000000e+02 9.046999999999999487e-01
1.510000000000000000e+02 9.022999999999999909e-01
1.520000000000000000e+02 8.984999999999999654e-01
1.530000000000000000e+02 8.998000000000000442e-01
1.540000000000000000e+02 9.003999999999999782e-01
1.550000000000000000e+02 8.997000000000000552e-01
1.560000000000000000e+02 9.001000000000000112e-01
1.570000000000000000e+02 9.010000000000000231e-01
1.580000000000000000e+02 8.993999999999999773e-01
1.590000000000000000e+02 8.981000000000000094e-01
1.600000000000000000e+02 9.028000000000000469e-01
1.610000000000000000e+02 9.029000000000000359e-01
1.620000000000000000e+02 9.032999999999999918e-01
1.630000000000000000e+02 9.022000000000000020e-01
1.640000000000000000e+02 9.044999999999999707e-01
1.650000000000000000e+02 8.998000000000000442e-01
1.660000000000000000e+02 9.044999999999999707e-01
1.670000000000000000e+02 9.062000000000000055e-01
1.680000000000000000e+02 9.031000000000000139e-01
1.690000000000000000e+02 9.052999999999999936e-01
1.700000000000000000e+02 9.020000000000000240e-01
1.710000000000000000e+02 9.041000000000000147e-01
1.720000000000000000e+02 9.040000000000000258e-01
1.730000000000000000e+02 9.008000000000000451e-01
1.740000000000000000e+02 9.063999999999999835e-01
1.750000000000000000e+02 9.046999999999999487e-01
1.760000000000000000e+02 9.031000000000000139e-01
1.770000000000000000e+02 9.016999999999999460e-01
1.780000000000000000e+02 9.050000000000000266e-01
1.790000000000000000e+02 9.061000000000000165e-01
1.800000000000000000e+02 9.026999999999999469e-01
1.810000000000000000e+02 9.062999999999999945e-01
1.820000000000000000e+02 9.022000000000000020e-01
1.830000000000000000e+02 9.036999999999999478e-01
1.840000000000000000e+02 9.082000000000000073e-01
1.850000000000000000e+02 9.031000000000000139e-01
1.860000000000000000e+02 9.022000000000000020e-01
1.870000000000000000e+02 9.095999999999999641e-01
1.880000000000000000e+02 9.075999999999999623e-01
1.890000000000000000e+02 9.078000000000000513e-01
1.900000000000000000e+02 9.040000000000000258e-01
1.910000000000000000e+02 9.093999999999999861e-01
1.920000000000000000e+02 9.042999999999999927e-01
1.930000000000000000e+02 9.031000000000000139e-01
1.940000000000000000e+02 9.081000000000000183e-01
1.950000000000000000e+02 9.046999999999999487e-01
1.960000000000000000e+02 9.042999999999999927e-01
1.970000000000000000e+02 9.092999999999999972e-01
1.980000000000000000e+02 9.071000000000000174e-01
1.990000000000000000e+02 9.073999999999999844e-01
2.000000000000000000e+02 9.090000000000000302e-01
