1.000000000000000000e+00 1.988999999999999935e-01
2.000000000000000000e+00 2.594000000000000195e-01
3.000000000000000000e+00 2.268000000000000016e-01
4.000000000000000000e+00 3.618000000000000105e-01
5.000000000000000000e+00 3.662000000000000255e-01
6.000000000000000000e+00 4.194999999999999840e-01
7.000000000000000000e+00 4.666000000000000147e-01
8.000000000000000000e+00 4.642000000000000015e-01
9.000000000000000000e+00 4.484000000000000208e-01
1.000000000000000000e+01 4.930999999999999828e-01
1.100000000000000000e+01 5.393000000000000016e-01
1.200000000000000000e+01 5.736999999999999877e-01
1.300000000000000000e+01 6.196000000000000396e-01
1.400000000000000000e+01 6.159000000000000030e-01
1.500000000000000000e+01 6.388000000000000345e-01
1.600000000000000000e+01 6.286000000000000476e-01
1.700000000000000000e+01 6.582000000000000073e-01
1.800000000000000000e+01 6.675999999999999712e-01
1.900000000000000000e+01 6.623999999999999888e-01
2.000000000000000000e+01 6.653999999999999915e-01
2.100000000000000000e+01 6.983000000000000318e-01
2.200000000000000000e+01 7.167999999999999927e-01
2.300000000000000000e+01 7.137999999999999901e-01
2.400000000000000000e+01 7.184000000000000385e-01
2.500000000000000000e+01 7.229999999999999760e-01
2.600000000000000000e+01 7.305000000000000382e-01
2.700000000000000000e+01 7.481999999999999762e-01
2.800000000000000000e+01 7.139999999999999680e-01
2.900000000000000000e+01 7.580999999999999961e-01
3.000000000000000000e+01 7.792000000000000037e-01
3.100000000000000000e+01 7.835999999999999632e-01
3.200000000000000000e+01 7.933999999999999941e-01
3.300000000000000000e+01 7.840000000000000302e-01
3.400000000000000000e+01 7.825999999999999623e-01
3.500000000000000000e+01 7.833999999999999853e-01
3.600000000000000000e+01 8.127999999999999670e-01
3.700000000000000000e+01 7.934999999999999831e-01
3.800000000000000000e+01 8.067999999999999616e-01
3.900000000000000000e+01 8.189999999999999503e-01
4.000000000000000000e+01 8.327999999999999847e-01
4.100000000000000000e+01 8.148999999999999577e-01
4.200000000000000000e+01 8.187999999999999723e-01
4.300000000000000000e+01 8.262000000000000455e-01
4.400000000000000000e+01 8.322000000000000508e-01
4.500000000000000000e+01 8.465000000000000302e-01
4.600000000000000000e+01 8.456000000000000183e-01
4.700000000000000000e+01 8.369999999999999662e-01
4.800000000000000000e+01 8.390999999999999570e-01
4.900000000000000000e+01 8.424000000000000377e-01
5.000000000000000000e+01 8.528999999999999915e-01
5.100000000000000000e+01 8.415000000000000258e-01
5.200000000000000000e+01 8.400999999999999579e-01
5.300000000000000000e+01 8.493000000000000549e-01
5.400000000000000000e+01 8.568999999999999950e-01
5.500000000000000000e+01 8.528999999999999915e-01
5.600000000000000000e+01 8.650999999999999801e-01
5.700000000000000000e+01 8.578000000000000069e-01
5.800000000000000000e+01 8.584000000000000519e-01
5.900000000000000000e+01 8.558000000000000052e-01
6.000000000000000000e+01 8.602999999999999536e-01
6.100000000000000000e+01 8.667000000000000259e-01
6.200000000000000000e+01 8.538999999999999924e-01
6.300000000000000000e+01 8.649999999999999911e-01
6.400000000000000000e+01 8.750000000000000000e-01
6.500000000000000000e+01 8.632999999999999563e-01
6.600000000000000000e+01 8.713999999999999524e-01
6.700000000000000000e+01 8.711999999999999744e-01
6.800000000000000000e+01 8.685000000000000497e-01
6.900000000000000000e+01 8.778000000000000247e-01
7.000000000000000000e+01 8.754999999999999449e-01
7.100000000000000000e+01 8.774999999999999467e-01
7.200000000000000000e+01 8.748000000000000220e-01
7.300000000000000000e+01 8.809000000000000163e-01
7.400000000000000000e+01 8.695000000000000506e-01
7.500000000000000000e+01 8.834999999999999520e-01
7.600000000000000000e+01 8.749000000000000110e-01
7.700000000000000000e+01 8.808000000000000274e-01
7.800000000000000000e+01 8.769000000000000128e-01
7.900000000000000000e+01 8.810999999999999943e-01
8.000000000000000000e+01 8.819000000000000172e-01
8.100000000000000000e+01 8.820000000000000062e-01
8.200000000000000000e+01 8.725000000000000533e-01
8.300000000000000000e+01 8.870999999999999996e-01
8.400000000000000000e+01 8.814999999999999503e-01
8.500000000000000000e+01 8.872999999999999776e-01
8.600000000000000000e+01 8.870000000000000107e-01
8.700000000000000000e+01 8.834999999999999520e-01
8.800000000000000000e+01 8.882999999999999785e-01
8.900000000000000000e+01 8.931999999999999940e-01
9.000000000000000000e+01 8.915999999999999481e-01
9.100000000000000000e+01 8.844999999999999529e-01
9.200000000000000000e+01 8.903999999999999693e-01
9.300000000000000000e+01 8.915999999999999481e-01
9.400000000000000000e+01 8.907000000000000473e-01
9.500000000000000000e+01 8.937000000000000499e-01
9.600000000000000000e+01 8.897000000000000464e-01
9.700000000000000000e+01 8.941000000000000059e-01
9.800000000000000000e+01 8.905999999999999472e-01
9.900000000000000000e+01 8.962999999999999856e-01
1.000000000000000000e+02 8.932999999999999829e-01
1.010000000000000000e+02 8.945999999999999508e-01
1.020000000000000000e+02 8.967000000000000526e-01
1.030000000000000000e+02 8.951999999999999957e-01
1.040000000000000000e+02 8.893999999999999684e-01
1.050000000000000000e+02 8.963999999999999746e-01
1.060000000000000000e+02 8.962999999999999856e-01
1.070000000000000000e+02 8.907000000000000473e-01
1.080000000000000000e+02 8.985999999999999543e-01
1.090000000000000000e+02 8.959000000000000297e-01
1.100000000000000000e+02 9.022999999999999909e-01
1.110000000000000000e+02 8.967000000000000526e-01
1.120000000000000000e+02 9.002000000000000002e-01
1.130000000000000000e+02 8.985999999999999543e-01
1.140000000000000000e+02 8.985999999999999543e-01
1.150000000000000000e+02 9.029000000000000359e-01
1.160000000000000000e+02 9.032999999999999918e-01
1.170000000000000000e+02 8.989000000000000323e-01
1.180000000000000000e+02 9.042000000000000037e-01
1.190000000000000000e+02 8.991999999999999993e-01
1.200000000000000000e+02 9.038000000000000478e-01
1.210000000000000000e+02 9.011000000000000121e-01
1.220000000000000000e+02 9.023999999999999799e-01
1.230000000000000000e+02 9.009000000000000341e-01
1.240000000000000000e+02 9.042000000000000037e-01
1.250000000000000000e+02 9.020000000000000240e-01
1.260000000000000000e+02 9.041000000000000147e-01
1.270000000000000000e+02 9.029000000000000359e-01
1.280000000000000000e+02 9.042000000000000037e-01
1.290000000000000000e+02 9.043999999999999817e-01
1.300000000000000000e+02 9.043999999999999817e-01
1.310000000000000000e+02 9.060000000000000275e-01
1.320000000000000000e+02 9.035999999999999588e-01
1.330000000000000000e+02 9.014999999999999680e-01
1.340000000000000000e+02 9.042000000000000037e-01
1.350000000000000000e+02 9.095999999999999641e-01
1.360000000000000000e+02 9.073999999999999844e-01
1.370000000000000000e+02 9.059000000000000385e-01
1.380000000000000000e+02 9.036999999999999478e-01
1.390000000000000000e+02 9.066999999999999504e-01
1.400000000000000000e+02 9.030000000000000249e-01
1.410000000000000000e+02 9.075999999999999623e-01
1.420000000000000000e+02 9.081000000000000183e-01
1.430000000000000000e+02 9.100000000000000311e-01
1.440000000000000000e+02 9.070000000000000284e-01
1.450000000000000000e+02 9.049000000000000377e-01
1.460000000000000000e+02 9.075999999999999623e-01
1.470000000000000000e+02 9.060000000000000275e-01
1.480000000000000000e+02 9.072000000000000064e-01
1.490000000000000000e+02 9.076999999999999513e-01
1.500000000000000000e+02 9.061000000000000165e-01
1.510000000000000000e+02 9.065999999999999615e-01
1.520000000000000000e+02 9.086999999999999522e-01
1.530000000000000000e+02 9.089000000000000412e-01
1.540000000000000000e+02 9.102000000000000091e-01
1.550000000000000000e+02 9.100000000000000311e-01
1.560000000000000000e+02 9.109000000000000430e-01
1.570000000000000000e+02 9.071000000000000174e-01
1.580000000000000000e+02 9.098000000000000531e-01
1.590000000000000000e+02 9.054999999999999716e-01
1.600000000000000000e+02 9.102000000000000091e-01
1.610000000000000000e+02 9.099000000000000421e-01
1.620000000000000000e+02 9.095999999999999641e-01
1.630000000000000000e+02 9.096999999999999531e-01
1.640000000000000000e+02 9.102000000000000091e-01
1.650000000000000000e+02 9.102000000000000091e-01
1.660000000000000000e+02 9.121000000000000218e-01
1.670000000000000000e+02 9.122999999999999998e-01
1.680000000000000000e+02 9.115999999999999659e-01
1.690000000000000000e+02 9.106999999999999540e-01
1.700000000000000000e+02 9.142000000000000126e-01
1.710000000000000000e+02 9.133999999999999897e-01
1.720000000000000000e+02 9.120000000000000329e-01
1.730000000000000000e+02 9.098000000000000531e-01
1.740000000000000000e+02 9.101000000000000201e-01
1.750000000000000000e+02 9.110000000000000320e-01
1.760000000000000000e+02 9.105999999999999650e-01
1.770000000000000000e+02 9.113999999999999879e-01
1.780000000000000000e+02 9.118000000000000549e-01
1.790000000000000000e+02 9.122000000000000108e-01
1.800000000000000000e+02 9.081000000000000183e-01
1.810000000000000000e+02 9.143000000000000016e-01
1.820000000000000000e+02 9.143000000000000016e-01
1.830000000000000000e+02 9.124999999999999778e-01
1.840000000000000000e+02 9.112999999999999989e-01
1.850000000000000000e+02 9.133999999999999897e-01
1.860000000000000000e+02 9.112999999999999989e-01
1.870000000000000000e+02 9.108000000000000540e-01
1.880000000000000000e+02 9.136999999999999567e-01
1.890000000000000000e+02 9.125999999999999668e-01
1.900000000000000000e+02 9.115999999999999659e-01
1.910000000000000000e+02 9.146999999999999575e-01
1.920000000000000000e+02 9.143999999999999906e-01
1.930000000000000000e+02 9.137999999999999456e-01
1.940000000000000000e+02 9.132000000000000117e-01
1.950000000000000000e+02 9.129000000000000448e-01
1.960000000000000000e+02 9.132000000000000117e-01
1.970000000000000000e+02 9.102999999999999980e-01
1.980000000000000000e+02 9.104999999999999760e-01
1.990000000000000000e+02 9.115999999999999659e-01
2.000000000000000000e+02 9.153000000000000025e-01
