1.000000000000000000e+00 8.004999999999999893e-01
2.000000000000000000e+00 8.552999999999999492e-01
3.000000000000000000e+00 8.750000000000000000e-01
4.000000000000000000e+00 8.804999999999999494e-01
5.000000000000000000e+00 8.939000000000000279e-01
6.000000000000000000e+00 8.920000000000000151e-01
7.000000000000000000e+00 8.943999999999999728e-01
8.000000000000000000e+00 8.999000000000000332e-01
9.000000000000000000e+00 8.953999999999999737e-01
1.000000000000000000e+01 9.009000000000000341e-01
1.100000000000000000e+01 9.000000000000000222e-01
1.200000000000000000e+01 8.973999999999999755e-01
1.300000000000000000e+01 9.029000000000000359e-01
1.400000000000000000e+01 9.052999999999999936e-01
1.500000000000000000e+01 9.031000000000000139e-01
1.600000000000000000e+01 9.058000000000000496e-01
1.700000000000000000e+01 9.051000000000000156e-01
1.800000000000000000e+01 9.090000000000000302e-01
1.900000000000000000e+01 9.042999999999999927e-01
2.000000000000000000e+01 9.048000000000000487e-01
