1.000000000000000000e+00 1.945000000000000062e-01
2.000000000000000000e+00 2.518000000000000238e-01
3.000000000000000000e+00 3.058000000000000163e-01
4.000000000000000000e+00 2.813999999999999835e-01
5.000000000000000000e+00 3.882999999999999785e-01
6.000000000000000000e+00 4.081000000000000183e-01
7.000000000000000000e+00 4.331999999999999740e-01
8.000000000000000000e+00 4.647000000000000020e-01
9.000000000000000000e+00 5.238000000000000433e-01
1.000000000000000000e+01 5.397999999999999465e-01
1.100000000000000000e+01 5.387999999999999456e-01
1.200000000000000000e+01 5.678999999999999604e-01
1.300000000000000000e+01 5.897000000000000020e-01
1.400000000000000000e+01 5.490000000000000435e-01
1.500000000000000000e+01 6.463999999999999746e-01
1.600000000000000000e+01 6.310999999999999943e-01
1.700000000000000000e+01 6.598000000000000531e-01
1.800000000000000000e+01 6.479000000000000314e-01
1.900000000000000000e+01 6.641000000000000236e-01
2.000000000000000000e+01 7.377000000000000224e-01
2.100000000000000000e+01 7.044000000000000261e-01
2.200000000000000000e+01 7.119999999999999662e-01
2.300000000000000000e+01 7.050999999999999490e-01
2.400000000000000000e+01 7.112000000000000544e-01
2.500000000000000000e+01 7.796999999999999487e-01
2.600000000000000000e+01 7.127999999999999892e-01
2.700000000000000000e+01 7.578000000000000291e-01
2.800000000000000000e+01 7.698000000000000398e-01
2.900000000000000000e+01 7.550000000000000044e-01
3.000000000000000000e+01 7.839000000000000412e-01
3.100000000000000000e+01 7.902000000000000135e-01
3.200000000000000000e+01 7.511999999999999789e-01
3.300000000000000000e+01 7.788000000000000478e-01
3.400000000000000000e+01 7.897999999999999465e-01
3.500000000000000000e+01 8.091000000000000414e-01
3.600000000000000000e+01 8.062000000000000277e-01
3.700000000000000000e+01 8.248999999999999666e-01
3.800000000000000000e+01 8.086999999999999744e-01
3.900000000000000000e+01 8.056999999999999718e-01
4.000000000000000000e+01 8.207999999999999741e-01
4.100000000000000000e+01 8.187999999999999723e-01
4.200000000000000000e+01 8.305000000000000160e-01
4.300000000000000000e+01 8.208999999999999631e-01
4.400000000000000000e+01 8.290999999999999481e-01
4.500000000000000000e+01 8.390999999999999570e-01
4.600000000000000000e+01 8.377000000000000002e-01
4.700000000000000000e+01 8.405000000000000249e-01
4.800000000000000000e+01 8.334000000000000297e-01
4.900000000000000000e+01 8.434000000000000385e-01
5.000000000000000000e+01 8.475000000000000311e-01
5.100000000000000000e+01 8.424000000000000377e-01
5.200000000000000000e+01 8.508999999999999897e-01
5.300000000000000000e+01 8.508999999999999897e-01
5.400000000000000000e+01 8.535000000000000364e-01
5.500000000000000000e+01 8.471999999999999531e-01
5.600000000000000000e+01 8.502999999999999448e-01
5.700000000000000000e+01 8.564000000000000501e-01
5.800000000000000000e+01 8.614000000000000545e-01
5.900000000000000000e+01 8.555000000000000382e-01
6.000000000000000000e+01 8.521999999999999575e-01
6.100000000000000000e+01 8.555000000000000382e-01
6.200000000000000000e+01 8.669999999999999929e-01
6.300000000000000000e+01 8.571999999999999620e-01
6.400000000000000000e+01 8.631999999999999673e-01
6.500000000000000000e+01 8.729000000000000092e-01
6.600000000000000000e+01 8.686000000000000387e-01
6.700000000000000000e+01 8.631999999999999673e-01
6.800000000000000000e+01 8.639000000000000012e-01
6.900000000000000000e+01 8.743999999999999551e-01
7.000000000000000000e+01 8.721999999999999753e-01
7.100000000000000000e+01 8.823999999999999622e-01
7.200000000000000000e+01 8.741999999999999771e-01
7.300000000000000000e+01 8.705000000000000515e-01
7.400000000000000000e+01 8.770999999999999908e-01
7.500000000000000000e+01 8.789000000000000146e-01
7.600000000000000000e+01 8.762999999999999678e-01
7.700000000000000000e+01 8.730999999999999872e-01
7.800000000000000000e+01 8.758000000000000229e-01
7.900000000000000000e+01 8.853999999999999648e-01
8.000000000000000000e+01 8.841999999999999860e-01
8.100000000000000000e+01 8.818000000000000282e-01
8.200000000000000000e+01 8.821999999999999842e-01
8.300000000000000000e+01 8.839000000000000190e-01
8.400000000000000000e+01 8.829000000000000181e-01
8.500000000000000000e+01 8.860000000000000098e-01
8.600000000000000000e+01 8.888000000000000345e-01
8.700000000000000000e+01 8.912999999999999812e-01
8.800000000000000000e+01 8.861999999999999877e-01
8.900000000000000000e+01 8.879000000000000226e-01
9.000000000000000000e+01 8.907000000000000473e-01
9.100000000000000000e+01 8.890000000000000124e-01
9.200000000000000000e+01 8.947000000000000508e-01
9.300000000000000000e+01 8.900000000000000133e-01
9.400000000000000000e+01 8.922999999999999821e-01
9.500000000000000000e+01 8.908000000000000362e-01
9.600000000000000000e+01 8.893999999999999684e-01
9.700000000000000000e+01 8.875999999999999446e-01
9.800000000000000000e+01 8.947000000000000508e-01
9.900000000000000000e+01 8.862999999999999767e-01
1.000000000000000000e+02 8.903999999999999693e-01
1.010000000000000000e+02 8.973999999999999755e-01
1.020000000000000000e+02 8.928000000000000380e-01
1.030000000000000000e+02 8.921000000000000041e-01
1.040000000000000000e+02 8.919000000000000261e-01
1.050000000000000000e+02 8.948000000000000398e-01
1.060000000000000000e+02 8.924999999999999600e-01
1.070000000000000000e+02 8.923999999999999710e-01
1.080000000000000000e+02 8.968000000000000416e-01
1.090000000000000000e+02 8.967000000000000526e-01
1.100000000000000000e+02 8.970000000000000195e-01
1.110000000000000000e+02 9.030000000000000249e-01
1.120000000000000000e+02 9.000000000000000222e-01
1.130000000000000000e+02 8.981999999999999984e-01
1.140000000000000000e+02 8.981999999999999984e-01
1.150000000000000000e+02 9.062000000000000055e-01
1.160000000000000000e+02 9.045999999999999597e-01
1.170000000000000000e+02 8.935999999999999499e-01
1.180000000000000000e+02 9.016999999999999460e-01
1.190000000000000000e+02 9.022000000000000020e-01
1.200000000000000000e+02 9.025999999999999579e-01
1.210000000000000000e+02 9.018000000000000460e-01
1.220000000000000000e+02 8.995999999999999552e-01
1.230000000000000000e+02 9.012000000000000011e-01
1.240000000000000000e+02 9.025999999999999579e-01
1.250000000000000000e+02 9.005999999999999561e-01
1.260000000000000000e+02 9.028000000000000469e-01
1.270000000000000000e+02 9.029000000000000359e-01
1.280000000000000000e+02 9.049000000000000377e-01
1.290000000000000000e+02 9.042999999999999927e-01
1.300000000000000000e+02 9.060000000000000275e-01
1.310000000000000000e+02 9.032999999999999918e-01
1.320000000000000000e+02 9.019000000000000350e-01
1.330000000000000000e+02 9.009000000000000341e-01
1.340000000000000000e+02 9.041000000000000147e-01
1.350000000000000000e+02 9.048000000000000487e-01
1.360000000000000000e+02 9.061000000000000165e-01
1.370000000000000000e+02 9.056999999999999496e-01
1.380000000000000000e+02 9.058000000000000496e-01
1.390000000000000000e+02 9.072999999999999954e-01
1.400000000000000000e+02 9.098000000000000531e-01
1.410000000000000000e+02 9.090000000000000302e-01
1.420000000000000000e+02 9.053999999999999826e-01
1.430000000000000000e+02 9.078000000000000513e-01
1.440000000000000000e+02 9.078000000000000513e-01
1.450000000000000000e+02 9.074999999999999734e-01
1.460000000000000000e+02 9.065999999999999615e-01
1.470000000000000000e+02 9.094999999999999751e-01
1.480000000000000000e+02 9.080000000000000293e-01
1.490000000000000000e+02 9.084999999999999742e-01
1.500000000000000000e+02 9.054999999999999716e-01
1.510000000000000000e+02 9.073999999999999844e-01
1.520000000000000000e+02 9.092999999999999972e-01
1.530000000000000000e+02 9.121000000000000218e-01
1.540000000000000000e+02 9.076999999999999513e-01
1.550000000000000000e+02 9.131000000000000227e-01
1.560000000000000000e+02 9.123999999999999888e-01
1.570000000000000000e+02 9.096999999999999531e-01
1.580000000000000000e+02 9.122000000000000108e-01
1.590000000000000000e+02 9.094999999999999751e-01
1.600000000000000000e+02 9.129000000000000448e-01
1.610000000000000000e+02 9.062999999999999945e-01
1.620000000000000000e+02 9.059000000000000385e-01
1.630000000000000000e+02 9.039000000000000368e-01
1.640000000000000000e+02 9.089000000000000412e-01
1.650000000000000000e+02 9.102000000000000091e-01
1.660000000000000000e+02 9.111000000000000210e-01
1.670000000000000000e+02 9.120000000000000329e-01
1.680000000000000000e+02 9.102000000000000091e-01
1.690000000000000000e+02 9.076999999999999513e-01
1.700000000000000000e+02 9.089000000000000412e-01
1.710000000000000000e+02 9.093999999999999861e-01
1.720000000000000000e+02 9.118000000000000549e-01
1.730000000000000000e+02 9.113999999999999879e-01
1.740000000000000000e+02 9.126999999999999558e-01
1.750000000000000000e+02 9.114999999999999769e-01
1.760000000000000000e+02 9.099000000000000421e-01
1.770000000000000000e+02 9.143000000000000016e-01
1.780000000000000000e+02 9.101000000000000201e-01
1.790000000000000000e+02 9.133000000000000007e-01
1.800000000000000000e+02 9.108000000000000540e-01
1.810000000000000000e+02 9.116999999999999549e-01
1.820000000000000000e+02 9.075999999999999623e-01
1.830000000000000000e+02 9.102999999999999980e-01
1.840000000000000000e+02 9.129000000000000448e-01
1.850000000000000000e+02 9.124999999999999778e-01
1.860000000000000000e+02 9.133000000000000007e-01
1.870000000000000000e+02 9.141000000000000236e-01
1.880000000000000000e+02 9.140000000000000346e-01
1.890000000000000000e+02 9.133999999999999897e-01
1.900000000000000000e+02 9.155999999999999694e-01
1.910000000000000000e+02 9.134999999999999787e-01
1.920000000000000000e+02 9.150000000000000355e-01
1.930000000000000000e+02 9.139000000000000457e-01
1.940000000000000000e+02 9.136999999999999567e-01
1.950000000000000000e+02 9.106999999999999540e-01
1.960000000000000000e+02 9.131000000000000227e-01
1.970000000000000000e+02 9.129000000000000448e-01
1.980000000000000000e+02 9.133000000000000007e-01
1.990000000000000000e+02 9.104999999999999760e-01
2.000000000000000000e+02 9.146999999999999575e-01
