1.000000000000000000e+00 1.816000000000000114e-01
2.000000000000000000e+00 2.394999999999999907e-01
3.000000000000000000e+00 2.954999999999999849e-01
4.000000000000000000e+00 2.993000000000000105e-01
5.000000000000000000e+00 3.608000000000000096e-01
6.000000000000000000e+00 4.041000000000000147e-01
7.000000000000000000e+00 4.302000000000000268e-01
8.000000000000000000e+00 4.864999999999999880e-01
9.000000000000000000e+00 5.215999999999999526e-01
1.000000000000000000e+01 5.092999999999999750e-01
1.100000000000000000e+01 4.914000000000000035e-01
1.200000000000000000e+01 5.487999999999999545e-01
1.300000000000000000e+01 5.597999999999999643e-01
1.400000000000000000e+01 5.854000000000000314e-01
1.500000000000000000e+01 6.199999999999999956e-01
1.600000000000000000e+01 6.280000000000000027e-01
1.700000000000000000e+01 6.601000000000000201e-01
1.800000000000000000e+01 6.463999999999999746e-01
1.900000000000000000e+01 7.062000000000000499e-01
2.000000000000000000e+01 6.887999999999999678e-01
2.100000000000000000e+01 6.742000000000000215e-01
2.200000000000000000e+01 7.237000000000000099e-01
2.300000000000000000e+01 7.137999999999999901e-01
2.400000000000000000e+01 7.331999999999999629e-01
2.500000000000000000e+01 7.412999999999999590e-01
2.600000000000000000e+01 7.258999999999999897e-01
2.700000000000000000e+01 7.377000000000000224e-01
2.800000000000000000e+01 7.640000000000000124e-01
2.900000000000000000e+01 7.526000000000000467e-01
3.000000000000000000e+01 7.647000000000000464e-01
3.100000000000000000e+01 7.872999999999999998e-01
3.200000000000000000e+01 7.460999999999999854e-01
3.300000000000000000e+01 7.710000000000000187e-01
3.400000000000000000e+01 7.346000000000000307e-01
3.500000000000000000e+01 7.800000000000000266e-01
3.600000000000000000e+01 8.014999999999999902e-01
3.700000000000000000e+01 7.784999999999999698e-01
3.800000000000000000e+01 8.014999999999999902e-01
3.900000000000000000e+01 8.037999999999999590e-01
4.000000000000000000e+01 7.903999999999999915e-01
4.100000000000000000e+01 7.952000000000000179e-01
4.200000000000000000e+01 7.963000000000000078e-01
4.300000000000000000e+01 8.222000000000000419e-01
4.400000000000000000e+01 8.208999999999999631e-01
4.500000000000000000e+01 8.165000000000000036e-01
4.600000000000000000e+01 8.215000000000000080e-01
4.700000000000000000e+01 8.254000000000000226e-01
4.800000000000000000e+01 8.265000000000000124e-01
4.900000000000000000e+01 8.340999999999999526e-01
5.000000000000000000e+01 8.414000000000000368e-01
5.100000000000000000e+01 8.238999999999999657e-01
5.200000000000000000e+01 8.327999999999999847e-01
5.300000000000000000e+01 8.342000000000000526e-01
5.400000000000000000e+01 8.387999999999999901e-01
5.500000000000000000e+01 8.441999999999999504e-01
5.600000000000000000e+01 8.476000000000000201e-01
5.700000000000000000e+01 8.404000000000000359e-01
5.800000000000000000e+01 8.477999999999999980e-01
5.900000000000000000e+01 8.490999999999999659e-01
6.000000000000000000e+01 8.441999999999999504e-01
6.100000000000000000e+01 8.485000000000000320e-01
6.200000000000000000e+01 8.357999999999999874e-01
6.300000000000000000e+01 8.514000000000000457e-01
6.400000000000000000e+01 8.536000000000000254e-01
6.500000000000000000e+01 8.609999999999999876e-01
6.600000000000000000e+01 8.584000000000000519e-01
6.700000000000000000e+01 8.504000000000000448e-01
6.800000000000000000e+01 8.624000000000000554e-01
6.900000000000000000e+01 8.612999999999999545e-01
7.000000000000000000e+01 8.682999999999999607e-01
7.100000000000000000e+01 8.638000000000000123e-01
7.200000000000000000e+01 8.638000000000000123e-01
7.300000000000000000e+01 8.655000000000000471e-01
7.400000000000000000e+01 8.631999999999999673e-01
7.500000000000000000e+01 8.611999999999999655e-01
7.600000000000000000e+01 8.605000000000000426e-01
7.700000000000000000e+01 8.673999999999999488e-01
7.800000000000000000e+01 8.708000000000000185e-01
7.900000000000000000e+01 8.651999999999999691e-01
8.000000000000000000e+01 8.675000000000000488e-01
8.100000000000000000e+01 8.727000000000000313e-01
8.200000000000000000e+01 8.720999999999999863e-01
8.300000000000000000e+01 8.722999999999999643e-01
8.400000000000000000e+01 8.770000000000000018e-01
8.500000000000000000e+01 8.813999999999999613e-01
8.600000000000000000e+01 8.731999999999999762e-01
8.700000000000000000e+01 8.822999999999999732e-01
8.800000000000000000e+01 8.820000000000000062e-01
8.900000000000000000e+01 8.807000000000000384e-01
9.000000000000000000e+01 8.810000000000000053e-01
9.100000000000000000e+01 8.710999999999999854e-01
9.200000000000000000e+01 8.797000000000000375e-01
9.300000000000000000e+01 8.811999999999999833e-01
9.400000000000000000e+01 8.820000000000000062e-01
9.500000000000000000e+01 8.828000000000000291e-01
9.600000000000000000e+01 8.851999999999999869e-01
9.700000000000000000e+01 8.787000000000000366e-01
9.800000000000000000e+01 8.826000000000000512e-01
9.900000000000000000e+01 8.856000000000000538e-01
1.000000000000000000e+02 8.837000000000000410e-01
1.010000000000000000e+02 8.882999999999999785e-01
1.020000000000000000e+02 8.798000000000000265e-01
1.030000000000000000e+02 8.889000000000000234e-01
1.040000000000000000e+02 8.881999999999999895e-01
1.050000000000000000e+02 8.880000000000000115e-01
1.060000000000000000e+02 8.839000000000000190e-01
1.070000000000000000e+02 8.882999999999999785e-01
1.080000000000000000e+02 8.874999999999999556e-01
1.090000000000000000e+02 8.904999999999999583e-01
1.100000000000000000e+02 8.871999999999999886e-01
1.110000000000000000e+02 8.912999999999999812e-01
1.120000000000000000e+02 8.870000000000000107e-01
1.130000000000000000e+02 8.878000000000000336e-01
1.140000000000000000e+02 8.901000000000000023e-01
1.150000000000000000e+02 8.903999999999999693e-01
1.160000000000000000e+02 8.924999999999999600e-01
1.170000000000000000e+02 8.918000000000000371e-01
1.180000000000000000e+02 8.950000000000000178e-01
1.190000000000000000e+02 8.905999999999999472e-01
1.200000000000000000e+02 8.911000000000000032e-01
1.210000000000000000e+02 8.920000000000000151e-01
1.220000000000000000e+02 8.905999999999999472e-01
1.230000000000000000e+02 8.879000000000000226e-01
1.240000000000000000e+02 8.903999999999999693e-01
1.250000000000000000e+02 8.949000000000000288e-01
1.260000000000000000e+02 8.918000000000000371e-01
1.270000000000000000e+02 8.902999999999999803e-01
1.280000000000000000e+02 8.934999999999999609e-01
1.290000000000000000e+02 8.952999999999999847e-01
1.300000000000000000e+02 8.924999999999999600e-01
1.310000000000000000e+02 8.943999999999999728e-01
1.320000000000000000e+02 8.961000000000000076e-01
1.330000000000000000e+02 8.942999999999999838e-01
1.340000000000000000e+02 8.957000000000000517e-01
1.350000000000000000e+02 8.954999999999999627e-01
1.360000000000000000e+02 8.954999999999999627e-01
1.370000000000000000e+02 8.999000000000000332e-01
1.380000000000000000e+02 8.969000000000000306e-01
1.390000000000000000e+02 9.000000000000000222e-01
1.400000000000000000e+02 8.955999999999999517e-01
1.410000000000000000e+02 8.987000000000000544e-01
1.420000000000000000e+02 8.982999999999999874e-01
1.430000000000000000e+02 8.972999999999999865e-01
1.440000000000000000e+02 8.961000000000000076e-01
1.450000000000000000e+02 8.961000000000000076e-01
1.460000000000000000e+02 8.968000000000000416e-01
1.470000000000000000e+02 8.993999999999999773e-01
1.480000000000000000e+02 9.006999999999999451e-01
1.490000000000000000e+02 9.009000000000000341e-01
1.500000000000000000e+02 8.990000000000000213e-01
1.510000000000000000e+02 8.991000000000000103e-01
1.520000000000000000e+02 9.021000000000000130e-01
1.530000000000000000e+02 9.048000000000000487e-01
1.540000000000000000e+02 9.036999999999999478e-01
1.550000000000000000e+02 9.036999999999999478e-01
1.560000000000000000e+02 8.972999999999999865e-01
1.570000000000000000e+02 9.009000000000000341e-01
1.580000000000000000e+02 9.001000000000000112e-01
1.590000000000000000e+02 9.035999999999999588e-01
1.600000000000000000e+02 9.008000000000000451e-01
1.610000000000000000e+02 9.029000000000000359e-01
1.620000000000000000e+02 9.025999999999999579e-01
1.630000000000000000e+02 9.019000000000000350e-01
1.640000000000000000e+02 9.002000000000000002e-01
1.650000000000000000e+02 9.006999999999999451e-01
1.660000000000000000e+02 9.033999999999999808e-01
1.670000000000000000e+02 9.021000000000000130e-01
1.680000000000000000e+02 9.008000000000000451e-01
1.690000000000000000e+02 8.991000000000000103e-01
1.700000000000000000e+02 9.049000000000000377e-01
1.710000000000000000e+02 9.050000000000000266e-01
1.720000000000000000e+02 9.052000000000000046e-01
1.730000000000000000e+02 9.071000000000000174e-01
1.740000000000000000e+02 9.034999999999999698e-01
1.750000000000000000e+02 9.038000000000000478e-01
1.760000000000000000e+02 9.024999999999999689e-01
1.770000000000000000e+02 9.041000000000000147e-01
1.780000000000000000e+02 9.042999999999999927e-01
1.790000000000000000e+02 9.084999999999999742e-01
1.800000000000000000e+02 9.034999999999999698e-01
1.810000000000000000e+02 9.059000000000000385e-01
1.820000000000000000e+02 9.072999999999999954e-01
1.830000000000000000e+02 9.038000000000000478e-01
1.840000000000000000e+02 9.063999999999999835e-01
1.850000000000000000e+02 9.035999999999999588e-01
1.860000000000000000e+02 9.044999999999999707e-01
1.870000000000000000e+02 9.021000000000000130e-01
1.880000000000000000e+02 9.082999999999999963e-01
1.890000000000000000e+02 9.051000000000000156e-01
1.900000000000000000e+02 9.050000000000000266e-01
1.910000000000000000e+02 9.085999999999999632e-01
1.920000000000000000e+02 9.039000000000000368e-01
1.930000000000000000e+02 9.053999999999999826e-01
1.940000000000000000e+02 9.043999999999999817e-01
1.950000000000000000e+02 9.072000000000000064e-01
1.960000000000000000e+02 9.064999999999999725e-01
1.970000000000000000e+02 9.063999999999999835e-01
1.980000000000000000e+02 9.076999999999999513e-01
1.990000000000000000e+02 9.048000000000000487e-01
2.000000000000000000e+02 9.075999999999999623e-01
