1.000000000000000000e+00 3.231999999999999873e-01
2.000000000000000000e+00 4.504000000000000226e-01
3.000000000000000000e+00 4.892000000000000237e-01
4.000000000000000000e+00 6.147000000000000242e-01
5.000000000000000000e+00 6.817999999999999616e-01
6.000000000000000000e+00 7.370999999999999774e-01
7.000000000000000000e+00 7.647000000000000464e-01
8.000000000000000000e+00 7.866999999999999549e-01
9.000000000000000000e+00 8.025999999999999801e-01
1.000000000000000000e+01 8.153000000000000247e-01
1.100000000000000000e+01 8.320999999999999508e-01
1.200000000000000000e+01 8.350999999999999535e-01
1.300000000000000000e+01 8.467999999999999972e-01
1.400000000000000000e+01 8.549999999999999822e-01
1.500000000000000000e+01 8.629999999999999893e-01
1.600000000000000000e+01 8.680999999999999828e-01
1.700000000000000000e+01 8.703999999999999515e-01
1.800000000000000000e+01 8.769000000000000128e-01
1.900000000000000000e+01 8.787000000000000366e-01
2.000000000000000000e+01 8.832999999999999741e-01
2.100000000000000000e+01 8.837000000000000410e-01
2.200000000000000000e+01 8.870000000000000107e-01
2.300000000000000000e+01 8.893999999999999684e-01
2.400000000000000000e+01 8.898000000000000353e-01
2.500000000000000000e+01 8.919000000000000261e-01
2.600000000000000000e+01 8.953999999999999737e-01
2.700000000000000000e+01 8.994999999999999662e-01
2.800000000000000000e+01 9.002000000000000002e-01
2.900000000000000000e+01 9.012000000000000011e-01
3.000000000000000000e+01 9.019000000000000350e-01
3.100000000000000000e+01 9.012999999999999901e-01
3.200000000000000000e+01 9.042999999999999927e-01
3.300000000000000000e+01 9.036999999999999478e-01
3.400000000000000000e+01 9.036999999999999478e-01
3.500000000000000000e+01 9.049000000000000377e-01
3.600000000000000000e+01 9.062999999999999945e-01
3.700000000000000000e+01 9.079000000000000403e-01
3.800000000000000000e+01 9.074999999999999734e-01
3.900000000000000000e+01 9.079000000000000403e-01
4.000000000000000000e+01 9.089000000000000412e-01
4.100000000000000000e+01 9.092000000000000082e-01
4.200000000000000000e+01 9.096999999999999531e-01
4.300000000000000000e+01 9.096999999999999531e-01
4.400000000000000000e+01 9.098000000000000531e-01
4.500000000000000000e+01 9.111000000000000210e-01
4.600000000000000000e+01 9.105999999999999650e-01
4.700000000000000000e+01 9.101000000000000201e-01
4.800000000000000000e+01 9.086999999999999522e-01
4.900000000000000000e+01 9.112999999999999989e-01
5.000000000000000000e+01 9.116999999999999549e-01
5.100000000000000000e+01 9.115999999999999659e-01
5.200000000000000000e+01 9.116999999999999549e-01
5.300000000000000000e+01 9.112999999999999989e-01
5.400000000000000000e+01 9.125999999999999668e-01
5.500000000000000000e+01 9.116999999999999549e-01
5.600000000000000000e+01 9.105999999999999650e-01
5.700000000000000000e+01 9.122999999999999998e-01
5.800000000000000000e+01 9.108000000000000540e-01
5.900000000000000000e+01 9.135999999999999677e-01
6.000000000000000000e+01 9.142000000000000126e-01
6.100000000000000000e+01 9.140000000000000346e-01
6.200000000000000000e+01 9.137999999999999456e-01
6.300000000000000000e+01 9.143000000000000016e-01
6.400000000000000000e+01 9.135999999999999677e-01
6.500000000000000000e+01 9.143999999999999906e-01
6.600000000000000000e+01 9.133999999999999897e-01
6.700000000000000000e+01 9.154999999999999805e-01
6.800000000000000000e+01 9.167999999999999483e-01
6.900000000000000000e+01 9.169000000000000483e-01
7.000000000000000000e+01 9.164999999999999813e-01
7.100000000000000000e+01 9.163999999999999924e-01
7.200000000000000000e+01 9.173999999999999932e-01
7.300000000000000000e+01 9.171000000000000263e-01
7.400000000000000000e+01 9.155999999999999694e-01
7.500000000000000000e+01 9.160000000000000364e-01
7.600000000000000000e+01 9.175999999999999712e-01
7.700000000000000000e+01 9.163999999999999924e-01
7.800000000000000000e+01 9.145999999999999686e-01
7.900000000000000000e+01 9.147999999999999465e-01
8.000000000000000000e+01 9.161000000000000254e-01
8.100000000000000000e+01 9.174999999999999822e-01
8.200000000000000000e+01 9.156999999999999584e-01
8.300000000000000000e+01 9.163000000000000034e-01
8.400000000000000000e+01 9.171000000000000263e-01
8.500000000000000000e+01 9.155999999999999694e-01
8.600000000000000000e+01 9.175999999999999712e-01
8.700000000000000000e+01 9.169000000000000483e-01
8.800000000000000000e+01 9.161000000000000254e-01
8.900000000000000000e+01 9.179000000000000492e-01
9.000000000000000000e+01 9.186999999999999611e-01
9.100000000000000000e+01 9.184999999999999831e-01
9.200000000000000000e+01 9.185999999999999721e-01
9.300000000000000000e+01 9.180000000000000382e-01
9.400000000000000000e+01 9.166999999999999593e-01
9.500000000000000000e+01 9.176999999999999602e-01
9.600000000000000000e+01 9.184999999999999831e-01
9.700000000000000000e+01 9.170000000000000373e-01
9.800000000000000000e+01 9.167999999999999483e-01
9.900000000000000000e+01 9.183999999999999941e-01
1.000000000000000000e+02 9.185999999999999721e-01
1.010000000000000000e+02 9.190000000000000391e-01
1.020000000000000000e+02 9.181000000000000272e-01
1.030000000000000000e+02 9.182000000000000162e-01
1.040000000000000000e+02 9.174999999999999822e-01
1.050000000000000000e+02 9.195999999999999730e-01
1.060000000000000000e+02 9.183000000000000052e-01
1.070000000000000000e+02 9.190000000000000391e-01
1.080000000000000000e+02 9.180000000000000382e-01
1.090000000000000000e+02 9.166999999999999593e-01
1.100000000000000000e+02 9.192000000000000171e-01
1.110000000000000000e+02 9.164999999999999813e-01
1.120000000000000000e+02 9.184999999999999831e-01
1.130000000000000000e+02 9.194999999999999840e-01
1.140000000000000000e+02 9.183999999999999941e-01
1.150000000000000000e+02 9.184999999999999831e-01
1.160000000000000000e+02 9.191000000000000281e-01
1.170000000000000000e+02 9.180000000000000382e-01
1.180000000000000000e+02 9.177999999999999492e-01
1.190000000000000000e+02 9.171000000000000263e-01
1.200000000000000000e+02 9.185999999999999721e-01
1.210000000000000000e+02 9.174999999999999822e-01
1.220000000000000000e+02 9.173000000000000043e-01
1.230000000000000000e+02 9.192000000000000171e-01
1.240000000000000000e+02 9.203000000000000069e-01
1.250000000000000000e+02 9.194999999999999840e-01
1.260000000000000000e+02 9.194999999999999840e-01
1.270000000000000000e+02 9.194999999999999840e-01
1.280000000000000000e+02 9.201000000000000290e-01
1.290000000000000000e+02 9.183999999999999941e-01
1.300000000000000000e+02 9.181000000000000272e-01
1.310000000000000000e+02 9.205999999999999739e-01
1.320000000000000000e+02 9.179000000000000492e-01
1.330000000000000000e+02 9.187999999999999501e-01
1.340000000000000000e+02 9.179000000000000492e-01
1.350000000000000000e+02 9.180000000000000382e-01
1.360000000000000000e+02 9.181000000000000272e-01
1.370000000000000000e+02 9.186999999999999611e-01
1.380000000000000000e+02 9.194999999999999840e-01
1.390000000000000000e+02 9.187999999999999501e-01
1.400000000000000000e+02 9.194999999999999840e-01
1.410000000000000000e+02 9.204999999999999849e-01
1.420000000000000000e+02 9.196999999999999620e-01
1.430000000000000000e+02 9.175999999999999712e-01
1.440000000000000000e+02 9.171000000000000263e-01
1.450000000000000000e+02 9.191000000000000281e-01
1.460000000000000000e+02 9.183000000000000052e-01
1.470000000000000000e+02 9.183000000000000052e-01
1.480000000000000000e+02 9.183999999999999941e-01
1.490000000000000000e+02 9.177999999999999492e-01
1.500000000000000000e+02 9.183999999999999941e-01
1.510000000000000000e+02 9.190000000000000391e-01
1.520000000000000000e+02 9.193000000000000060e-01
1.530000000000000000e+02 9.202000000000000179e-01
1.540000000000000000e+02 9.195999999999999730e-01
1.550000000000000000e+02 9.210000000000000409e-01
1.560000000000000000e+02 9.173000000000000043e-01
1.570000000000000000e+02 9.184999999999999831e-01
1.580000000000000000e+02 9.213000000000000078e-01
1.590000000000000000e+02 9.193000000000000060e-01
1.600000000000000000e+02 9.181000000000000272e-01
1.610000000000000000e+02 9.200000000000000400e-01
1.620000000000000000e+02 9.199000000000000510e-01
1.630000000000000000e+02 9.193000000000000060e-01
1.640000000000000000e+02 9.183999999999999941e-01
1.650000000000000000e+02 9.173000000000000043e-01
1.660000000000000000e+02 9.194999999999999840e-01
1.670000000000000000e+02 9.193000000000000060e-01
1.680000000000000000e+02 9.180000000000000382e-01
1.690000000000000000e+02 9.196999999999999620e-01
1.700000000000000000e+02 9.199000000000000510e-01
1.710000000000000000e+02 9.189000000000000501e-01
1.720000000000000000e+02 9.202000000000000179e-01
1.730000000000000000e+02 9.195999999999999730e-01
1.740000000000000000e+02 9.187999999999999501e-01
1.750000000000000000e+02 9.185999999999999721e-01
1.760000000000000000e+02 9.203000000000000069e-01
1.770000000000000000e+02 9.199000000000000510e-01
1.780000000000000000e+02 9.186999999999999611e-01
1.790000000000000000e+02 9.187999999999999501e-01
1.800000000000000000e+02 9.183999999999999941e-01
1.810000000000000000e+02 9.162000000000000144e-01
1.820000000000000000e+02 9.195999999999999730e-01
1.830000000000000000e+02 9.204999999999999849e-01
1.840000000000000000e+02 9.193999999999999950e-01
1.850000000000000000e+02 9.180000000000000382e-01
1.860000000000000000e+02 9.192000000000000171e-01
1.870000000000000000e+02 9.191000000000000281e-01
1.880000000000000000e+02 9.200000000000000400e-01
1.890000000000000000e+02 9.194999999999999840e-01
1.900000000000000000e+02 9.195999999999999730e-01
1.910000000000000000e+02 9.182000000000000162e-01
1.920000000000000000e+02 9.191000000000000281e-01
1.930000000000000000e+02 9.184999999999999831e-01
1.940000000000000000e+02 9.194999999999999840e-01
1.950000000000000000e+02 9.205999999999999739e-01
1.960000000000000000e+02 9.192000000000000171e-01
1.970000000000000000e+02 9.195999999999999730e-01
1.980000000000000000e+02 9.194999999999999840e-01
1.990000000000000000e+02 9.214999999999999858e-01
2.000000000000000000e+02 9.203999999999999959e-01
