1.000000000000000000e+00 7.510999999999999899e-01
2.000000000000000000e+00 8.031000000000000361e-01
3.000000000000000000e+00 8.289999999999999591e-01
4.000000000000000000e+00 8.400999999999999579e-01
5.000000000000000000e+00 8.575000000000000400e-01
6.000000000000000000e+00 8.596000000000000307e-01
7.000000000000000000e+00 8.647000000000000242e-01
8.000000000000000000e+00 8.689999999999999947e-01
9.000000000000000000e+00 8.649999999999999911e-01
1.000000000000000000e+01 8.637000000000000233e-01
1.100000000000000000e+01 8.581999999999999629e-01
1.200000000000000000e+01 8.560999999999999721e-01
1.300000000000000000e+01 8.507000000000000117e-01
1.400000000000000000e+01 8.529999999999999805e-01
1.500000000000000000e+01 8.497999999999999998e-01
1.600000000000000000e+01 8.406000000000000139e-01
1.700000000000000000e+01 8.406000000000000139e-01
1.800000000000000000e+01 8.363000000000000433e-01
1.900000000000000000e+01 8.364000000000000323e-01
2.000000000000000000e+01 8.222000000000000419e-01
