1.000000000000000000e+00 1.731999999999999929e-01
2.000000000000000000e+00 3.085999999999999854e-01
3.000000000000000000e+00 2.902000000000000135e-01
4.000000000000000000e+00 4.031000000000000139e-01
5.000000000000000000e+00 3.533999999999999919e-01
6.000000000000000000e+00 3.980000000000000204e-01
7.000000000000000000e+00 3.941000000000000059e-01
8.000000000000000000e+00 4.343000000000000194e-01
9.000000000000000000e+00 4.566999999999999948e-01
1.000000000000000000e+01 5.188000000000000389e-01
1.100000000000000000e+01 5.117000000000000437e-01
1.200000000000000000e+01 6.141999999999999682e-01
1.300000000000000000e+01 6.107000000000000206e-01
1.400000000000000000e+01 5.697999999999999732e-01
1.500000000000000000e+01 6.138000000000000123e-01
1.600000000000000000e+01 6.245000000000000551e-01
1.700000000000000000e+01 6.297000000000000375e-01
1.800000000000000000e+01 6.542999999999999927e-01
1.900000000000000000e+01 6.929999999999999494e-01
2.000000000000000000e+01 7.089999999999999636e-01
2.100000000000000000e+01 6.963000000000000300e-01
2.200000000000000000e+01 6.812000000000000277e-01
2.300000000000000000e+01 6.883000000000000229e-01
2.400000000000000000e+01 7.036999999999999922e-01
2.500000000000000000e+01 7.361999999999999655e-01
2.600000000000000000e+01 7.419000000000000039e-01
2.700000000000000000e+01 7.406000000000000361e-01
2.800000000000000000e+01 7.721999999999999975e-01
2.900000000000000000e+01 7.633999999999999675e-01
3.000000000000000000e+01 7.506000000000000449e-01
3.100000000000000000e+01 7.534999999999999476e-01
3.200000000000000000e+01 7.802999999999999936e-01
3.300000000000000000e+01 7.482999999999999652e-01
3.400000000000000000e+01 7.870000000000000329e-01
3.500000000000000000e+01 7.644999999999999574e-01
3.600000000000000000e+01 7.833999999999999853e-01
3.700000000000000000e+01 8.047999999999999599e-01
3.800000000000000000e+01 8.095999999999999863e-01
3.900000000000000000e+01 8.076999999999999735e-01
4.000000000000000000e+01 8.154000000000000137e-01
4.100000000000000000e+01 8.000000000000000444e-01
4.200000000000000000e+01 8.111000000000000432e-01
4.300000000000000000e+01 8.101000000000000423e-01
4.400000000000000000e+01 8.149999999999999467e-01
4.500000000000000000e+01 8.165999999999999925e-01
4.600000000000000000e+01 8.062000000000000277e-01
4.700000000000000000e+01 8.078999999999999515e-01
4.800000000000000000e+01 8.207999999999999741e-01
4.900000000000000000e+01 8.229999999999999538e-01
5.000000000000000000e+01 8.313000000000000389e-01
5.100000000000000000e+01 8.384000000000000341e-01
5.200000000000000000e+01 8.346000000000000085e-01
5.300000000000000000e+01 8.157999999999999696e-01
5.400000000000000000e+01 8.417000000000000037e-01
5.500000000000000000e+01 8.465000000000000302e-01
5.600000000000000000e+01 8.420999999999999597e-01
5.700000000000000000e+01 8.574000000000000510e-01
5.800000000000000000e+01 8.418999999999999817e-01
5.900000000000000000e+01 8.404000000000000359e-01
6.000000000000000000e+01 8.486000000000000210e-01
6.100000000000000000e+01 8.507000000000000117e-01
6.200000000000000000e+01 8.488999999999999879e-01
6.300000000000000000e+01 8.499999999999999778e-01
6.400000000000000000e+01 8.565000000000000391e-01
6.500000000000000000e+01 8.549999999999999822e-01
6.600000000000000000e+01 8.531999999999999584e-01
6.700000000000000000e+01 8.568999999999999950e-01
6.800000000000000000e+01 8.580999999999999739e-01
6.900000000000000000e+01 8.585000000000000409e-01
7.000000000000000000e+01 8.568000000000000060e-01
7.100000000000000000e+01 8.618999999999999995e-01
7.200000000000000000e+01 8.619999999999999885e-01
7.300000000000000000e+01 8.635000000000000453e-01
7.400000000000000000e+01 8.691999999999999726e-01
7.500000000000000000e+01 8.669000000000000039e-01
7.600000000000000000e+01 8.599999999999999867e-01
7.700000000000000000e+01 8.659000000000000030e-01
7.800000000000000000e+01 8.726000000000000423e-01
7.900000000000000000e+01 8.726000000000000423e-01
8.000000000000000000e+01 8.739999999999999991e-01
8.100000000000000000e+01 8.688000000000000167e-01
8.200000000000000000e+01 8.679000000000000048e-01
8.300000000000000000e+01 8.752999999999999670e-01
8.400000000000000000e+01 8.777000000000000357e-01
8.500000000000000000e+01 8.762999999999999678e-01
8.600000000000000000e+01 8.768000000000000238e-01
8.700000000000000000e+01 8.793999999999999595e-01
8.800000000000000000e+01 8.773999999999999577e-01
8.900000000000000000e+01 8.804999999999999494e-01
9.000000000000000000e+01 8.801999999999999824e-01
9.100000000000000000e+01 8.811999999999999833e-01
9.200000000000000000e+01 8.768000000000000238e-01
9.300000000000000000e+01 8.836000000000000520e-01
9.400000000000000000e+01 8.854999999999999538e-01
9.500000000000000000e+01 8.803999999999999604e-01
9.600000000000000000e+01 8.814999999999999503e-01
9.700000000000000000e+01 8.774999999999999467e-01
9.800000000000000000e+01 8.846000000000000529e-01
9.900000000000000000e+01 8.854999999999999538e-01
1.000000000000000000e+02 8.790000000000000036e-01
1.010000000000000000e+02 8.844999999999999529e-01
1.020000000000000000e+02 8.783999999999999586e-01
1.030000000000000000e+02 8.850999999999999979e-01
1.040000000000000000e+02 8.837000000000000410e-01
1.050000000000000000e+02 8.858000000000000318e-01
1.060000000000000000e+02 8.846000000000000529e-01
1.070000000000000000e+02 8.862999999999999767e-01
1.080000000000000000e+02 8.912999999999999812e-01
1.090000000000000000e+02 8.872999999999999776e-01
1.100000000000000000e+02 8.920000000000000151e-01
1.110000000000000000e+02 8.878000000000000336e-01
1.120000000000000000e+02 8.913999999999999702e-01
1.130000000000000000e+02 8.823999999999999622e-01
1.140000000000000000e+02 8.870999999999999996e-01
1.150000000000000000e+02 8.927000000000000490e-01
1.160000000000000000e+02 8.881000000000000005e-01
1.170000000000000000e+02 8.854999999999999538e-01
1.180000000000000000e+02 8.941000000000000059e-01
1.190000000000000000e+02 8.934999999999999609e-01
1.200000000000000000e+02 8.922999999999999821e-01
1.210000000000000000e+02 8.893999999999999684e-01
1.220000000000000000e+02 8.951999999999999957e-01
1.230000000000000000e+02 8.957000000000000517e-01
1.240000000000000000e+02 8.973999999999999755e-01
1.250000000000000000e+02 8.933999999999999719e-01
1.260000000000000000e+02 8.942999999999999838e-01
1.270000000000000000e+02 8.955999999999999517e-01
1.280000000000000000e+02 8.919000000000000261e-01
1.290000000000000000e+02 8.958000000000000407e-01
1.300000000000000000e+02 8.888000000000000345e-01
1.310000000000000000e+02 8.929000000000000270e-01
1.320000000000000000e+02 8.959000000000000297e-01
1.330000000000000000e+02 8.951000000000000068e-01
1.340000000000000000e+02 8.943999999999999728e-01
1.350000000000000000e+02 8.969000000000000306e-01
1.360000000000000000e+02 8.945999999999999508e-01
1.370000000000000000e+02 8.968000000000000416e-01
1.380000000000000000e+02 8.997000000000000552e-01
1.390000000000000000e+02 8.967000000000000526e-01
1.400000000000000000e+02 8.941000000000000059e-01
1.410000000000000000e+02 8.961000000000000076e-01
1.420000000000000000e+02 8.957000000000000517e-01
1.430000000000000000e+02 8.982999999999999874e-01
1.440000000000000000e+02 8.985999999999999543e-01
1.450000000000000000e+02 8.945999999999999508e-01
1.460000000000000000e+02 9.002999999999999892e-01
1.470000000000000000e+02 9.009000000000000341e-01
1.480000000000000000e+02 9.033999999999999808e-01
1.490000000000000000e+02 8.985999999999999543e-01
1.500000000000000000e+02 8.954999999999999627e-01
1.510000000000000000e+02 9.060000000000000275e-01
1.520000000000000000e+02 9.030000000000000249e-01
1.530000000000000000e+02 9.015999999999999570e-01
1.540000000000000000e+02 9.003999999999999782e-01
1.550000000000000000e+02 8.973999999999999755e-01
1.560000000000000000e+02 8.990000000000000213e-01
1.570000000000000000e+02 9.049000000000000377e-01
1.580000000000000000e+02 9.022999999999999909e-01
1.590000000000000000e+02 8.999000000000000332e-01
1.600000000000000000e+02 9.035999999999999588e-01
1.610000000000000000e+02 9.023999999999999799e-01
1.620000000000000000e+02 9.003999999999999782e-01
1.630000000000000000e+02 9.021000000000000130e-01
1.640000000000000000e+02 9.032000000000000028e-01
1.650000000000000000e+02 9.034999999999999698e-01
1.660000000000000000e+02 9.002999999999999892e-01
1.670000000000000000e+02 9.051000000000000156e-01
1.680000000000000000e+02 9.039000000000000368e-01
1.690000000000000000e+02 9.042999999999999927e-01
1.700000000000000000e+02 9.006999999999999451e-01
1.710000000000000000e+02 9.046999999999999487e-01
1.720000000000000000e+02 9.021000000000000130e-01
1.730000000000000000e+02 9.032000000000000028e-01
1.740000000000000000e+02 9.042000000000000037e-01
1.750000000000000000e+02 9.052999999999999936e-01
1.760000000000000000e+02 9.042999999999999927e-01
1.770000000000000000e+02 9.061000000000000165e-01
1.780000000000000000e+02 9.043999999999999817e-01
1.790000000000000000e+02 9.063999999999999835e-01
1.800000000000000000e+02 9.032999999999999918e-01
1.810000000000000000e+02 9.055999999999999606e-01
1.820000000000000000e+02 9.049000000000000377e-01
1.830000000000000000e+02 9.040000000000000258e-01
1.840000000000000000e+02 9.056999999999999496e-01
1.850000000000000000e+02 9.052000000000000046e-01
1.860000000000000000e+02 9.052000000000000046e-01
1.870000000000000000e+02 9.022999999999999909e-01
1.880000000000000000e+02 9.024999999999999689e-01
1.890000000000000000e+02 9.044999999999999707e-01
1.900000000000000000e+02 9.035999999999999588e-01
1.910000000000000000e+02 9.056999999999999496e-01
1.920000000000000000e+02 9.065999999999999615e-01
1.930000000000000000e+02 9.069000000000000394e-01
1.940000000000000000e+02 9.062999999999999945e-01
1.950000000000000000e+02 9.072999999999999954e-01
1.960000000000000000e+02 9.055999999999999606e-01
1.970000000000000000e+02 9.103999999999999870e-01
1.980000000000000000e+02 9.053999999999999826e-01
1.990000000000000000e+02 9.070000000000000284e-01
2.000000000000000000e+02 9.052999999999999936e-01
