1.000000000000000000e+00 1.985999999999999988e-01
2.000000000000000000e+00 2.356999999999999929e-01
3.000000000000000000e+00 2.452000000000000013e-01
4.000000000000000000e+00 3.750999999999999890e-01
5.000000000000000000e+00 3.613999999999999990e-01
6.000000000000000000e+00 4.244999999999999885e-01
7.000000000000000000e+00 4.526999999999999913e-01
8.000000000000000000e+00 4.375999999999999890e-01
9.000000000000000000e+00 4.405999999999999917e-01
1.000000000000000000e+01 4.773000000000000020e-01
1.100000000000000000e+01 5.493999999999999995e-01
1.200000000000000000e+01 5.762000000000000455e-01
1.300000000000000000e+01 6.277000000000000357e-01
1.400000000000000000e+01 5.956000000000000183e-01
1.500000000000000000e+01 6.151999999999999691e-01
1.600000000000000000e+01 6.171999999999999709e-01
1.700000000000000000e+01 6.247000000000000330e-01
1.800000000000000000e+01 6.609000000000000430e-01
1.900000000000000000e+01 6.540000000000000258e-01
2.000000000000000000e+01 6.532000000000000028e-01
2.100000000000000000e+01 6.806999999999999718e-01
2.200000000000000000e+01 7.114000000000000323e-01
2.300000000000000000e+01 6.906999999999999806e-01
2.400000000000000000e+01 7.090999999999999526e-01
2.500000000000000000e+01 7.380999999999999783e-01
2.600000000000000000e+01 7.167000000000000037e-01
2.700000000000000000e+01 7.348999999999999977e-01
2.800000000000000000e+01 7.073000000000000398e-01
2.900000000000000000e+01 7.541999999999999815e-01
3.000000000000000000e+01 7.625999999999999446e-01
3.100000000000000000e+01 7.727000000000000535e-01
3.200000000000000000e+01 7.627000000000000446e-01
3.300000000000000000e+01 7.628000000000000336e-01
3.400000000000000000e+01 7.697000000000000508e-01
3.500000000000000000e+01 7.747000000000000552e-01
3.600000000000000000e+01 7.933999999999999941e-01
3.700000000000000000e+01 7.877999999999999448e-01
3.800000000000000000e+01 7.825999999999999623e-01
3.900000000000000000e+01 8.043000000000000149e-01
4.000000000000000000e+01 8.247999999999999776e-01
4.100000000000000000e+01 8.031000000000000361e-01
4.200000000000000000e+01 8.205999999999999961e-01
4.300000000000000000e+01 8.151000000000000467e-01
4.400000000000000000e+01 8.224000000000000199e-01
4.500000000000000000e+01 8.318999999999999728e-01
4.600000000000000000e+01 8.319999999999999618e-01
4.700000000000000000e+01 8.296999999999999931e-01
4.800000000000000000e+01 8.286999999999999922e-01
4.900000000000000000e+01 8.254000000000000226e-01
5.000000000000000000e+01 8.399999999999999689e-01
5.100000000000000000e+01 8.254000000000000226e-01
5.200000000000000000e+01 8.316999999999999948e-01
5.300000000000000000e+01 8.369999999999999662e-01
5.400000000000000000e+01 8.447000000000000064e-01
5.500000000000000000e+01 8.433000000000000496e-01
5.600000000000000000e+01 8.480999999999999650e-01
5.700000000000000000e+01 8.409999999999999698e-01
5.800000000000000000e+01 8.449999999999999734e-01
5.900000000000000000e+01 8.439999999999999725e-01
6.000000000000000000e+01 8.564000000000000501e-01
6.100000000000000000e+01 8.592999999999999527e-01
6.200000000000000000e+01 8.459999999999999742e-01
6.300000000000000000e+01 8.491999999999999549e-01
6.400000000000000000e+01 8.675000000000000488e-01
6.500000000000000000e+01 8.528999999999999915e-01
6.600000000000000000e+01 8.612999999999999545e-01
6.700000000000000000e+01 8.589999999999999858e-01
6.800000000000000000e+01 8.568999999999999950e-01
6.900000000000000000e+01 8.699999999999999956e-01
7.000000000000000000e+01 8.699999999999999956e-01
7.100000000000000000e+01 8.625000000000000444e-01
7.200000000000000000e+01 8.574000000000000510e-01
7.300000000000000000e+01 8.655000000000000471e-01
7.400000000000000000e+01 8.607000000000000206e-01
7.500000000000000000e+01 8.703999999999999515e-01
7.600000000000000000e+01 8.635000000000000453e-01
7.700000000000000000e+01 8.691999999999999726e-01
7.800000000000000000e+01 8.632999999999999563e-01
7.900000000000000000e+01 8.748000000000000220e-01
8.000000000000000000e+01 8.688000000000000167e-01
8.100000000000000000e+01 8.678000000000000158e-01
8.200000000000000000e+01 8.661999999999999700e-01
8.300000000000000000e+01 8.710999999999999854e-01
8.400000000000000000e+01 8.676000000000000378e-01
8.500000000000000000e+01 8.778000000000000247e-01
8.600000000000000000e+01 8.760999999999999899e-01
8.700000000000000000e+01 8.776000000000000467e-01
8.800000000000000000e+01 8.766000000000000458e-01
8.900000000000000000e+01 8.834999999999999520e-01
9.000000000000000000e+01 8.796000000000000485e-01
9.100000000000000000e+01 8.731999999999999762e-01
9.200000000000000000e+01 8.804999999999999494e-01
9.300000000000000000e+01 8.779000000000000137e-01
9.400000000000000000e+01 8.696000000000000396e-01
9.500000000000000000e+01 8.821999999999999842e-01
9.600000000000000000e+01 8.770000000000000018e-01
9.700000000000000000e+01 8.807000000000000384e-01
9.800000000000000000e+01 8.789000000000000146e-01
9.900000000000000000e+01 8.826000000000000512e-01
1.000000000000000000e+02 8.798000000000000265e-01
1.010000000000000000e+02 8.820000000000000062e-01
1.020000000000000000e+02 8.864999999999999547e-01
1.030000000000000000e+02 8.882999999999999785e-01
1.040000000000000000e+02 8.830999999999999961e-01
1.050000000000000000e+02 8.869000000000000217e-01
1.060000000000000000e+02 8.812999999999999723e-01
1.070000000000000000e+02 8.868000000000000327e-01
1.080000000000000000e+02 8.878000000000000336e-01
1.090000000000000000e+02 8.881000000000000005e-01
1.100000000000000000e+02 8.872999999999999776e-01
1.110000000000000000e+02 8.911999999999999922e-01
1.120000000000000000e+02 8.864999999999999547e-01
1.130000000000000000e+02 8.873999999999999666e-01
1.140000000000000000e+02 8.875999999999999446e-01
1.150000000000000000e+02 8.887000000000000455e-01
1.160000000000000000e+02 8.893999999999999684e-01
1.170000000000000000e+02 8.904999999999999583e-01
1.180000000000000000e+02 8.887000000000000455e-01
1.190000000000000000e+02 8.850999999999999979e-01
1.200000000000000000e+02 8.991000000000000103e-01
1.210000000000000000e+02 8.961999999999999966e-01
1.220000000000000000e+02 8.913999999999999702e-01
1.230000000000000000e+02 8.978000000000000425e-01
1.240000000000000000e+02 8.921999999999999931e-01
1.250000000000000000e+02 8.932999999999999829e-01
1.260000000000000000e+02 8.913999999999999702e-01
1.270000000000000000e+02 8.933999999999999719e-01
1.280000000000000000e+02 8.973999999999999755e-01
1.290000000000000000e+02 8.943999999999999728e-01
1.300000000000000000e+02 8.947000000000000508e-01
1.310000000000000000e+02 8.964999999999999636e-01
1.320000000000000000e+02 8.961999999999999966e-01
1.330000000000000000e+02 8.965999999999999526e-01
1.340000000000000000e+02 8.910000000000000142e-01
1.350000000000000000e+02 9.003999999999999782e-01
1.360000000000000000e+02 8.971999999999999975e-01
1.370000000000000000e+02 8.945999999999999508e-01
1.380000000000000000e+02 8.964999999999999636e-01
1.390000000000000000e+02 8.939000000000000279e-01
1.400000000000000000e+02 8.973999999999999755e-01
1.410000000000000000e+02 9.011000000000000121e-01
1.420000000000000000e+02 8.962999999999999856e-01
1.430000000000000000e+02 8.980000000000000204e-01
1.440000000000000000e+02 8.951999999999999957e-01
1.450000000000000000e+02 8.937000000000000499e-01
1.460000000000000000e+02 9.025999999999999579e-01
1.470000000000000000e+02 8.974999999999999645e-01
1.480000000000000000e+02 9.025999999999999579e-01
1.490000000000000000e+02 9.002999999999999892e-01
1.500000000000000000e+02 8.947000000000000508e-01
1.510000000000000000e+02 8.993999999999999773e-01
1.520000000000000000e+02 9.013999999999999790e-01
1.530000000000000000e+02 8.997000000000000552e-01
1.540000000000000000e+02 8.991999999999999993e-01
1.550000000000000000e+02 8.981000000000000094e-01
1.560000000000000000e+02 8.991999999999999993e-01
1.570000000000000000e+02 9.019000000000000350e-01
1.580000000000000000e+02 8.997000000000000552e-01
1.590000000000000000e+02 9.024999999999999689e-01
1.600000000000000000e+02 9.053999999999999826e-01
1.610000000000000000e+02 9.005999999999999561e-01
1.620000000000000000e+02 9.036999999999999478e-01
1.630000000000000000e+02 9.000000000000000222e-01
1.640000000000000000e+02 9.031000000000000139e-01
1.650000000000000000e+02 9.030000000000000249e-01
1.660000000000000000e+02 9.066999999999999504e-01
1.670000000000000000e+02 9.049000000000000377e-01
1.680000000000000000e+02 9.031000000000000139e-01
1.690000000000000000e+02 9.012999999999999901e-01
1.700000000000000000e+02 9.042999999999999927e-01
1.710000000000000000e+02 9.030000000000000249e-01
1.720000000000000000e+02 8.990000000000000213e-01
1.730000000000000000e+02 9.011000000000000121e-01
1.740000000000000000e+02 9.044999999999999707e-01
1.750000000000000000e+02 9.075999999999999623e-01
1.760000000000000000e+02 9.002999999999999892e-01
1.770000000000000000e+02 9.063999999999999835e-01
1.780000000000000000e+02 9.018000000000000460e-01
1.790000000000000000e+02 9.053999999999999826e-01
1.800000000000000000e+02 9.061000000000000165e-01
1.810000000000000000e+02 9.083999999999999853e-01
1.820000000000000000e+02 9.044999999999999707e-01
1.830000000000000000e+02 9.022000000000000020e-01
1.840000000000000000e+02 9.042999999999999927e-01
1.850000000000000000e+02 9.055999999999999606e-01
1.860000000000000000e+02 9.043999999999999817e-01
1.870000000000000000e+02 9.048000000000000487e-01
1.880000000000000000e+02 9.020000000000000240e-01
1.890000000000000000e+02 9.069000000000000394e-01
1.900000000000000000e+02 9.075999999999999623e-01
1.910000000000000000e+02 9.062000000000000055e-01
1.920000000000000000e+02 9.054999999999999716e-01
1.930000000000000000e+02 9.044999999999999707e-01
1.940000000000000000e+02 9.070000000000000284e-01
1.950000000000000000e+02 9.060000000000000275e-01
1.960000000000000000e+02 9.010000000000000231e-01
1.970000000000000000e+02 9.061000000000000165e-01
1.980000000000000000e+02 9.072999999999999954e-01
1.990000000000000000e+02 9.035999999999999588e-01
2.000000000000000000e+02 9.068000000000000504e-01
