1.000000000000000000e+00 1.905999999999999917e-01
2.000000000000000000e+00 2.876000000000000223e-01
3.000000000000000000e+00 3.281000000000000028e-01
4.000000000000000000e+00 3.657000000000000250e-01
5.000000000000000000e+00 4.092999999999999972e-01
6.000000000000000000e+00 4.368000000000000216e-01
7.000000000000000000e+00 4.724999999999999756e-01
8.000000000000000000e+00 4.647000000000000020e-01
9.000000000000000000e+00 4.878000000000000114e-01
1.000000000000000000e+01 5.653000000000000247e-01
1.100000000000000000e+01 5.290000000000000258e-01
1.200000000000000000e+01 5.352999999999999980e-01
1.300000000000000000e+01 5.657999999999999696e-01
1.400000000000000000e+01 6.225000000000000533e-01
1.500000000000000000e+01 6.444999999999999618e-01
1.600000000000000000e+01 5.978999999999999870e-01
1.700000000000000000e+01 6.260000000000000009e-01
1.800000000000000000e+01 6.719000000000000528e-01
1.900000000000000000e+01 6.903000000000000247e-01
2.000000000000000000e+01 6.624999999999999778e-01
2.100000000000000000e+01 7.265000000000000346e-01
2.200000000000000000e+01 6.938999999999999613e-01
2.300000000000000000e+01 7.026000000000000023e-01
2.400000000000000000e+01 7.080999999999999517e-01
2.500000000000000000e+01 7.220999999999999641e-01
2.600000000000000000e+01 7.486000000000000432e-01
2.700000000000000000e+01 7.412999999999999590e-01
2.800000000000000000e+01 7.641999999999999904e-01
2.900000000000000000e+01 7.442999999999999616e-01
3.000000000000000000e+01 7.590999999999999970e-01
3.100000000000000000e+01 7.854999999999999760e-01
3.200000000000000000e+01 7.752000000000000002e-01
3.300000000000000000e+01 7.721999999999999975e-01
3.400000000000000000e+01 7.969000000000000528e-01
3.500000000000000000e+01 7.778000000000000469e-01
3.600000000000000000e+01 7.838000000000000522e-01
3.700000000000000000e+01 8.131000000000000449e-01
3.800000000000000000e+01 7.768000000000000460e-01
3.900000000000000000e+01 7.833999999999999853e-01
4.000000000000000000e+01 8.135000000000000009e-01
4.100000000000000000e+01 7.987999999999999545e-01
4.200000000000000000e+01 8.104999999999999982e-01
4.300000000000000000e+01 8.135000000000000009e-01
4.400000000000000000e+01 8.178999999999999604e-01
4.500000000000000000e+01 8.244000000000000217e-01
4.600000000000000000e+01 8.278999999999999693e-01
4.700000000000000000e+01 8.193000000000000282e-01
4.800000000000000000e+01 8.146999999999999797e-01
4.900000000000000000e+01 8.306000000000000050e-01
5.000000000000000000e+01 8.306000000000000050e-01
5.100000000000000000e+01 8.362000000000000544e-01
5.200000000000000000e+01 8.307999999999999829e-01
5.300000000000000000e+01 8.368999999999999773e-01
5.400000000000000000e+01 8.329999999999999627e-01
5.500000000000000000e+01 8.396000000000000130e-01
5.600000000000000000e+01 8.425000000000000266e-01
5.700000000000000000e+01 8.405000000000000249e-01
5.800000000000000000e+01 8.336000000000000076e-01
5.900000000000000000e+01 8.387000000000000011e-01
6.000000000000000000e+01 8.464000000000000412e-01
6.100000000000000000e+01 8.525000000000000355e-01
6.200000000000000000e+01 8.501999999999999558e-01
6.300000000000000000e+01 8.518000000000000016e-01
6.400000000000000000e+01 8.544000000000000483e-01
6.500000000000000000e+01 8.620999999999999774e-01
6.600000000000000000e+01 8.656000000000000361e-01
6.700000000000000000e+01 8.577000000000000179e-01
6.800000000000000000e+01 8.585000000000000409e-01
6.900000000000000000e+01 8.645000000000000462e-01
7.000000000000000000e+01 8.600999999999999757e-01
7.100000000000000000e+01 8.590999999999999748e-01
7.200000000000000000e+01 8.709000000000000075e-01
7.300000000000000000e+01 8.629000000000000004e-01
7.400000000000000000e+01 8.624000000000000554e-01
7.500000000000000000e+01 8.706000000000000405e-01
7.600000000000000000e+01 8.686000000000000387e-01
7.700000000000000000e+01 8.640999999999999792e-01
7.800000000000000000e+01 8.729000000000000092e-01
7.900000000000000000e+01 8.689000000000000057e-01
8.000000000000000000e+01 8.679999999999999938e-01
8.100000000000000000e+01 8.702999999999999625e-01
8.200000000000000000e+01 8.743999999999999551e-01
8.300000000000000000e+01 8.776000000000000467e-01
8.400000000000000000e+01 8.696000000000000396e-01
8.500000000000000000e+01 8.695000000000000506e-01
8.600000000000000000e+01 8.701999999999999735e-01
8.700000000000000000e+01 8.790000000000000036e-01
8.800000000000000000e+01 8.757000000000000339e-01
8.900000000000000000e+01 8.780999999999999917e-01
9.000000000000000000e+01 8.837000000000000410e-01
9.100000000000000000e+01 8.779000000000000137e-01
9.200000000000000000e+01 8.756000000000000449e-01
9.300000000000000000e+01 8.809000000000000163e-01
9.400000000000000000e+01 8.812999999999999723e-01
9.500000000000000000e+01 8.796000000000000485e-01
9.600000000000000000e+01 8.771999999999999797e-01
9.700000000000000000e+01 8.811999999999999833e-01
9.800000000000000000e+01 8.813999999999999613e-01
9.900000000000000000e+01 8.849000000000000199e-01
1.000000000000000000e+02 8.828000000000000291e-01
1.010000000000000000e+02 8.872999999999999776e-01
1.020000000000000000e+02 8.842999999999999750e-01
1.030000000000000000e+02 8.850000000000000089e-01
1.040000000000000000e+02 8.872999999999999776e-01
1.050000000000000000e+02 8.873999999999999666e-01
1.060000000000000000e+02 8.840999999999999970e-01
1.070000000000000000e+02 8.819000000000000172e-01
1.080000000000000000e+02 8.862999999999999767e-01
1.090000000000000000e+02 8.883999999999999675e-01
1.100000000000000000e+02 8.884999999999999565e-01
1.110000000000000000e+02 8.897000000000000464e-01
1.120000000000000000e+02 8.885999999999999455e-01
1.130000000000000000e+02 8.860000000000000098e-01
1.140000000000000000e+02 8.895999999999999464e-01
1.150000000000000000e+02 8.904999999999999583e-01
1.160000000000000000e+02 8.870999999999999996e-01
1.170000000000000000e+02 8.901999999999999913e-01
1.180000000000000000e+02 8.913999999999999702e-01
1.190000000000000000e+02 8.923999999999999710e-01
1.200000000000000000e+02 8.921000000000000041e-01
1.210000000000000000e+02 8.960000000000000187e-01
1.220000000000000000e+02 8.925999999999999490e-01
1.230000000000000000e+02 8.949000000000000288e-01
1.240000000000000000e+02 8.943999999999999728e-01
1.250000000000000000e+02 8.917000000000000481e-01
1.260000000000000000e+02 8.921999999999999931e-01
1.270000000000000000e+02 8.921000000000000041e-01
1.280000000000000000e+02 8.968000000000000416e-01
1.290000000000000000e+02 8.894999999999999574e-01
1.300000000000000000e+02 9.011000000000000121e-01
1.310000000000000000e+02 8.950000000000000178e-01
1.320000000000000000e+02 8.928000000000000380e-01
1.330000000000000000e+02 8.972999999999999865e-01
1.340000000000000000e+02 8.915999999999999481e-01
1.350000000000000000e+02 8.932999999999999829e-01
1.360000000000000000e+02 8.963999999999999746e-01
1.370000000000000000e+02 8.952999999999999847e-01
1.380000000000000000e+02 8.970000000000000195e-01
1.390000000000000000e+02 8.970000000000000195e-01
1.400000000000000000e+02 8.967000000000000526e-01
1.410000000000000000e+02 8.991999999999999993e-01
1.420000000000000000e+02 9.012999999999999901e-01
1.430000000000000000e+02 8.969000000000000306e-01
1.440000000000000000e+02 8.994999999999999662e-01
1.450000000000000000e+02 8.965999999999999526e-01
1.460000000000000000e+02 8.995999999999999552e-01
1.470000000000000000e+02 8.979000000000000314e-01
1.480000000000000000e+02 9.001000000000000112e-01
1.490000000000000000e+02 8.982999999999999874e-01
1.500000000000000000e+02 8.994999999999999662e-01
1.510000000000000000e+02 8.999000000000000332e-01
1.520000000000000000e+02 8.988000000000000433e-01
1.530000000000000000e+02 9.010000000000000231e-01
1.540000000000000000e+02 9.029000000000000359e-01
1.550000000000000000e+02 9.022000000000000020e-01
1.560000000000000000e+02 9.009000000000000341e-01
1.570000000000000000e+02 9.031000000000000139e-01
1.580000000000000000e+02 8.972999999999999865e-01
1.590000000000000000e+02 9.024999999999999689e-01
1.600000000000000000e+02 9.035999999999999588e-01
1.610000000000000000e+02 9.001000000000000112e-01
1.620000000000000000e+02 9.038000000000000478e-01
1.630000000000000000e+02 9.012000000000000011e-01
1.640000000000000000e+02 9.025999999999999579e-01
1.650000000000000000e+02 9.005999999999999561e-01
1.660000000000000000e+02 9.026999999999999469e-01
1.670000000000000000e+02 8.947000000000000508e-01
1.680000000000000000e+02 9.033999999999999808e-01
1.690000000000000000e+02 9.048000000000000487e-01
1.700000000000000000e+02 9.054999999999999716e-01
1.710000000000000000e+02 9.040000000000000258e-01
1.720000000000000000e+02 9.043999999999999817e-01
1.730000000000000000e+02 9.041000000000000147e-01
1.740000000000000000e+02 9.038000000000000478e-01
1.750000000000000000e+02 9.093999999999999861e-01
1.760000000000000000e+02 9.024999999999999689e-01
1.770000000000000000e+02 9.039000000000000368e-01
1.780000000000000000e+02 9.051000000000000156e-01
1.790000000000000000e+02 9.036999999999999478e-01
1.800000000000000000e+02 9.061000000000000165e-01
1.810000000000000000e+02 9.055999999999999606e-01
1.820000000000000000e+02 9.064999999999999725e-01
1.830000000000000000e+02 9.012000000000000011e-01
1.840000000000000000e+02 9.072000000000000064e-01
1.850000000000000000e+02 9.053999999999999826e-01
1.860000000000000000e+02 9.074999999999999734e-01
1.870000000000000000e+02 9.096999999999999531e-01
1.880000000000000000e+02 9.018000000000000460e-01
1.890000000000000000e+02 9.083999999999999853e-01
1.900000000000000000e+02 9.082000000000000073e-01
1.910000000000000000e+02 9.038000000000000478e-01
1.920000000000000000e+02 9.045999999999999597e-01
1.930000000000000000e+02 9.110000000000000320e-01
1.940000000000000000e+02 9.065999999999999615e-01
1.950000000000000000e+02 9.072999999999999954e-01
1.960000000000000000e+02 9.055999999999999606e-01
1.970000000000000000e+02 9.076999999999999513e-01
1.980000000000000000e+02 9.096999999999999531e-01
1.990000000000000000e+02 9.068000000000000504e-01
2.000000000000000000e+02 9.069000000000000394e-01
