1.000000000000000000e+00 1.769999999999999907e-01
2.000000000000000000e+00 3.219000000000000195e-01
3.000000000000000000e+00 2.792999999999999927e-01
4.000000000000000000e+00 3.800999999999999934e-01
5.000000000000000000e+00 3.473999999999999866e-01
6.000000000000000000e+00 3.937999999999999834e-01
7.000000000000000000e+00 4.076000000000000179e-01
8.000000000000000000e+00 4.586999999999999966e-01
9.000000000000000000e+00 4.656000000000000139e-01
1.000000000000000000e+01 5.324999999999999734e-01
1.100000000000000000e+01 5.369000000000000439e-01
1.200000000000000000e+01 6.149000000000000021e-01
1.300000000000000000e+01 6.237000000000000322e-01
1.400000000000000000e+01 6.014000000000000457e-01
1.500000000000000000e+01 6.330000000000000071e-01
1.600000000000000000e+01 6.450000000000000178e-01
1.700000000000000000e+01 6.363999999999999657e-01
1.800000000000000000e+01 6.518000000000000460e-01
1.900000000000000000e+01 6.911000000000000476e-01
2.000000000000000000e+01 7.098999999999999755e-01
2.100000000000000000e+01 7.068999999999999728e-01
2.200000000000000000e+01 6.806999999999999718e-01
2.300000000000000000e+01 7.069999999999999618e-01
2.400000000000000000e+01 7.311999999999999611e-01
2.500000000000000000e+01 7.410999999999999810e-01
2.600000000000000000e+01 7.459000000000000075e-01
2.700000000000000000e+01 7.520999999999999908e-01
2.800000000000000000e+01 7.790000000000000258e-01
2.900000000000000000e+01 7.583999999999999631e-01
3.000000000000000000e+01 7.571999999999999842e-01
3.100000000000000000e+01 7.561999999999999833e-01
3.200000000000000000e+01 7.957999999999999519e-01
3.300000000000000000e+01 7.689000000000000279e-01
3.400000000000000000e+01 7.983999999999999986e-01
3.500000000000000000e+01 7.839000000000000412e-01
3.600000000000000000e+01 8.002000000000000224e-01
3.700000000000000000e+01 8.101000000000000423e-01
3.800000000000000000e+01 8.225000000000000089e-01
3.900000000000000000e+01 8.169999999999999485e-01
4.000000000000000000e+01 8.276999999999999913e-01
4.100000000000000000e+01 8.116999999999999771e-01
4.200000000000000000e+01 8.158999999999999586e-01
4.300000000000000000e+01 8.275000000000000133e-01
4.400000000000000000e+01 8.303000000000000380e-01
4.500000000000000000e+01 8.379999999999999671e-01
4.600000000000000000e+01 8.204000000000000181e-01
4.700000000000000000e+01 8.246999999999999886e-01
4.800000000000000000e+01 8.359999999999999654e-01
4.900000000000000000e+01 8.322000000000000508e-01
5.000000000000000000e+01 8.430999999999999606e-01
5.100000000000000000e+01 8.540999999999999703e-01
5.200000000000000000e+01 8.474000000000000421e-01
5.300000000000000000e+01 8.438999999999999835e-01
5.400000000000000000e+01 8.534000000000000474e-01
5.500000000000000000e+01 8.605000000000000426e-01
5.600000000000000000e+01 8.561999999999999611e-01
5.700000000000000000e+01 8.656000000000000361e-01
5.800000000000000000e+01 8.539999999999999813e-01
5.900000000000000000e+01 8.643999999999999462e-01
6.000000000000000000e+01 8.685000000000000497e-01
6.100000000000000000e+01 8.605000000000000426e-01
6.200000000000000000e+01 8.598000000000000087e-01
6.300000000000000000e+01 8.581999999999999629e-01
6.400000000000000000e+01 8.692999999999999616e-01
6.500000000000000000e+01 8.624000000000000554e-01
6.600000000000000000e+01 8.611999999999999655e-01
6.700000000000000000e+01 8.741999999999999771e-01
6.800000000000000000e+01 8.683999999999999497e-01
6.900000000000000000e+01 8.721999999999999753e-01
7.000000000000000000e+01 8.678000000000000158e-01
7.100000000000000000e+01 8.776000000000000467e-01
7.200000000000000000e+01 8.798000000000000265e-01
7.300000000000000000e+01 8.719000000000000083e-01
7.400000000000000000e+01 8.843999999999999639e-01
7.500000000000000000e+01 8.774999999999999467e-01
7.600000000000000000e+01 8.707000000000000295e-01
7.700000000000000000e+01 8.789000000000000146e-01
7.800000000000000000e+01 8.849000000000000199e-01
7.900000000000000000e+01 8.833999999999999631e-01
8.000000000000000000e+01 8.826000000000000512e-01
8.100000000000000000e+01 8.834999999999999520e-01
8.200000000000000000e+01 8.808000000000000274e-01
8.300000000000000000e+01 8.859000000000000208e-01
8.400000000000000000e+01 8.868000000000000327e-01
8.500000000000000000e+01 8.847000000000000419e-01
8.600000000000000000e+01 8.887000000000000455e-01
8.700000000000000000e+01 8.897000000000000464e-01
8.800000000000000000e+01 8.908000000000000362e-01
8.900000000000000000e+01 8.978000000000000425e-01
9.000000000000000000e+01 8.909000000000000252e-01
9.100000000000000000e+01 8.963999999999999746e-01
9.200000000000000000e+01 8.920000000000000151e-01
9.300000000000000000e+01 8.928000000000000380e-01
9.400000000000000000e+01 8.957000000000000517e-01
9.500000000000000000e+01 8.950000000000000178e-01
9.600000000000000000e+01 8.941000000000000059e-01
9.700000000000000000e+01 8.925999999999999490e-01
9.800000000000000000e+01 8.935999999999999499e-01
9.900000000000000000e+01 8.944999999999999618e-01
1.000000000000000000e+02 8.940000000000000169e-01
1.010000000000000000e+02 8.924999999999999600e-01
1.020000000000000000e+02 8.925999999999999490e-01
1.030000000000000000e+02 8.967000000000000526e-01
1.040000000000000000e+02 8.988000000000000433e-01
1.050000000000000000e+02 8.949000000000000288e-01
1.060000000000000000e+02 8.981999999999999984e-01
1.070000000000000000e+02 8.940000000000000169e-01
1.080000000000000000e+02 8.997000000000000552e-01
1.090000000000000000e+02 8.961000000000000076e-01
1.100000000000000000e+02 9.026999999999999469e-01
1.110000000000000000e+02 9.009000000000000341e-01
1.120000000000000000e+02 9.021000000000000130e-01
1.130000000000000000e+02 8.957000000000000517e-01
1.140000000000000000e+02 8.974999999999999645e-01
1.150000000000000000e+02 9.042000000000000037e-01
1.160000000000000000e+02 8.981000000000000094e-01
1.170000000000000000e+02 8.960000000000000187e-01
1.180000000000000000e+02 9.039000000000000368e-01
1.190000000000000000e+02 9.008000000000000451e-01
1.200000000000000000e+02 9.030000000000000249e-01
1.210000000000000000e+02 9.026999999999999469e-01
1.220000000000000000e+02 9.012000000000000011e-01
1.230000000000000000e+02 9.013999999999999790e-01
1.240000000000000000e+02 9.024999999999999689e-01
1.250000000000000000e+02 9.011000000000000121e-01
1.260000000000000000e+02 9.048000000000000487e-01
1.270000000000000000e+02 9.069000000000000394e-01
1.280000000000000000e+02 9.011000000000000121e-01
1.290000000000000000e+02 9.072000000000000064e-01
1.300000000000000000e+02 9.033999999999999808e-01
1.310000000000000000e+02 9.045999999999999597e-01
1.320000000000000000e+02 9.059000000000000385e-01
1.330000000000000000e+02 9.034999999999999698e-01
1.340000000000000000e+02 9.042000000000000037e-01
1.350000000000000000e+02 9.042000000000000037e-01
1.360000000000000000e+02 9.053999999999999826e-01
1.370000000000000000e+02 9.079000000000000403e-01
1.380000000000000000e+02 9.045999999999999597e-01
1.390000000000000000e+02 9.044999999999999707e-01
1.400000000000000000e+02 9.059000000000000385e-01
1.410000000000000000e+02 9.084999999999999742e-01
1.420000000000000000e+02 9.032000000000000028e-01
1.430000000000000000e+02 9.034999999999999698e-01
1.440000000000000000e+02 9.066999999999999504e-01
1.450000000000000000e+02 9.048000000000000487e-01
1.460000000000000000e+02 9.080000000000000293e-01
1.470000000000000000e+02 9.075999999999999623e-01
1.480000000000000000e+02 9.081000000000000183e-01
1.490000000000000000e+02 9.052999999999999936e-01
1.500000000000000000e+02 9.082000000000000073e-01
1.510000000000000000e+02 9.122000000000000108e-01
1.520000000000000000e+02 9.094999999999999751e-01
1.530000000000000000e+02 9.106999999999999540e-01
1.540000000000000000e+02 9.090000000000000302e-01
1.550000000000000000e+02 9.114999999999999769e-01
1.560000000000000000e+02 9.083999999999999853e-01
1.570000000000000000e+02 9.098000000000000531e-01
1.580000000000000000e+02 9.102999999999999980e-01
1.590000000000000000e+02 9.088000000000000522e-01
1.600000000000000000e+02 9.126999999999999558e-01
1.610000000000000000e+02 9.104999999999999760e-01
1.620000000000000000e+02 9.074999999999999734e-01
1.630000000000000000e+02 9.058000000000000496e-01
1.640000000000000000e+02 9.092000000000000082e-01
1.650000000000000000e+02 9.110000000000000320e-01
1.660000000000000000e+02 9.102000000000000091e-01
1.670000000000000000e+02 9.118000000000000549e-01
1.680000000000000000e+02 9.108000000000000540e-01
1.690000000000000000e+02 9.102000000000000091e-01
1.700000000000000000e+02 9.099000000000000421e-01
1.710000000000000000e+02 9.134999999999999787e-01
1.720000000000000000e+02 9.109000000000000430e-01
1.730000000000000000e+02 9.130000000000000338e-01
1.740000000000000000e+02 9.120000000000000329e-01
1.750000000000000000e+02 9.147999999999999465e-01
1.760000000000000000e+02 9.114999999999999769e-01
1.770000000000000000e+02 9.113999999999999879e-01
1.780000000000000000e+02 9.109000000000000430e-01
1.790000000000000000e+02 9.123999999999999888e-01
1.800000000000000000e+02 9.118000000000000549e-01
1.810000000000000000e+02 9.092999999999999972e-01
1.820000000000000000e+02 9.106999999999999540e-01
1.830000000000000000e+02 9.123999999999999888e-01
1.840000000000000000e+02 9.133000000000000007e-01
1.850000000000000000e+02 9.132000000000000117e-01
1.860000000000000000e+02 9.136999999999999567e-01
1.870000000000000000e+02 9.140000000000000346e-01
1.880000000000000000e+02 9.122000000000000108e-01
1.890000000000000000e+02 9.134999999999999787e-01
1.900000000000000000e+02 9.122999999999999998e-01
1.910000000000000000e+02 9.157999999999999474e-01
1.920000000000000000e+02 9.143000000000000016e-01
1.930000000000000000e+02 9.160000000000000364e-01
1.940000000000000000e+02 9.109000000000000430e-01
1.950000000000000000e+02 9.142000000000000126e-01
1.960000000000000000e+02 9.146999999999999575e-01
1.970000000000000000e+02 9.125999999999999668e-01
1.980000000000000000e+02 9.136999999999999567e-01
1.990000000000000000e+02 9.139000000000000457e-01
2.000000000000000000e+02 9.153999999999999915e-01
