1.000000000000000000e+00 7.552999999999999714e-01
2.000000000000000000e+00 8.086999999999999744e-01
3.000000000000000000e+00 8.434000000000000385e-01
4.000000000000000000e+00 8.552999999999999492e-01
5.000000000000000000e+00 8.750999999999999890e-01
6.000000000000000000e+00 8.813999999999999613e-01
7.000000000000000000e+00 8.782999999999999696e-01
8.000000000000000000e+00 8.879000000000000226e-01
9.000000000000000000e+00 8.923999999999999710e-01
1.000000000000000000e+01 8.932999999999999829e-01
1.100000000000000000e+01 8.931000000000000050e-01
1.200000000000000000e+01 8.891999999999999904e-01
1.300000000000000000e+01 8.908000000000000362e-01
1.400000000000000000e+01 8.920000000000000151e-01
1.500000000000000000e+01 8.947000000000000508e-01
1.600000000000000000e+01 8.929000000000000270e-01
1.700000000000000000e+01 8.973999999999999755e-01
1.800000000000000000e+01 8.934999999999999609e-01
1.900000000000000000e+01 8.967000000000000526e-01
2.000000000000000000e+01 8.971000000000000085e-01
