1.000000000000000000e+00 1.907999999999999974e-01
2.000000000000000000e+00 2.290000000000000091e-01
3.000000000000000000e+00 2.893000000000000016e-01
4.000000000000000000e+00 2.953999999999999959e-01
5.000000000000000000e+00 3.882999999999999785e-01
6.000000000000000000e+00 4.128000000000000003e-01
7.000000000000000000e+00 4.213999999999999968e-01
8.000000000000000000e+00 4.873999999999999999e-01
9.000000000000000000e+00 5.108000000000000318e-01
1.000000000000000000e+01 5.090999999999999970e-01
1.100000000000000000e+01 5.094999999999999529e-01
1.200000000000000000e+01 5.540000000000000480e-01
1.300000000000000000e+01 5.813000000000000389e-01
1.400000000000000000e+01 6.112999999999999545e-01
1.500000000000000000e+01 6.238000000000000211e-01
1.600000000000000000e+01 6.514999999999999680e-01
1.700000000000000000e+01 6.825999999999999845e-01
1.800000000000000000e+01 6.652000000000000135e-01
1.900000000000000000e+01 7.122000000000000552e-01
2.000000000000000000e+01 6.864999999999999991e-01
2.100000000000000000e+01 6.831000000000000405e-01
2.200000000000000000e+01 7.197999999999999954e-01
2.300000000000000000e+01 7.355000000000000426e-01
2.400000000000000000e+01 7.425000000000000488e-01
2.500000000000000000e+01 7.429999999999999938e-01
2.600000000000000000e+01 7.426000000000000378e-01
2.700000000000000000e+01 7.522999999999999687e-01
2.800000000000000000e+01 7.741999999999999993e-01
2.900000000000000000e+01 7.632999999999999785e-01
3.000000000000000000e+01 7.655999999999999472e-01
3.100000000000000000e+01 7.844999999999999751e-01
3.200000000000000000e+01 7.519000000000000128e-01
3.300000000000000000e+01 7.883000000000000007e-01
3.400000000000000000e+01 7.500000000000000000e-01
3.500000000000000000e+01 7.961000000000000298e-01
3.600000000000000000e+01 8.082000000000000295e-01
3.700000000000000000e+01 7.894999999999999796e-01
3.800000000000000000e+01 8.087999999999999634e-01
3.900000000000000000e+01 8.034000000000000030e-01
4.000000000000000000e+01 7.973999999999999977e-01
4.100000000000000000e+01 8.094999999999999973e-01
4.200000000000000000e+01 8.053000000000000158e-01
4.300000000000000000e+01 8.379999999999999671e-01
4.400000000000000000e+01 8.309999999999999609e-01
4.500000000000000000e+01 8.345000000000000195e-01
4.600000000000000000e+01 8.355000000000000204e-01
4.700000000000000000e+01 8.440999999999999615e-01
4.800000000000000000e+01 8.390999999999999570e-01
4.900000000000000000e+01 8.393000000000000460e-01
5.000000000000000000e+01 8.480999999999999650e-01
5.100000000000000000e+01 8.378999999999999782e-01
5.200000000000000000e+01 8.449999999999999734e-01
5.300000000000000000e+01 8.426000000000000156e-01
5.400000000000000000e+01 8.508999999999999897e-01
5.500000000000000000e+01 8.587000000000000188e-01
5.600000000000000000e+01 8.560999999999999721e-01
5.700000000000000000e+01 8.518000000000000016e-01
5.800000000000000000e+01 8.552999999999999492e-01
5.900000000000000000e+01 8.618999999999999995e-01
6.000000000000000000e+01 8.560999999999999721e-01
6.100000000000000000e+01 8.629000000000000004e-01
6.200000000000000000e+01 8.538999999999999924e-01
6.300000000000000000e+01 8.611999999999999655e-01
6.400000000000000000e+01 8.658000000000000140e-01
6.500000000000000000e+01 8.716000000000000414e-01
6.600000000000000000e+01 8.655000000000000471e-01
6.700000000000000000e+01 8.621999999999999664e-01
6.800000000000000000e+01 8.732999999999999652e-01
6.900000000000000000e+01 8.758000000000000229e-01
7.000000000000000000e+01 8.726000000000000423e-01
7.100000000000000000e+01 8.697000000000000286e-01
7.200000000000000000e+01 8.739999999999999991e-01
7.300000000000000000e+01 8.804999999999999494e-01
7.400000000000000000e+01 8.737000000000000322e-01
7.500000000000000000e+01 8.727000000000000313e-01
7.600000000000000000e+01 8.737000000000000322e-01
7.700000000000000000e+01 8.824999999999999512e-01
7.800000000000000000e+01 8.864999999999999547e-01
7.900000000000000000e+01 8.808000000000000274e-01
8.000000000000000000e+01 8.851999999999999869e-01
8.100000000000000000e+01 8.866000000000000547e-01
8.200000000000000000e+01 8.820999999999999952e-01
8.300000000000000000e+01 8.787000000000000366e-01
8.400000000000000000e+01 8.867000000000000437e-01
8.500000000000000000e+01 8.958000000000000407e-01
8.600000000000000000e+01 8.895999999999999464e-01
8.700000000000000000e+01 8.840999999999999970e-01
8.800000000000000000e+01 8.860999999999999988e-01
8.900000000000000000e+01 8.904999999999999583e-01
9.000000000000000000e+01 8.895999999999999464e-01
9.100000000000000000e+01 8.884999999999999565e-01
9.200000000000000000e+01 8.924999999999999600e-01
9.300000000000000000e+01 8.908000000000000362e-01
9.400000000000000000e+01 8.917000000000000481e-01
9.500000000000000000e+01 8.879000000000000226e-01
9.600000000000000000e+01 8.892999999999999794e-01
9.700000000000000000e+01 8.864999999999999547e-01
9.800000000000000000e+01 8.910000000000000142e-01
9.900000000000000000e+01 8.955999999999999517e-01
1.000000000000000000e+02 8.951999999999999957e-01
1.010000000000000000e+02 8.943999999999999728e-01
1.020000000000000000e+02 8.889000000000000234e-01
1.030000000000000000e+02 8.921999999999999931e-01
1.040000000000000000e+02 8.979000000000000314e-01
1.050000000000000000e+02 8.947000000000000508e-01
1.060000000000000000e+02 9.010000000000000231e-01
1.070000000000000000e+02 8.995999999999999552e-01
1.080000000000000000e+02 8.981000000000000094e-01
1.090000000000000000e+02 8.962999999999999856e-01
1.100000000000000000e+02 8.968000000000000416e-01
1.110000000000000000e+02 9.008000000000000451e-01
1.120000000000000000e+02 8.980000000000000204e-01
1.130000000000000000e+02 8.974999999999999645e-01
1.140000000000000000e+02 9.001000000000000112e-01
1.150000000000000000e+02 9.003999999999999782e-01
1.160000000000000000e+02 9.002000000000000002e-01
1.170000000000000000e+02 9.023999999999999799e-01
1.180000000000000000e+02 9.028000000000000469e-01
1.190000000000000000e+02 9.011000000000000121e-01
1.200000000000000000e+02 9.029000000000000359e-01
1.210000000000000000e+02 9.045999999999999597e-01
1.220000000000000000e+02 9.032000000000000028e-01
1.230000000000000000e+02 8.985999999999999543e-01
1.240000000000000000e+02 9.035999999999999588e-01
1.250000000000000000e+02 9.025999999999999579e-01
1.260000000000000000e+02 9.061000000000000165e-01
1.270000000000000000e+02 9.015999999999999570e-01
1.280000000000000000e+02 9.065999999999999615e-01
1.290000000000000000e+02 9.056999999999999496e-01
1.300000000000000000e+02 9.073999999999999844e-01
1.310000000000000000e+02 9.012999999999999901e-01
1.320000000000000000e+02 9.058000000000000496e-01
1.330000000000000000e+02 9.068000000000000504e-01
1.340000000000000000e+02 9.069000000000000394e-01
1.350000000000000000e+02 9.059000000000000385e-01
1.360000000000000000e+02 9.062000000000000055e-01
1.370000000000000000e+02 9.052999999999999936e-01
1.380000000000000000e+02 9.086999999999999522e-01
1.390000000000000000e+02 9.111000000000000210e-01
1.400000000000000000e+02 9.061000000000000165e-01
1.410000000000000000e+02 9.065999999999999615e-01
1.420000000000000000e+02 9.064999999999999725e-01
1.430000000000000000e+02 9.072999999999999954e-01
1.440000000000000000e+02 9.100000000000000311e-01
1.450000000000000000e+02 9.052999999999999936e-01
1.460000000000000000e+02 9.100000000000000311e-01
1.470000000000000000e+02 9.085999999999999632e-01
1.480000000000000000e+02 9.072999999999999954e-01
1.490000000000000000e+02 9.074999999999999734e-01
1.500000000000000000e+02 9.054999999999999716e-01
1.510000000000000000e+02 9.079000000000000403e-01
1.520000000000000000e+02 9.100000000000000311e-01
1.530000000000000000e+02 9.096999999999999531e-01
1.540000000000000000e+02 9.089000000000000412e-01
1.550000000000000000e+02 9.127999999999999448e-01
1.560000000000000000e+02 9.100000000000000311e-01
1.570000000000000000e+02 9.088000000000000522e-01
1.580000000000000000e+02 9.073999999999999844e-01
1.590000000000000000e+02 9.076999999999999513e-01
1.600000000000000000e+02 9.112999999999999989e-01
1.610000000000000000e+02 9.086999999999999522e-01
1.620000000000000000e+02 9.115999999999999659e-01
1.630000000000000000e+02 9.094999999999999751e-01
1.640000000000000000e+02 9.088000000000000522e-01
1.650000000000000000e+02 9.125999999999999668e-01
1.660000000000000000e+02 9.083999999999999853e-01
1.670000000000000000e+02 9.090000000000000302e-01
1.680000000000000000e+02 9.104999999999999760e-01
1.690000000000000000e+02 9.106999999999999540e-01
1.700000000000000000e+02 9.101000000000000201e-01
1.710000000000000000e+02 9.110000000000000320e-01
1.720000000000000000e+02 9.111000000000000210e-01
1.730000000000000000e+02 9.115999999999999659e-01
1.740000000000000000e+02 9.150000000000000355e-01
1.750000000000000000e+02 9.098000000000000531e-01
1.760000000000000000e+02 9.122999999999999998e-01
1.770000000000000000e+02 9.112000000000000099e-01
1.780000000000000000e+02 9.134999999999999787e-01
1.790000000000000000e+02 9.122999999999999998e-01
1.800000000000000000e+02 9.104999999999999760e-01
1.810000000000000000e+02 9.129000000000000448e-01
1.820000000000000000e+02 9.127999999999999448e-01
1.830000000000000000e+02 9.093999999999999861e-01
1.840000000000000000e+02 9.151000000000000245e-01
1.850000000000000000e+02 9.120000000000000329e-01
1.860000000000000000e+02 9.109000000000000430e-01
1.870000000000000000e+02 9.132000000000000117e-01
1.880000000000000000e+02 9.112999999999999989e-01
1.890000000000000000e+02 9.124999999999999778e-01
1.900000000000000000e+02 9.157999999999999474e-01
1.910000000000000000e+02 9.121000000000000218e-01
1.920000000000000000e+02 9.154999999999999805e-01
1.930000000000000000e+02 9.142000000000000126e-01
1.940000000000000000e+02 9.129000000000000448e-01
1.950000000000000000e+02 9.109000000000000430e-01
1.960000000000000000e+02 9.122000000000000108e-01
1.970000000000000000e+02 9.137999999999999456e-01
1.980000000000000000e+02 9.123999999999999888e-01
1.990000000000000000e+02 9.131000000000000227e-01
2.000000000000000000e+02 9.129000000000000448e-01
