1.000000000000000000e+00 1.590999999999999914e-01
2.000000000000000000e+00 2.497999999999999943e-01
3.000000000000000000e+00 3.094000000000000083e-01
4.000000000000000000e+00 3.449999999999999734e-01
5.000000000000000000e+00 3.487000000000000099e-01
6.000000000000000000e+00 4.706000000000000183e-01
7.000000000000000000e+00 4.652999999999999914e-01
8.000000000000000000e+00 4.446999999999999842e-01
9.000000000000000000e+00 5.104999999999999538e-01
1.000000000000000000e+01 5.339000000000000412e-01
1.100000000000000000e+01 5.679999999999999494e-01
1.200000000000000000e+01 5.205999999999999517e-01
1.300000000000000000e+01 5.495999999999999774e-01
1.400000000000000000e+01 5.814000000000000279e-01
1.500000000000000000e+01 5.973000000000000531e-01
1.600000000000000000e+01 6.196000000000000396e-01
1.700000000000000000e+01 6.287000000000000366e-01
1.800000000000000000e+01 6.395999999999999464e-01
1.900000000000000000e+01 6.673000000000000043e-01
2.000000000000000000e+01 6.328000000000000291e-01
2.100000000000000000e+01 6.877999999999999670e-01
2.200000000000000000e+01 6.812000000000000277e-01
2.300000000000000000e+01 7.190999999999999615e-01
2.400000000000000000e+01 7.116000000000000103e-01
2.500000000000000000e+01 7.012000000000000455e-01
2.600000000000000000e+01 7.050999999999999490e-01
2.700000000000000000e+01 7.195000000000000284e-01
2.800000000000000000e+01 7.278999999999999915e-01
2.900000000000000000e+01 7.705999999999999517e-01
3.000000000000000000e+01 7.580000000000000071e-01
3.100000000000000000e+01 7.681000000000000050e-01
3.200000000000000000e+01 7.420999999999999819e-01
3.300000000000000000e+01 7.792000000000000037e-01
3.400000000000000000e+01 7.721000000000000085e-01
3.500000000000000000e+01 7.671000000000000041e-01
3.600000000000000000e+01 7.926999999999999602e-01
3.700000000000000000e+01 7.880000000000000338e-01
3.800000000000000000e+01 7.975999999999999757e-01
3.900000000000000000e+01 7.983999999999999986e-01
4.000000000000000000e+01 7.780000000000000249e-01
4.100000000000000000e+01 8.284000000000000252e-01
4.200000000000000000e+01 8.330999999999999517e-01
4.300000000000000000e+01 8.104000000000000092e-01
4.400000000000000000e+01 8.114000000000000101e-01
4.500000000000000000e+01 8.047999999999999599e-01
4.600000000000000000e+01 8.171000000000000485e-01
4.700000000000000000e+01 8.326000000000000068e-01
4.800000000000000000e+01 8.263000000000000345e-01
4.900000000000000000e+01 8.205999999999999961e-01
5.000000000000000000e+01 8.370999999999999552e-01
5.100000000000000000e+01 8.355000000000000204e-01
5.200000000000000000e+01 8.388999999999999790e-01
5.300000000000000000e+01 8.419999999999999707e-01
5.400000000000000000e+01 8.338999999999999746e-01
5.500000000000000000e+01 8.404000000000000359e-01
5.600000000000000000e+01 8.453000000000000513e-01
5.700000000000000000e+01 8.379999999999999671e-01
5.800000000000000000e+01 8.471999999999999531e-01
5.900000000000000000e+01 8.483000000000000540e-01
6.000000000000000000e+01 8.461999999999999522e-01
6.100000000000000000e+01 8.529999999999999805e-01
6.200000000000000000e+01 8.484000000000000430e-01
6.300000000000000000e+01 8.476000000000000201e-01
6.400000000000000000e+01 8.470999999999999641e-01
6.500000000000000000e+01 8.519999999999999796e-01
6.600000000000000000e+01 8.538999999999999924e-01
6.700000000000000000e+01 8.597000000000000197e-01
6.800000000000000000e+01 8.619999999999999885e-01
6.900000000000000000e+01 8.626000000000000334e-01
7.000000000000000000e+01 8.649999999999999911e-01
7.100000000000000000e+01 8.650999999999999801e-01
7.200000000000000000e+01 8.594000000000000528e-01
7.300000000000000000e+01 8.610999999999999766e-01
7.400000000000000000e+01 8.669000000000000039e-01
7.500000000000000000e+01 8.637000000000000233e-01
7.600000000000000000e+01 8.672999999999999599e-01
7.700000000000000000e+01 8.660999999999999810e-01
7.800000000000000000e+01 8.637000000000000233e-01
7.900000000000000000e+01 8.719999999999999973e-01
8.000000000000000000e+01 8.723999999999999533e-01
8.100000000000000000e+01 8.782999999999999696e-01
8.200000000000000000e+01 8.739000000000000101e-01
8.300000000000000000e+01 8.716000000000000414e-01
8.400000000000000000e+01 8.671999999999999709e-01
8.500000000000000000e+01 8.703999999999999515e-01
8.600000000000000000e+01 8.672999999999999599e-01
8.700000000000000000e+01 8.800000000000000044e-01
8.800000000000000000e+01 8.641999999999999682e-01
8.900000000000000000e+01 8.776000000000000467e-01
9.000000000000000000e+01 8.739000000000000101e-01
9.100000000000000000e+01 8.710999999999999854e-01
9.200000000000000000e+01 8.807000000000000384e-01
9.300000000000000000e+01 8.808000000000000274e-01
9.400000000000000000e+01 8.823999999999999622e-01
9.500000000000000000e+01 8.760000000000000009e-01
9.600000000000000000e+01 8.735000000000000542e-01
9.700000000000000000e+01 8.820000000000000062e-01
9.800000000000000000e+01 8.802999999999999714e-01
9.900000000000000000e+01 8.850000000000000089e-01
1.000000000000000000e+02 8.797000000000000375e-01
1.010000000000000000e+02 8.866000000000000547e-01
1.020000000000000000e+02 8.861999999999999877e-01
1.030000000000000000e+02 8.867000000000000437e-01
1.040000000000000000e+02 8.841999999999999860e-01
1.050000000000000000e+02 8.861999999999999877e-01
1.060000000000000000e+02 8.841999999999999860e-01
1.070000000000000000e+02 8.847000000000000419e-01
1.080000000000000000e+02 8.867000000000000437e-01
1.090000000000000000e+02 8.917000000000000481e-01
1.100000000000000000e+02 8.879000000000000226e-01
1.110000000000000000e+02 8.918000000000000371e-01
1.120000000000000000e+02 8.907000000000000473e-01
1.130000000000000000e+02 8.891999999999999904e-01
1.140000000000000000e+02 8.891000000000000014e-01
1.150000000000000000e+02 8.934999999999999609e-01
1.160000000000000000e+02 8.941000000000000059e-01
1.170000000000000000e+02 8.928000000000000380e-01
1.180000000000000000e+02 8.842999999999999750e-01
1.190000000000000000e+02 8.894999999999999574e-01
1.200000000000000000e+02 8.945999999999999508e-01
1.210000000000000000e+02 8.920000000000000151e-01
1.220000000000000000e+02 8.914999999999999591e-01
1.230000000000000000e+02 8.944999999999999618e-01
1.240000000000000000e+02 8.942999999999999838e-01
1.250000000000000000e+02 8.939000000000000279e-01
1.260000000000000000e+02 8.913999999999999702e-01
1.270000000000000000e+02 8.954999999999999627e-01
1.280000000000000000e+02 8.989000000000000323e-01
1.290000000000000000e+02 8.961000000000000076e-01
1.300000000000000000e+02 8.977000000000000535e-01
1.310000000000000000e+02 8.954999999999999627e-01
1.320000000000000000e+02 8.957000000000000517e-01
1.330000000000000000e+02 8.944999999999999618e-01
1.340000000000000000e+02 8.971999999999999975e-01
1.350000000000000000e+02 8.970000000000000195e-01
1.360000000000000000e+02 8.953999999999999737e-01
1.370000000000000000e+02 8.919000000000000261e-01
1.380000000000000000e+02 8.989000000000000323e-01
1.390000000000000000e+02 8.963999999999999746e-01
1.400000000000000000e+02 8.950000000000000178e-01
1.410000000000000000e+02 8.991000000000000103e-01
1.420000000000000000e+02 8.991000000000000103e-01
1.430000000000000000e+02 8.953999999999999737e-01
1.440000000000000000e+02 9.009000000000000341e-01
1.450000000000000000e+02 8.994999999999999662e-01
1.460000000000000000e+02 8.943999999999999728e-01
1.470000000000000000e+02 8.999000000000000332e-01
1.480000000000000000e+02 8.995999999999999552e-01
1.490000000000000000e+02 9.020000000000000240e-01
1.500000000000000000e+02 9.032000000000000028e-01
1.510000000000000000e+02 8.950000000000000178e-01
1.520000000000000000e+02 8.998000000000000442e-01
1.530000000000000000e+02 9.003999999999999782e-01
1.540000000000000000e+02 8.998000000000000442e-01
1.550000000000000000e+02 9.014999999999999680e-01
1.560000000000000000e+02 8.990000000000000213e-01
1.570000000000000000e+02 9.011000000000000121e-01
1.580000000000000000e+02 9.008000000000000451e-01
1.590000000000000000e+02 9.010000000000000231e-01
1.600000000000000000e+02 9.045999999999999597e-01
1.610000000000000000e+02 9.032000000000000028e-01
1.620000000000000000e+02 8.994999999999999662e-01
1.630000000000000000e+02 9.023999999999999799e-01
1.640000000000000000e+02 9.050000000000000266e-01
1.650000000000000000e+02 9.033999999999999808e-01
1.660000000000000000e+02 9.026999999999999469e-01
1.670000000000000000e+02 9.036999999999999478e-01
1.680000000000000000e+02 9.033999999999999808e-01
1.690000000000000000e+02 9.020000000000000240e-01
1.700000000000000000e+02 9.078000000000000513e-01
1.710000000000000000e+02 9.059000000000000385e-01
1.720000000000000000e+02 9.002999999999999892e-01
1.730000000000000000e+02 9.021000000000000130e-01
1.740000000000000000e+02 9.009000000000000341e-01
1.750000000000000000e+02 9.012000000000000011e-01
1.760000000000000000e+02 9.065999999999999615e-01
1.770000000000000000e+02 9.045999999999999597e-01
1.780000000000000000e+02 9.010000000000000231e-01
1.790000000000000000e+02 9.049000000000000377e-01
1.800000000000000000e+02 9.061000000000000165e-01
1.810000000000000000e+02 9.056999999999999496e-01
1.820000000000000000e+02 9.051000000000000156e-01
1.830000000000000000e+02 9.104999999999999760e-01
1.840000000000000000e+02 9.042999999999999927e-01
1.850000000000000000e+02 9.021000000000000130e-01
1.860000000000000000e+02 9.090000000000000302e-01
1.870000000000000000e+02 9.052000000000000046e-01
1.880000000000000000e+02 9.076999999999999513e-01
1.890000000000000000e+02 9.059000000000000385e-01
1.900000000000000000e+02 9.094999999999999751e-01
1.910000000000000000e+02 9.044999999999999707e-01
1.920000000000000000e+02 9.062999999999999945e-01
1.930000000000000000e+02 9.090000000000000302e-01
1.940000000000000000e+02 9.053999999999999826e-01
1.950000000000000000e+02 9.089000000000000412e-01
1.960000000000000000e+02 9.072999999999999954e-01
1.970000000000000000e+02 9.069000000000000394e-01
1.980000000000000000e+02 9.083999999999999853e-01
1.990000000000000000e+02 9.074999999999999734e-01
2.000000000000000000e+02 9.060000000000000275e-01
