1.000000000000000000e+00 3.104999999999999982e-01
2.000000000000000000e+00 4.444000000000000172e-01
3.000000000000000000e+00 4.717000000000000082e-01
4.000000000000000000e+00 5.713000000000000300e-01
5.000000000000000000e+00 6.824000000000000066e-01
6.000000000000000000e+00 7.298000000000000043e-01
7.000000000000000000e+00 7.608000000000000318e-01
8.000000000000000000e+00 7.924999999999999822e-01
9.000000000000000000e+00 7.955999999999999739e-01
1.000000000000000000e+01 8.103000000000000203e-01
1.100000000000000000e+01 8.084000000000000075e-01
1.200000000000000000e+01 8.322000000000000508e-01
1.300000000000000000e+01 8.397999999999999909e-01
1.400000000000000000e+01 8.447000000000000064e-01
1.500000000000000000e+01 8.463000000000000522e-01
1.600000000000000000e+01 8.570999999999999730e-01
1.700000000000000000e+01 8.630999999999999783e-01
1.800000000000000000e+01 8.679000000000000048e-01
1.900000000000000000e+01 8.730999999999999872e-01
2.000000000000000000e+01 8.812999999999999723e-01
2.100000000000000000e+01 8.809000000000000163e-01
2.200000000000000000e+01 8.846000000000000529e-01
2.300000000000000000e+01 8.911000000000000032e-01
2.400000000000000000e+01 8.904999999999999583e-01
2.500000000000000000e+01 8.901000000000000023e-01
2.600000000000000000e+01 8.914999999999999591e-01
2.700000000000000000e+01 8.922999999999999821e-01
2.800000000000000000e+01 8.924999999999999600e-01
2.900000000000000000e+01 8.937000000000000499e-01
3.000000000000000000e+01 8.964999999999999636e-01
3.100000000000000000e+01 8.964999999999999636e-01
3.200000000000000000e+01 9.015999999999999570e-01
3.300000000000000000e+01 9.000000000000000222e-01
3.400000000000000000e+01 9.018000000000000460e-01
3.500000000000000000e+01 9.022000000000000020e-01
3.600000000000000000e+01 9.034999999999999698e-01
3.700000000000000000e+01 9.052000000000000046e-01
3.800000000000000000e+01 9.063999999999999835e-01
3.900000000000000000e+01 9.053999999999999826e-01
4.000000000000000000e+01 9.056999999999999496e-01
4.100000000000000000e+01 9.050000000000000266e-01
4.200000000000000000e+01 9.092999999999999972e-01
4.300000000000000000e+01 9.088000000000000522e-01
4.400000000000000000e+01 9.085999999999999632e-01
4.500000000000000000e+01 9.096999999999999531e-01
4.600000000000000000e+01 9.122000000000000108e-01
4.700000000000000000e+01 9.121000000000000218e-01
4.800000000000000000e+01 9.104999999999999760e-01
4.900000000000000000e+01 9.116999999999999549e-01
5.000000000000000000e+01 9.113999999999999879e-01
5.100000000000000000e+01 9.116999999999999549e-01
5.200000000000000000e+01 9.126999999999999558e-01
5.300000000000000000e+01 9.153000000000000025e-01
5.400000000000000000e+01 9.143999999999999906e-01
5.500000000000000000e+01 9.143000000000000016e-01
5.600000000000000000e+01 9.144999999999999796e-01
5.700000000000000000e+01 9.170000000000000373e-01
5.800000000000000000e+01 9.139000000000000457e-01
5.900000000000000000e+01 9.163999999999999924e-01
6.000000000000000000e+01 9.170000000000000373e-01
6.100000000000000000e+01 9.166999999999999593e-01
6.200000000000000000e+01 9.153000000000000025e-01
6.300000000000000000e+01 9.157999999999999474e-01
6.400000000000000000e+01 9.153999999999999915e-01
6.500000000000000000e+01 9.156999999999999584e-01
6.600000000000000000e+01 9.165999999999999703e-01
6.700000000000000000e+01 9.142000000000000126e-01
6.800000000000000000e+01 9.162000000000000144e-01
6.900000000000000000e+01 9.162000000000000144e-01
7.000000000000000000e+01 9.169000000000000483e-01
7.100000000000000000e+01 9.163999999999999924e-01
7.200000000000000000e+01 9.163999999999999924e-01
7.300000000000000000e+01 9.182000000000000162e-01
7.400000000000000000e+01 9.174999999999999822e-01
7.500000000000000000e+01 9.163000000000000034e-01
7.600000000000000000e+01 9.163999999999999924e-01
7.700000000000000000e+01 9.186999999999999611e-01
7.800000000000000000e+01 9.176999999999999602e-01
7.900000000000000000e+01 9.190000000000000391e-01
8.000000000000000000e+01 9.165999999999999703e-01
8.100000000000000000e+01 9.177999999999999492e-01
8.200000000000000000e+01 9.187999999999999501e-01
8.300000000000000000e+01 9.187999999999999501e-01
8.400000000000000000e+01 9.194999999999999840e-01
8.500000000000000000e+01 9.194999999999999840e-01
8.600000000000000000e+01 9.204999999999999849e-01
8.700000000000000000e+01 9.179000000000000492e-01
8.800000000000000000e+01 9.193999999999999950e-01
8.900000000000000000e+01 9.184999999999999831e-01
9.000000000000000000e+01 9.197999999999999510e-01
9.100000000000000000e+01 9.184999999999999831e-01
9.200000000000000000e+01 9.189000000000000501e-01
9.300000000000000000e+01 9.206999999999999629e-01
9.400000000000000000e+01 9.213000000000000078e-01
9.500000000000000000e+01 9.203999999999999959e-01
9.600000000000000000e+01 9.212000000000000188e-01
9.700000000000000000e+01 9.209000000000000519e-01
9.800000000000000000e+01 9.205999999999999739e-01
9.900000000000000000e+01 9.203999999999999959e-01
1.000000000000000000e+02 9.202000000000000179e-01
1.010000000000000000e+02 9.211000000000000298e-01
1.020000000000000000e+02 9.202000000000000179e-01
1.030000000000000000e+02 9.189000000000000501e-01
1.040000000000000000e+02 9.211000000000000298e-01
1.050000000000000000e+02 9.212000000000000188e-01
1.060000000000000000e+02 9.191000000000000281e-01
1.070000000000000000e+02 9.203999999999999959e-01
1.080000000000000000e+02 9.209000000000000519e-01
1.090000000000000000e+02 9.196999999999999620e-01
1.100000000000000000e+02 9.209000000000000519e-01
1.110000000000000000e+02 9.214999999999999858e-01
1.120000000000000000e+02 9.193999999999999950e-01
1.130000000000000000e+02 9.204999999999999849e-01
1.140000000000000000e+02 9.207999999999999519e-01
1.150000000000000000e+02 9.210000000000000409e-01
1.160000000000000000e+02 9.195999999999999730e-01
1.170000000000000000e+02 9.211000000000000298e-01
1.180000000000000000e+02 9.213000000000000078e-01
1.190000000000000000e+02 9.214999999999999858e-01
1.200000000000000000e+02 9.201000000000000290e-01
1.210000000000000000e+02 9.223000000000000087e-01
1.220000000000000000e+02 9.204999999999999849e-01
1.230000000000000000e+02 9.203000000000000069e-01
1.240000000000000000e+02 9.210000000000000409e-01
1.250000000000000000e+02 9.212000000000000188e-01
1.260000000000000000e+02 9.216999999999999638e-01
1.270000000000000000e+02 9.205999999999999739e-01
1.280000000000000000e+02 9.211000000000000298e-01
1.290000000000000000e+02 9.219000000000000528e-01
1.300000000000000000e+02 9.222000000000000197e-01
1.310000000000000000e+02 9.225999999999999757e-01
1.320000000000000000e+02 9.222000000000000197e-01
1.330000000000000000e+02 9.219000000000000528e-01
1.340000000000000000e+02 9.221000000000000307e-01
1.350000000000000000e+02 9.220000000000000417e-01
1.360000000000000000e+02 9.239000000000000545e-01
1.370000000000000000e+02 9.219000000000000528e-01
1.380000000000000000e+02 9.220000000000000417e-01
1.390000000000000000e+02 9.223999999999999977e-01
1.400000000000000000e+02 9.230000000000000426e-01
1.410000000000000000e+02 9.219000000000000528e-01
1.420000000000000000e+02 9.226999999999999647e-01
1.430000000000000000e+02 9.227999999999999536e-01
1.440000000000000000e+02 9.233999999999999986e-01
1.450000000000000000e+02 9.227999999999999536e-01
1.460000000000000000e+02 9.233999999999999986e-01
1.470000000000000000e+02 9.224999999999999867e-01
1.480000000000000000e+02 9.233999999999999986e-01
1.490000000000000000e+02 9.223999999999999977e-01
1.500000000000000000e+02 9.227999999999999536e-01
1.510000000000000000e+02 9.224999999999999867e-01
1.520000000000000000e+02 9.224999999999999867e-01
1.530000000000000000e+02 9.229000000000000536e-01
1.540000000000000000e+02 9.207999999999999519e-01
1.550000000000000000e+02 9.224999999999999867e-01
1.560000000000000000e+02 9.231000000000000316e-01
1.570000000000000000e+02 9.229000000000000536e-01
1.580000000000000000e+02 9.221000000000000307e-01
1.590000000000000000e+02 9.221000000000000307e-01
1.600000000000000000e+02 9.227999999999999536e-01
1.610000000000000000e+02 9.235999999999999766e-01
1.620000000000000000e+02 9.232000000000000206e-01
1.630000000000000000e+02 9.234999999999999876e-01
1.640000000000000000e+02 9.224999999999999867e-01
1.650000000000000000e+02 9.229000000000000536e-01
1.660000000000000000e+02 9.231000000000000316e-01
1.670000000000000000e+02 9.229000000000000536e-01
1.680000000000000000e+02 9.236999999999999655e-01
1.690000000000000000e+02 9.230000000000000426e-01
1.700000000000000000e+02 9.231000000000000316e-01
1.710000000000000000e+02 9.233999999999999986e-01
1.720000000000000000e+02 9.235999999999999766e-01
1.730000000000000000e+02 9.247999999999999554e-01
1.740000000000000000e+02 9.254000000000000004e-01
1.750000000000000000e+02 9.233999999999999986e-01
1.760000000000000000e+02 9.246999999999999664e-01
1.770000000000000000e+02 9.231000000000000316e-01
1.780000000000000000e+02 9.233000000000000096e-01
1.790000000000000000e+02 9.224999999999999867e-01
1.800000000000000000e+02 9.239000000000000545e-01
1.810000000000000000e+02 9.223000000000000087e-01
1.820000000000000000e+02 9.220000000000000417e-01
1.830000000000000000e+02 9.240000000000000435e-01
1.840000000000000000e+02 9.226999999999999647e-01
1.850000000000000000e+02 9.226999999999999647e-01
1.860000000000000000e+02 9.233999999999999986e-01
1.870000000000000000e+02 9.245999999999999774e-01
1.880000000000000000e+02 9.249000000000000554e-01
1.890000000000000000e+02 9.236999999999999655e-01
1.900000000000000000e+02 9.226999999999999647e-01
1.910000000000000000e+02 9.246999999999999664e-01
1.920000000000000000e+02 9.251000000000000334e-01
1.930000000000000000e+02 9.230000000000000426e-01
1.940000000000000000e+02 9.234999999999999876e-01
1.950000000000000000e+02 9.227999999999999536e-01
1.960000000000000000e+02 9.240000000000000435e-01
1.970000000000000000e+02 9.222000000000000197e-01
1.980000000000000000e+02 9.244999999999999885e-01
1.990000000000000000e+02 9.244999999999999885e-01
2.000000000000000000e+02 9.233999999999999986e-01
