1.000000000000000000e+00 7.588000000000000300e-01
2.000000000000000000e+00 8.239999999999999547e-01
3.000000000000000000e+00 8.575000000000000400e-01
4.000000000000000000e+00 8.709000000000000075e-01
5.000000000000000000e+00 8.910000000000000142e-01
6.000000000000000000e+00 8.981000000000000094e-01
7.000000000000000000e+00 9.032000000000000028e-01
8.000000000000000000e+00 9.048000000000000487e-01
9.000000000000000000e+00 9.062999999999999945e-01
1.000000000000000000e+01 9.062999999999999945e-01
1.100000000000000000e+01 9.099000000000000421e-01
1.200000000000000000e+01 9.082999999999999963e-01
1.300000000000000000e+01 9.098000000000000531e-01
1.400000000000000000e+01 9.096999999999999531e-01
1.500000000000000000e+01 9.101000000000000201e-01
1.600000000000000000e+01 9.099000000000000421e-01
1.700000000000000000e+01 9.135999999999999677e-01
1.800000000000000000e+01 9.113999999999999879e-01
1.900000000000000000e+01 9.105999999999999650e-01
2.000000000000000000e+01 9.112000000000000099e-01
