1.000000000000000000e+00 2.049999999999999878e-01
2.000000000000000000e+00 2.736999999999999988e-01
3.000000000000000000e+00 2.687999999999999834e-01
4.000000000000000000e+00 3.240000000000000102e-01
5.000000000000000000e+00 3.886000000000000010e-01
6.000000000000000000e+00 3.962999999999999856e-01
7.000000000000000000e+00 3.729999999999999982e-01
8.000000000000000000e+00 4.687999999999999945e-01
9.000000000000000000e+00 4.954999999999999960e-01
1.000000000000000000e+01 4.753000000000000003e-01
1.100000000000000000e+01 5.434999999999999831e-01
1.200000000000000000e+01 5.283999999999999808e-01
1.300000000000000000e+01 6.000999999999999668e-01
1.400000000000000000e+01 5.879999999999999671e-01
1.500000000000000000e+01 6.117000000000000215e-01
1.600000000000000000e+01 6.320999999999999952e-01
1.700000000000000000e+01 6.469000000000000306e-01
1.800000000000000000e+01 6.582000000000000073e-01
1.900000000000000000e+01 6.562000000000000055e-01
2.000000000000000000e+01 6.720000000000000417e-01
2.100000000000000000e+01 6.897999999999999687e-01
2.200000000000000000e+01 6.605999999999999650e-01
2.300000000000000000e+01 6.988999999999999657e-01
2.400000000000000000e+01 7.432999999999999607e-01
2.500000000000000000e+01 6.945000000000000062e-01
2.600000000000000000e+01 7.399000000000000021e-01
2.700000000000000000e+01 7.560999999999999943e-01
2.800000000000000000e+01 7.225000000000000311e-01
2.900000000000000000e+01 7.589000000000000190e-01
3.000000000000000000e+01 7.583999999999999631e-01
3.100000000000000000e+01 7.920000000000000373e-01
3.200000000000000000e+01 7.728000000000000425e-01
3.300000000000000000e+01 7.862000000000000099e-01
3.400000000000000000e+01 7.743999999999999773e-01
3.500000000000000000e+01 8.022000000000000242e-01
3.600000000000000000e+01 8.070000000000000506e-01
3.700000000000000000e+01 7.780000000000000249e-01
3.800000000000000000e+01 8.112000000000000322e-01
3.900000000000000000e+01 7.939000000000000501e-01
4.000000000000000000e+01 8.116999999999999771e-01
4.100000000000000000e+01 8.054000000000000048e-01
4.200000000000000000e+01 8.146999999999999797e-01
4.300000000000000000e+01 8.135000000000000009e-01
4.400000000000000000e+01 8.242000000000000437e-01
4.500000000000000000e+01 8.095999999999999863e-01
4.600000000000000000e+01 8.148999999999999577e-01
4.700000000000000000e+01 8.236999999999999877e-01
4.800000000000000000e+01 8.163000000000000256e-01
4.900000000000000000e+01 8.326999999999999957e-01
5.000000000000000000e+01 8.440999999999999615e-01
5.100000000000000000e+01 8.211000000000000520e-01
5.200000000000000000e+01 8.339999999999999636e-01
5.300000000000000000e+01 8.510999999999999677e-01
5.400000000000000000e+01 8.437000000000000055e-01
5.500000000000000000e+01 8.390999999999999570e-01
5.600000000000000000e+01 8.434000000000000385e-01
5.700000000000000000e+01 8.427000000000000046e-01
5.800000000000000000e+01 8.511999999999999567e-01
5.900000000000000000e+01 8.537000000000000144e-01
6.000000000000000000e+01 8.524000000000000465e-01
6.100000000000000000e+01 8.540999999999999703e-01
6.200000000000000000e+01 8.596000000000000307e-01
6.300000000000000000e+01 8.598999999999999977e-01
6.400000000000000000e+01 8.547000000000000153e-01
6.500000000000000000e+01 8.629999999999999893e-01
6.600000000000000000e+01 8.517000000000000126e-01
6.700000000000000000e+01 8.606000000000000316e-01
6.800000000000000000e+01 8.551999999999999602e-01
6.900000000000000000e+01 8.627000000000000224e-01
7.000000000000000000e+01 8.491999999999999549e-01
7.100000000000000000e+01 8.662999999999999590e-01
7.200000000000000000e+01 8.496000000000000218e-01
7.300000000000000000e+01 8.702999999999999625e-01
7.400000000000000000e+01 8.617000000000000215e-01
7.500000000000000000e+01 8.641999999999999682e-01
7.600000000000000000e+01 8.627000000000000224e-01
7.700000000000000000e+01 8.619999999999999885e-01
7.800000000000000000e+01 8.739999999999999991e-01
7.900000000000000000e+01 8.692999999999999616e-01
8.000000000000000000e+01 8.739999999999999991e-01
8.100000000000000000e+01 8.728000000000000203e-01
8.200000000000000000e+01 8.760999999999999899e-01
8.300000000000000000e+01 8.725000000000000533e-01
8.400000000000000000e+01 8.731999999999999762e-01
8.500000000000000000e+01 8.762999999999999678e-01
8.600000000000000000e+01 8.742999999999999661e-01
8.700000000000000000e+01 8.733999999999999542e-01
8.800000000000000000e+01 8.715000000000000524e-01
8.900000000000000000e+01 8.779000000000000137e-01
9.000000000000000000e+01 8.749000000000000110e-01
9.100000000000000000e+01 8.790999999999999925e-01
9.200000000000000000e+01 8.797000000000000375e-01
9.300000000000000000e+01 8.733999999999999542e-01
9.400000000000000000e+01 8.820000000000000062e-01
9.500000000000000000e+01 8.837000000000000410e-01
9.600000000000000000e+01 8.790999999999999925e-01
9.700000000000000000e+01 8.807000000000000384e-01
9.800000000000000000e+01 8.849000000000000199e-01
9.900000000000000000e+01 8.827000000000000401e-01
1.000000000000000000e+02 8.847000000000000419e-01
1.010000000000000000e+02 8.842999999999999750e-01
1.020000000000000000e+02 8.862999999999999767e-01
1.030000000000000000e+02 8.878000000000000336e-01
1.040000000000000000e+02 8.863999999999999657e-01
1.050000000000000000e+02 8.852999999999999758e-01
1.060000000000000000e+02 8.874999999999999556e-01
1.070000000000000000e+02 8.843999999999999639e-01
1.080000000000000000e+02 8.888000000000000345e-01
1.090000000000000000e+02 8.921999999999999931e-01
1.100000000000000000e+02 8.925999999999999490e-01
1.110000000000000000e+02 8.903999999999999693e-01
1.120000000000000000e+02 8.908000000000000362e-01
1.130000000000000000e+02 8.854999999999999538e-01
1.140000000000000000e+02 8.848000000000000309e-01
1.150000000000000000e+02 8.933999999999999719e-01
1.160000000000000000e+02 8.910000000000000142e-01
1.170000000000000000e+02 8.934999999999999609e-01
1.180000000000000000e+02 8.935999999999999499e-01
1.190000000000000000e+02 8.921999999999999931e-01
1.200000000000000000e+02 8.935999999999999499e-01
1.210000000000000000e+02 8.955999999999999517e-01
1.220000000000000000e+02 8.964999999999999636e-01
1.230000000000000000e+02 8.932999999999999829e-01
1.240000000000000000e+02 8.930000000000000160e-01
1.250000000000000000e+02 8.970000000000000195e-01
1.260000000000000000e+02 8.931999999999999940e-01
1.270000000000000000e+02 8.921999999999999931e-01
1.280000000000000000e+02 8.935999999999999499e-01
1.290000000000000000e+02 8.967000000000000526e-01
1.300000000000000000e+02 8.911999999999999922e-01
1.310000000000000000e+02 8.940000000000000169e-01
1.320000000000000000e+02 8.983999999999999764e-01
1.330000000000000000e+02 8.943999999999999728e-01
1.340000000000000000e+02 8.978000000000000425e-01
1.350000000000000000e+02 8.945999999999999508e-01
1.360000000000000000e+02 8.961000000000000076e-01
1.370000000000000000e+02 8.960000000000000187e-01
1.380000000000000000e+02 8.944999999999999618e-01
1.390000000000000000e+02 8.958000000000000407e-01
1.400000000000000000e+02 8.983999999999999764e-01
1.410000000000000000e+02 8.995999999999999552e-01
1.420000000000000000e+02 8.958000000000000407e-01
1.430000000000000000e+02 8.948000000000000398e-01
1.440000000000000000e+02 8.972999999999999865e-01
1.450000000000000000e+02 9.010000000000000231e-01
1.460000000000000000e+02 8.942999999999999838e-01
1.470000000000000000e+02 9.013999999999999790e-01
1.480000000000000000e+02 8.993999999999999773e-01
1.490000000000000000e+02 8.972999999999999865e-01
1.500000000000000000e+02 9.004999999999999671e-01
1.510000000000000000e+02 8.991999999999999993e-01
1.520000000000000000e+02 8.869000000000000217e-01
1.530000000000000000e+02 8.990000000000000213e-01
1.540000000000000000e+02 9.023999999999999799e-01
1.550000000000000000e+02 9.022000000000000020e-01
1.560000000000000000e+02 9.002000000000000002e-01
1.570000000000000000e+02 9.009000000000000341e-01
1.580000000000000000e+02 9.000000000000000222e-01
1.590000000000000000e+02 9.014999999999999680e-01
1.600000000000000000e+02 8.983999999999999764e-01
1.610000000000000000e+02 9.025999999999999579e-01
1.620000000000000000e+02 8.951000000000000068e-01
1.630000000000000000e+02 9.012000000000000011e-01
1.640000000000000000e+02 8.995999999999999552e-01
1.650000000000000000e+02 9.042000000000000037e-01
1.660000000000000000e+02 9.031000000000000139e-01
1.670000000000000000e+02 8.997000000000000552e-01
1.680000000000000000e+02 9.030000000000000249e-01
1.690000000000000000e+02 9.052000000000000046e-01
1.700000000000000000e+02 9.009000000000000341e-01
1.710000000000000000e+02 9.032000000000000028e-01
1.720000000000000000e+02 9.072000000000000064e-01
1.730000000000000000e+02 9.046999999999999487e-01
1.740000000000000000e+02 9.053999999999999826e-01
1.750000000000000000e+02 9.060000000000000275e-01
1.760000000000000000e+02 9.051000000000000156e-01
1.770000000000000000e+02 9.066999999999999504e-01
1.780000000000000000e+02 9.010000000000000231e-01
1.790000000000000000e+02 9.068000000000000504e-01
1.800000000000000000e+02 9.055999999999999606e-01
1.810000000000000000e+02 9.059000000000000385e-01
1.820000000000000000e+02 9.035999999999999588e-01
1.830000000000000000e+02 9.022000000000000020e-01
1.840000000000000000e+02 9.050000000000000266e-01
1.850000000000000000e+02 9.012999999999999901e-01
1.860000000000000000e+02 9.061000000000000165e-01
1.870000000000000000e+02 9.046999999999999487e-01
1.880000000000000000e+02 9.053999999999999826e-01
1.890000000000000000e+02 9.052000000000000046e-01
1.900000000000000000e+02 9.045999999999999597e-01
1.910000000000000000e+02 9.069000000000000394e-01
1.920000000000000000e+02 9.082000000000000073e-01
1.930000000000000000e+02 9.070000000000000284e-01
1.940000000000000000e+02 9.075999999999999623e-01
1.950000000000000000e+02 9.083999999999999853e-01
1.960000000000000000e+02 9.045999999999999597e-01
1.970000000000000000e+02 9.046999999999999487e-01
1.980000000000000000e+02 9.060000000000000275e-01
1.990000000000000000e+02 9.064999999999999725e-01
2.000000000000000000e+02 9.032999999999999918e-01
