1.000000000000000000e+00 2.212000000000000077e-01
2.000000000000000000e+00 2.736999999999999988e-01
3.000000000000000000e+00 2.695000000000000173e-01
4.000000000000000000e+00 3.305000000000000160e-01
5.000000000000000000e+00 3.912999999999999812e-01
6.000000000000000000e+00 3.955000000000000182e-01
7.000000000000000000e+00 3.548000000000000043e-01
8.000000000000000000e+00 4.637000000000000011e-01
9.000000000000000000e+00 4.904000000000000026e-01
1.000000000000000000e+01 4.828999999999999959e-01
1.100000000000000000e+01 5.356999999999999540e-01
1.200000000000000000e+01 5.400000000000000355e-01
1.300000000000000000e+01 6.025000000000000355e-01
1.400000000000000000e+01 6.404999999999999583e-01
1.500000000000000000e+01 5.954000000000000403e-01
1.600000000000000000e+01 6.471999999999999975e-01
1.700000000000000000e+01 6.321999999999999842e-01
1.800000000000000000e+01 6.562999999999999945e-01
1.900000000000000000e+01 6.774999999999999911e-01
2.000000000000000000e+01 6.852000000000000313e-01
2.100000000000000000e+01 6.896999999999999797e-01
2.200000000000000000e+01 6.680000000000000382e-01
2.300000000000000000e+01 7.063000000000000389e-01
2.400000000000000000e+01 7.549000000000000155e-01
2.500000000000000000e+01 7.149999999999999689e-01
2.600000000000000000e+01 7.559000000000000163e-01
2.700000000000000000e+01 7.691000000000000059e-01
2.800000000000000000e+01 7.237000000000000099e-01
2.900000000000000000e+01 7.729000000000000314e-01
3.000000000000000000e+01 7.672999999999999821e-01
3.100000000000000000e+01 7.939000000000000501e-01
3.200000000000000000e+01 7.866999999999999549e-01
3.300000000000000000e+01 8.011000000000000343e-01
3.400000000000000000e+01 7.934999999999999831e-01
3.500000000000000000e+01 8.088999999999999524e-01
3.600000000000000000e+01 8.116999999999999771e-01
3.700000000000000000e+01 7.973000000000000087e-01
3.800000000000000000e+01 8.158999999999999586e-01
3.900000000000000000e+01 8.091000000000000414e-01
4.000000000000000000e+01 8.188999999999999613e-01
4.100000000000000000e+01 8.152000000000000357e-01
4.200000000000000000e+01 8.342000000000000526e-01
4.300000000000000000e+01 8.260999999999999455e-01
4.400000000000000000e+01 8.380999999999999561e-01
4.500000000000000000e+01 8.319999999999999618e-01
4.600000000000000000e+01 8.239999999999999547e-01
4.700000000000000000e+01 8.454000000000000403e-01
4.800000000000000000e+01 8.266999999999999904e-01
4.900000000000000000e+01 8.504000000000000448e-01
5.000000000000000000e+01 8.468999999999999861e-01
5.100000000000000000e+01 8.322000000000000508e-01
5.200000000000000000e+01 8.495000000000000329e-01
5.300000000000000000e+01 8.584000000000000519e-01
5.400000000000000000e+01 8.502999999999999448e-01
5.500000000000000000e+01 8.570999999999999730e-01
5.600000000000000000e+01 8.578999999999999959e-01
5.700000000000000000e+01 8.620999999999999774e-01
5.800000000000000000e+01 8.605000000000000426e-01
5.900000000000000000e+01 8.688000000000000167e-01
6.000000000000000000e+01 8.608999999999999986e-01
6.100000000000000000e+01 8.633999999999999453e-01
6.200000000000000000e+01 8.618000000000000105e-01
6.300000000000000000e+01 8.770000000000000018e-01
6.400000000000000000e+01 8.689999999999999947e-01
6.500000000000000000e+01 8.679000000000000048e-01
6.600000000000000000e+01 8.626000000000000334e-01
6.700000000000000000e+01 8.677000000000000268e-01
6.800000000000000000e+01 8.655000000000000471e-01
6.900000000000000000e+01 8.769000000000000128e-01
7.000000000000000000e+01 8.619999999999999885e-01
7.100000000000000000e+01 8.794999999999999485e-01
7.200000000000000000e+01 8.703999999999999515e-01
7.300000000000000000e+01 8.797000000000000375e-01
7.400000000000000000e+01 8.787000000000000366e-01
7.500000000000000000e+01 8.776000000000000467e-01
7.600000000000000000e+01 8.777000000000000357e-01
7.700000000000000000e+01 8.816000000000000503e-01
7.800000000000000000e+01 8.800999999999999934e-01
7.900000000000000000e+01 8.763999999999999568e-01
8.000000000000000000e+01 8.874999999999999556e-01
8.100000000000000000e+01 8.891999999999999904e-01
8.200000000000000000e+01 8.880000000000000115e-01
8.300000000000000000e+01 8.866000000000000547e-01
8.400000000000000000e+01 8.836000000000000520e-01
8.500000000000000000e+01 8.854999999999999538e-01
8.600000000000000000e+01 8.879000000000000226e-01
8.700000000000000000e+01 8.901000000000000023e-01
8.800000000000000000e+01 8.881999999999999895e-01
8.900000000000000000e+01 8.918000000000000371e-01
9.000000000000000000e+01 8.868000000000000327e-01
9.100000000000000000e+01 8.889000000000000234e-01
9.200000000000000000e+01 8.894999999999999574e-01
9.300000000000000000e+01 8.873999999999999666e-01
9.400000000000000000e+01 8.941999999999999948e-01
9.500000000000000000e+01 8.942999999999999838e-01
9.600000000000000000e+01 8.968000000000000416e-01
9.700000000000000000e+01 8.913999999999999702e-01
9.800000000000000000e+01 8.951999999999999957e-01
9.900000000000000000e+01 8.943999999999999728e-01
1.000000000000000000e+02 8.929000000000000270e-01
1.010000000000000000e+02 8.978000000000000425e-01
1.020000000000000000e+02 8.959000000000000297e-01
1.030000000000000000e+02 8.957000000000000517e-01
1.040000000000000000e+02 8.940000000000000169e-01
1.050000000000000000e+02 9.010000000000000231e-01
1.060000000000000000e+02 8.941000000000000059e-01
1.070000000000000000e+02 8.998000000000000442e-01
1.080000000000000000e+02 8.975999999999999535e-01
1.090000000000000000e+02 9.041000000000000147e-01
1.100000000000000000e+02 8.985999999999999543e-01
1.110000000000000000e+02 8.995999999999999552e-01
1.120000000000000000e+02 8.983999999999999764e-01
1.130000000000000000e+02 8.975999999999999535e-01
1.140000000000000000e+02 8.947000000000000508e-01
1.150000000000000000e+02 9.046999999999999487e-01
1.160000000000000000e+02 8.969000000000000306e-01
1.170000000000000000e+02 8.974999999999999645e-01
1.180000000000000000e+02 9.023999999999999799e-01
1.190000000000000000e+02 9.009000000000000341e-01
1.200000000000000000e+02 9.043999999999999817e-01
1.210000000000000000e+02 9.038000000000000478e-01
1.220000000000000000e+02 8.999000000000000332e-01
1.230000000000000000e+02 9.022000000000000020e-01
1.240000000000000000e+02 9.014999999999999680e-01
1.250000000000000000e+02 9.062000000000000055e-01
1.260000000000000000e+02 9.015999999999999570e-01
1.270000000000000000e+02 9.045999999999999597e-01
1.280000000000000000e+02 9.022000000000000020e-01
1.290000000000000000e+02 9.031000000000000139e-01
1.300000000000000000e+02 9.042999999999999927e-01
1.310000000000000000e+02 9.040000000000000258e-01
1.320000000000000000e+02 9.066999999999999504e-01
1.330000000000000000e+02 9.054999999999999716e-01
1.340000000000000000e+02 9.053999999999999826e-01
1.350000000000000000e+02 9.061000000000000165e-01
1.360000000000000000e+02 9.069000000000000394e-01
1.370000000000000000e+02 9.094999999999999751e-01
1.380000000000000000e+02 9.051000000000000156e-01
1.390000000000000000e+02 9.014999999999999680e-01
1.400000000000000000e+02 9.058000000000000496e-01
1.410000000000000000e+02 9.073999999999999844e-01
1.420000000000000000e+02 9.042000000000000037e-01
1.430000000000000000e+02 9.043999999999999817e-01
1.440000000000000000e+02 9.063999999999999835e-01
1.450000000000000000e+02 9.060000000000000275e-01
1.460000000000000000e+02 9.035999999999999588e-01
1.470000000000000000e+02 9.071000000000000174e-01
1.480000000000000000e+02 9.071000000000000174e-01
1.490000000000000000e+02 9.052000000000000046e-01
1.500000000000000000e+02 9.084999999999999742e-01
1.510000000000000000e+02 9.082999999999999963e-01
1.520000000000000000e+02 9.108000000000000540e-01
1.530000000000000000e+02 9.096999999999999531e-01
1.540000000000000000e+02 9.102000000000000091e-01
1.550000000000000000e+02 9.102999999999999980e-01
1.560000000000000000e+02 9.109000000000000430e-01
1.570000000000000000e+02 9.072999999999999954e-01
1.580000000000000000e+02 9.084999999999999742e-01
1.590000000000000000e+02 9.082000000000000073e-01
1.600000000000000000e+02 9.081000000000000183e-01
1.610000000000000000e+02 9.081000000000000183e-01
1.620000000000000000e+02 9.105999999999999650e-01
1.630000000000000000e+02 9.068000000000000504e-01
1.640000000000000000e+02 9.086999999999999522e-01
1.650000000000000000e+02 9.127999999999999448e-01
1.660000000000000000e+02 9.088000000000000522e-01
1.670000000000000000e+02 9.119000000000000439e-01
1.680000000000000000e+02 9.124999999999999778e-01
1.690000000000000000e+02 9.116999999999999549e-01
1.700000000000000000e+02 9.096999999999999531e-01
1.710000000000000000e+02 9.094999999999999751e-01
1.720000000000000000e+02 9.143000000000000016e-01
1.730000000000000000e+02 9.116999999999999549e-01
1.740000000000000000e+02 9.133000000000000007e-01
1.750000000000000000e+02 9.156999999999999584e-01
1.760000000000000000e+02 9.115999999999999659e-01
1.770000000000000000e+02 9.115999999999999659e-01
1.780000000000000000e+02 9.119000000000000439e-01
1.790000000000000000e+02 9.101000000000000201e-01
1.800000000000000000e+02 9.100000000000000311e-01
1.810000000000000000e+02 9.111000000000000210e-01
1.820000000000000000e+02 9.096999999999999531e-01
1.830000000000000000e+02 9.112000000000000099e-01
1.840000000000000000e+02 9.111000000000000210e-01
1.850000000000000000e+02 9.137999999999999456e-01
1.860000000000000000e+02 9.113999999999999879e-01
1.870000000000000000e+02 9.125999999999999668e-01
1.880000000000000000e+02 9.114999999999999769e-01
1.890000000000000000e+02 9.137999999999999456e-01
1.900000000000000000e+02 9.121000000000000218e-01
1.910000000000000000e+02 9.140000000000000346e-01
1.920000000000000000e+02 9.136999999999999567e-01
1.930000000000000000e+02 9.118000000000000549e-01
1.940000000000000000e+02 9.149000000000000465e-01
1.950000000000000000e+02 9.147999999999999465e-01
1.960000000000000000e+02 9.161000000000000254e-01
1.970000000000000000e+02 9.142000000000000126e-01
1.980000000000000000e+02 9.157999999999999474e-01
1.990000000000000000e+02 9.133000000000000007e-01
2.000000000000000000e+02 9.121000000000000218e-01
