561.7914085831447
3925.3590744201547
279.9713024217832
537.9732192000347
4082.446906071041
15112.78381845369
8993.799988506196
4412.55286810174
4955.9453114131475
6969.888848078904
5767.386802596338
1313.0324577207714
278.34345751481845
9367.337710986942
1402.081043382334
8946.546658678582
2587.4092445560173
1076.2073782490547
23664.627040177038
835.4894864558485
12492.170052631232
12031.344081058221
5997.2673337893
109.2973896793776
2157.7672649611386
16492.86519740854
3155.1014564185953
2557.104432128722
31993.84949642269
447.77717941291104
1178.0113316542706
1033.100281214937
15727.884894702529
2646.9168916818617
8396.017196142944
494.6765851712654
14289.95650076888
1312.7902400278253
144.8812438997772
21496.67145071983
5189.8186452412
3.6165382964476955
997.5530413012024
6491.21497010126
13418.245416768988
1842.9203421835662
12839.886827745155
8993.856493130625
9683.903355351978
9833.024286709773
647.6263997086033
4253.967634681279
3094.197761314652
14356.041137503027
25224.119997372243
6706.094398861988
160.01838809135367
6749.482581189345
7811.992106408061
11699.903076920682
3346.510269837697
15195.85733937215
21272.785284903734
3856.8952722658314
5659.649977065901
1464.4018441467865
4117.518789991828
6392.3561560228845
7044.334726718666
1911.8906656763406
7275.6140366713025
7419.100671726652
13514.354205705435
14356.088073906883
3181.752324297089
2528.4817854192834
280.5146926429601
9091.391502547762
4865.762653603695
15296.584336743299
3136.8844364403035
15231.390707472601
38.477200649087024
20795.768140262775
1733.1468567938573
4709.933852837124
822.3813817940911
3281.7596753558078
8945.520827867056
4332.278374291125
10726.141214257423
269.90127426953023
3735.573108721048
3164.2777211532557
4209.949517845529
349.98776240884337
6970.659663569445
3979.746747265756
4808.986319134677
2464.1759856493786
1539.7814876831897
1530.3257314485754
823.9108933058575
16719.040032174078
1202.9208938190757
4172.086352001978
5672.3510045325675
18146.85512622854
4674.203066957198
6059.798919356963
11301.237431140782
13345.340996327386
3405.0949804004417
2583.129417194851
3519.4606680913103
6977.529690595448
8642.361197187216
3763.9454123440096
1452.7885128873909
15565.889977726054
755.9176857019341
14251.84050580413
3121.139404381674
3605.4305122480664
14968.777845563018
8495.535409321325
18609.71906613563
5390.220390496879
3158.6884286882
1338.9868595604382
3770.128747038595
7387.042544262337
16448.710697833627
22830.536645603843
8127.720968980306
2044.945245914761
1083.0540405392987
1223.996697575779
7031.911316673274
761.7663932340715
20005.83664317314
10418.876023732275
14770.51686467134
19113.538512523563
2111.064548486771
752.9767891194911
15777.67297881615
6328.480698115666
242.96281069622455
2409.6159454092012
7586.129464499911
6254.823906753292
5383.723871502014
3034.092260810824
10161.41240007482
1574.0018279653768
2009.758079994377
4408.919029799034
2502.812447696199
7686.956928252715
347.9392370842565
3738.88381151142
13471.853253728765
78.78036366464451
1879.0576318761305
6424.005253553425
5329.267683249572
1672.3405122864897
13509.437394413395
4830.274114211846
4700.61319981842
1407.5115635218724
7036.523962732371
4742.84788360092
2333.0502962646265
1882.7028809654112
3322.3160802765574
3960.8387352618324
11181.470195711534
3387.595776348525
1702.7191536910186
3519.441531110415
5990.2846790141075
1724.229721955301
683.6481204350571
719.3411475422038
2778.5152257001473
583.006878304959
755.25369874031
2277.43874298454
553.2859614277353
1687.5817195264988
18676.17551931775
25434.08999047318
948.7735257938016
2503.9391296706226
1048.9567749635978
125.28541631811517
2360.0536900148695
7956.638118387061
4686.948164835364
1592.292465006959
3411.8290885910924
10060.400038262113
11615.208489433926
7722.486482100391
4291.628466160987
612.7636095644959
5496.691681052605
516.7924826103438
313.2428609680913
6105.009694186686
18639.007720457914
4311.524980846795
1640.5034458925172
8317.645580036267
3164.3766021148795
12742.064958195691
2096.3700116255704
12193.53744823505
2382.5525644903096
1982.099012073054
1599.557325811246
3579.9637473716725
10009.55204405871
1206.0883146467906
7465.505858911955
1989.4627093948793
1053.207937737188
1666.8483840325546
4993.931406780771
2053.1725393279307
3607.6704823043347
1198.009840335558
11315.267342934816
1268.430534867245
4459.20584888746
7183.379004890686
26877.747253424634
10686.702708296742
