87170.0445680835
54281.976575786626
190306.71493550297
196801.3152384893
93023.82146870399
41060.739751846515
79391.78166023422
92201.51425908589
11583.841255893216
22843.10350182117
58690.642080761856
182190.2705102446
287557.94066957827
17056.39801896333
392421.71192124014
9112.991208680758
62307.60623603328
406251.90011150023
259624.01577222548
19951.34743544283
158623.04691730932
1255.269085136004
116890.57738842569
48612.10276566742
143264.439563841
243317.7954302945
99592.12119288936
84901.39777221279
415578.4813311332
513736.3512854694
93893.84522145621
34579.70252117998
230364.08356971788
29703.64034949268
66918.73518541413
94415.70003067306
23389.088381180183
4848.074739606203
365629.2780381558
14544.79546475317
85765.1995769424
131090.92149922173
101874.61181531542
457389.60869690526
32045.08193247859
409828.16603669187
27952.15484983433
78558.69008481078
600768.4612585973
92772.71678245006
2061.4713830375777
218498.65766411406
220.57764186059114
68123.44240807074
256193.27680811763
237317.9266799696
209933.64874316732
23053.87517648124
3013.810482177224
29201.647332346867
8588.36762214702
54553.6750691057
206767.89434314257
108818.53356127218
61907.16688916278
142826.31762757347
95138.10562166385
92688.70183860719
8591.90415924758
24529.803808092223
30880.791797945538
47981.42151245015
