518327.555122912
1482254.4299327803
360192.70308134344
13513.098886986372
110904.51385888299
323673.85981648474
603421.0673213953
1301666.599783123
941084.8926191488
249139.79643658266
382776.00122518686
771143.9978292634
733559.2081004105
1763.6049638866875
26382.115084111403
148645.5972417175
433519.2597217564
289703.7619034392
398699.91499731195
991905.1796221001
208299.08426330576
821776.580280273
372767.06574769964
228019.3379527508
550913.9951783211
55126.17599422235
468517.4854242958
317844.35425136914
1470986.848674979
72677.1074873186
310068.1542496782
771067.3901625335
355304.8684049265
756743.6961905375
158261.93142361127
12535.66124825047
681445.9090598283
143933.118716069
561626.8916160398
210224.40086052657
642801.5839463365
445785.2612276296
151105.95330752723
197866.625168741
223237.57630691773
149352.3721031034
696257.4725394552
54560.44190913211
645876.8208000697
825672.2368293258
634659.7750374478
52246.706125020944
753377.778707952
439172.58008190553
1068081.8183203957
829478.1839653533
5372.975631600689
277032.2162025323
149213.38994945918
30531.055782409374
34010.49720413468
389196.32834343094
28504.01720589505
85637.11407574938
1440875.7906735481
51320.75824251577
466118.5153292702
279066.4635692966
176939.55752007937
172012.43642881775
717229.157487296
321576.8866679699
