24.736562671704057
0.8102441642369632
20.211830363929028
75.69362045932938
12196.839334441436
34565.89428550539
23326.385673164496
24673.807474398614
41853.26457470767
7878.208841272852
2786.9967325045277
55.19124292052106
25260.45351069677
5317.264989843743
4368.848311180669
33.511837134522054
27818.412003623795
7866.47182750412
6516.845505815695
25970.686598121494
21878.711214592175
96.18726917265441
7396.138291764145
11656.297682077475
1674.2858884167588
10117.68169338909
12412.755911104918
8285.984046064397
3800.8603653637942
8025.802009216597
3551.109331151756
10.993035058623972
17727.51970988129
45.98332320652759
14744.662384521687
68.09172195516354
4660.245161539865
6713.202487060623
4.631230500049932
1006.3707121364371
17579.975507479678
11568.905372323848
22084.575355560002
6973.370896278414
5449.378634991531
23667.70601444712
19.97996741737809
43.37326825892008
16343.81434814512
4924.94608996938
1736.7719137520485
46557.07950783699
7678.783335989521
8093.458139681718
49.555456724302296
7269.242252388881
11900.366536574791
10964.039475830556
53248.03753541488
62.01933951055985
60679.47065202936
72.87019981357214
6653.403016714894
10377.33716472957
101.90088501163451
9.133192298649735
25697.80849626597
9185.83519316548
21.286624206985355
69.2270982949684
0.1844219467006551
18856.16693113604
