32.350867520694266
110.26244332144627
56.32496419738114
38.18168989498925
51.431776296725566
21.760489699547218
2.3162088451659746
33.44057681536012
1147.6679322146279
19.87317068004454
20.266811140771438
66.94822441300046
805.9358542941085
92.81728991455128
12.127615880090167
17.06061894664472
104.60686736423662
247.8646280029282
14.168424507122236
27.57046778847492
52.22311723206733
15.453946200320926
1196.966474438387
4736.070693536016
122.20167097407897
1819.765032376308
11.030356674455772
3.6080523332135193
177.21716633661634
157.98273688685705
46.19637673844859
13.047338873352675
1.9428490681708652
17.426505936832676
167.81452333513343
255.51169489230426
41.06644072320786
294.75483908248685
9.981329461808683
814.2716595323288
111.98387698403165
390.95416392352104
8.76496163909886
16.57085689388647
852.9170227380984
9.342084540821306
1.1135555522734975
354.5330893543865
1334.6028697299187
51.407351107950255
20.85375903698417
7.554224345613753
651.3087637319675
30.83043881077859
134.77310304242081
51.57993881315971
12.482995946188236
0.08612330884358192
40.30262464747181
2.6785787378785386
137.63159549792692
122.2953598270289
169.07137960920414
18.261542517283825
13.19995862962935
121.02647235786331
2375.3017902225292
60.35344856837043
22.279576373802893
182.92650564255806
685.2348198449035
123.25558223491193
