35.911269552247695
122.02568138696003
63.26754745834371
1725.703549504681
162.57451153669766
153.20836069360192
3.8678919716806353
23.60099774518481
119.07403167945287
51.3668249739389
6702.519183408835
29.41649407411951
99.3312481784388
19499.601406739213
14.391840645051591
9813.125643071919
121.62224977291312
6.047832033744005
440.69563145315
179.2725958376581
106.87528229419674
546.9629410140724
143.81023759388793
3424.6996489158996
16.098057145327818
351.48539958046024
1680.493085136485
21.631039889685816
1498.3245153296266
10106.658078261526
141.51527710780562
14261.805246401158
139.21992482166593
81.19618277989797
115.19758897018146
29.455581727142
5204.52876678395
20.47907179103954
322.46140601324595
85.45616854956477
118.40749716089273
153.4707122057587
5721.9320316821995
58.02668896996651
5538.657176101159
7044.021389084901
11.367594005116915
10639.54196346727
22.15570813178324
0.062497747763341924
193.05273118027017
14682.28967237077
8629.087769056892
1.4675507410333632
61.60886069048135
307.11233629935236
14912.540845426454
15.682213456663343
76.33138750075695
496.78472378502613
410.49410605576855
23486.143555825773
59.284942925413205
59.925060411430636
120.5326812107874
179.43171549638515
175.73494534825684
132.00158521071336
67.62455955431376
108.25752602014776
2019.4103664429474
159.53789336931797
152.1288071455465
24.392971863389356
44.745548215756685
17817.63567226455
233.29763635438138
57.528094716248724
143.6425724356951
143.8897655547068
106.23649534772707
36.27874130881502
193.90303634119067
1213.3454264788788
669.8955872417031
149.8867631252167
34.698187842337475
19349.016597454785
26.514187094727944
205.84627544997664
2304.45549037932
295.82200537634634
23439.844864260813
37601.43782521376
8.172675668172074
160.40655089953117
73.30157664147812
107.747577152666
1616.698262522865
41.15682813212641
129.03855751902316
3.7783252776883725
2.693637375215275
234.4234953250685
2691.735970326714
91.7416967378921
5132.400054944959
13064.968288670105
96.54573466686617
83.53149252062016
130.18462835314122
6669.335569929768
12536.887162061885
206.84684174573513
1.6379689497977348
2485.034694775769
58.712101865458955
30887.365957411625
10687.212469659642
49.3069138903932
10907.642555498605
27.09169891531518
97.96940935284448
102.4485482303862
7721.776491590889
211.62681064234525
106.57130884720334
72.52249046256917
16.919505652477575
44.51885367242945
159.20179846953724
29.19595344010177
171.7642404003802
18.408203301601755
151.6791980102017
6.576338673049412
80.12706445633825
9.235278215534489
172.03602757806115
166.4502945122009
129.84567141964624
102.80471242486011
101.07803938233113
12514.183863002365
48.25200624652034
43.16482568098955
63.510144387064884
12.83249955354636
2.4250364718125867
52.435482033492846
17.80601421290793
172.60638233384535
12928.054420700488
153.41090297920806
2320.1081208319038
12.872760297802387
3019.9949005301046
49.4099612128946
154.54474107244053
69.6650663374801
64.49494957390152
109.8827011628867
60.03893973678676
230.75605127153128
101.7471021428663
8949.800943660075
6238.9717438819935
203.39087045402147
206.49614739929032
51.712249976044525
7.649227108302091
9363.492678446852
2130.170407891829
58.384044019481834
146.45589949409816
20.583557682490543
35567.470693311945
188.63787159205177
19000.265721532956
41.99048755958901
234.8062697819389
41.42668168512817
49.22168196246422
146.55003185459182
84.82066283955801
67.89049100212796
87.17257403279281
4845.043544742625
3.993290477352153
96.7217077187335
197.87430882811532
4400.841275976389
16.617992071388862
592.4077966878116
0.3308189984975103
118.66252510774044
66.55927302413771
206.45880078755167
57.06349425742053
23951.848428131245
31.757616564573837
8.229273725158759
181.32209971412507
23616.06514454599
57.50740857242525
74.43004529041039
226.26312650175652
242.65305159537223
59.21797672836781
8.446102075629138
536.6759100691434
21950.323123141025
8960.86792998693
115.32729062362753
307.0576499051062
66.49695016005008
9387.424912546725
10.249994575451142
1570.1115122875685
125.03260784880094
10683.57094773976
73.29358555695676
229.1025426920191
30.003057291494827
68.09049327604986
327.2912630170677
2225.747736356154
110.0567122581495
48.60713366891185
174.76138335006408
39.874493390702014
35.856453307251634
201.20785176413838
5.45435331438216
5.937672964275315
1.76483607482216
3179.665305353214
144.2092368465066
52.71716918776616
118.18809018732736
229.75496072752622
132.776797602345
5386.832037941095
49.76471569121423
179.68487973387545
66.26084429153158
0.005347414259017945
27964.168165316798
32.95618924052409
61.151652772172184
78.06726058128585
263.52418604905387
40753.08985311451
31.097609121650756
48.56305524737618
36.63178853029374
99.87022760190577
6.250086948666285
111.74406333104635
76.68784184223293
9.672697553524067
49.454086095210585
87.17168050044523
92.08977000470227
20.839867059372523
35279.44105443329
40.581338292693886
25440.68402855275
0.6383708271122471
0.09905259686438575
58.132685646527236
16.4715918563327
320.4950199448058
8920.591797929099
70.83522965571933
40.871148395323324
52.41051079788792
20211.001214392985
169.05725348479723
126.92119503502741
61.81167207402918
164.38552024818046
120.9576510322295
31.70684360221118
25137.538111802438
142.0825891688815
150.69904840282314
173.85350604899253
145.51479442501144
102.31242364313775
213.9992790612596
18.183072608855436
14799.055433824144
3932.052538084315
127.51259661192985
3969.726637679635
13.24139315057335
16.083650900205114
22.340386782744165
44.66806641535207
18627.016517060998
22612.15491500643
2672.4920791992504
80.81283913193094
42.15056596022903
157.60208763769342
30.919676174373933
190.6960234833804
16953.619098412193
22741.57584777717
47.78779252750474
19.04685130387401
63.231017556446595
7486.550703370437
148.98379884599416
59.88761600596662
23.735813532177602
12705.06280557232
404.5677791146866
13180.340383323388
3105.463666933959
9.903982809626637
18768.44168658737
414.8252711499895
116.86702953682685
39.80520093507588
128.54627131482536
1184.7398689348643
214.51069361361633
151.59062015063247
179.78463076407837
390.08879216702064
263.9393035674299
304.3906274000296
14.040642021356419
186.95589761067703
127.70123804409275
233.185668281265
175.50950716546367
31.694665562334176
58.97916621592899
151.80501647568
10054.03652228298
67.65791690589606
49.61509880401328
58.366433452554745
20.862035691348783
202.03383344865105
649.4683748920546
148.61758317771904
203.4816025020715
295.92186036427603
9139.50127084077
17.39307744592695
51948.92332844204
76.12591138324774
34.67048692789879
11.479640377030933
389.98521937817037
10012.29947492271
26.04501185968069
71.06138182765854
14805.163757101613
12.344832798218327
23.0481718030157
48.29618115620354
229.15475315106235
17923.16459975976
83.08800177004287
242.7933824128921
7895.704747619962
144.10910025086264
404.8971104247672
128.94806060109315
59.113173129052214
10469.880632388611
10471.438342958512
88.59871137761472
2452.436312132014
10755.812510301415
27.64579476249983
336.95153734559716
9.6175239377751
40.47920944210109
34281.371120364274
242.13731313381743
9.496098877388704
106.02017378966394
41.14759996133402
62.17905452317422
14.291168162887404
38.57322651037138
98.5157688140415
98.51447882609611
6.358666530350854
88.3131227793837
12005.17197343449
21.37088793069612
51593.65619086263
1.303084053475457
21116.065662826826
152.13932843122356
71.7874608646852
20.881722657098596
86.65088067790384
4745.263013428011
6686.617398770589
310.46284517001294
49.33805032198122
53.344202026904966
122.90140413194534
14.634639430413275
11776.903183454047
229.27584679506023
108.66840680908034
6.886395072619109
117.37171325265965
89.95665243649246
1.8689954572642558
13948.107228023862
4.256522973593246
31.84573836004764
49717.3376939138
25.240487599894188
76.44508410667146
310.6049333228747
62.196719795696964
28.600482273625715
39.64184256258265
33.733919978786545
120.02985428503678
14338.13282680762
6624.740532344257
62.38315560855114
48.29387614166054
11.319808417955363
79.66759459858804
167.52424072254476
25.856609840202704
85.16447840865064
8461.802598726785
195.15987730182093
76.6850215938037
40.04026431172505
66.18759557473835
22.10128195038732
34.60728563900406
11365.34731600878
743.7530276378963
43.95087561279316
101.64214221276825
8.838753372553523
49.011990306052375
61.21193471440554
10.365506046134424
11106.609594989202
240.02312683644286
29.392057798388134
240.85237242733277
154.8511783498599
21.449397228584985
3738.4749003873294
27.085605562819193
221.78472339340144
12.76335234202117
3261.68219357717
5082.970042407194
125.48099903265864
6552.957071282344
65.2779860270326
73.7275103618108
110.00264661860152
208.31970292351312
53.31294105265366
89.76491893470339
57.36016152827436
179.3275544532854
66.80525409568993
6441.742185022057
138.1273591212339
2.9304358344046064
130.52082275290397
54.96136581008775
14146.32643770507
6948.936410641145
138.498929516161
6852.489883268754
2797.809419401101
8956.720346745438
83.9525751836707
2934.040836560721
159.60644509845793
91.14404950563105
143.1435748401301
86.37021081616383
48.78712375212412
236.6104489652986
140.21920614286734
145.4675695063946
6493.384071787023
41784.8502603549
48.93455058687177
52557.84779651414
37.822111965239664
19.28591179759229
87.86753579577118
11942.397181060192
108.58597570328405
324.0317719278885
233.33132498209082
52.45717184179037
5489.131336164176
36.42939536282658
80.616992398599
6868.673490247654
80.52033222050297
64.69303356462697
5.362277401388209
99.38957703471159
21.173079190577514
213.12896210697167
58.36634064535442
2205.4413106186457
2701.1865669364533
62.882196933763986
192.85887420876426
42.1312957981207
270.18643493362254
132.51296148254917
18731.461735318902
52.39568097502943
11448.68665002938
67.98869906413543
17.774353784094185
10797.89285396186
5464.775496608117
67.4488167086697
8.513885211173552
3034.0822208534278
17330.765912373674
610.2149571557301
91.17737492432899
682.3227184732305
3603.2087215632605
1709.0912408418483
198.9775587468416
31011.41692714608
7.41860714544358
14717.645345334879
81.43444357328195
16781.04225170973
22.58803320082656
33.979757880174375
203.65264230317305
2800.516575590149
74.95109646276902
7151.500653027856
48.57794639025669
167.44552444389
263.57992642834785
248.3944006940836
4432.0312992515655
283.67359808785875
63.208842906983726
18003.82062215043
4074.832543476022
102.02762566134335
48.65952233597504
3820.9872783543856
15682.075028845273
23922.517353163475
128.17228774597726
150.36029080711108
5369.451637038104
2.2063676982137386
34.867962099448015
97.82593883634743
303.55734448491916
46.49160871901271
21.620837723585677
49.489082595495184
38.64107113989912
2719.102238705657
59.826789685329764
1875.2762850149577
171.34083465030318
17399.150818158625
66.45043509862526
6001.055886062299
24.38529653358255
15199.312354125314
89.22925163616624
44.048958149901324
32.51512010125316
138.94441733884887
19558.42148676807
137.47893604908884
34.51243260995205
36.1124959729305
133.91625017655113
125.89141462320953
8579.190193147117
31.425558229300538
67.25580293586883
91.68204158996737
3592.174706717735
34.24077506394566
6.596872094012689
197.51032530322752
3380.0707704189026
42.105353223794715
80.82242956781228
145.06834055234236
3934.504110579029
300.5289605099723
24.211678296867646
210.65388630701952
94.20531624879423
96.78500012993746
230.76694766356135
91.25996913134387
1198.0050667583882
175.39117476463312
21.84009607638103
132.51487515465615
36935.225005520144
24.454295345786615
318.4962867869091
5753.372283809802
6179.004777417121
51.950214067736205
18.841792832321627
113.87850557757463
97.24748512148255
141.45488833309324
61.56603771775396
243.29812103990713
99.72594376606247
57.62857242330662
59.68208316340711
61.40487346353875
72.2889680174451
9863.67672679573
27.253884750975928
195.09549396587232
9.908742989201237
72.35764990100407
27.0910504597358
211.77545724121856
467.49375464820065
160.74734776609483
198.5606481986698
416.7397461955078
9124.695101189924
45.620607434635495
102.60222717730979
8049.263921620088
2.447056883956067
146.74623422182566
299.4611289670495
134.52436667031853
7589.926440636445
26.75443432595818
224.06097011225341
108.5190384306804
163.13682706477186
23875.376920181563
14.173857694805248
10203.773982956225
38.70841249405179
16.819240037715502
10.036724658863639
6.170770578450286
82.42874412795526
248.4591351055415
11.665379647414447
4998.263204191791
111.08790186881326
31.946086998470726
9992.863623264899
147.38599941115913
598.7741776211561
177.44156719781827
167.30952150234268
1341.4190929126587
10507.947395727262
324.04072430516493
7145.205722287307
199.81106823684254
141.32241235580338
218.0365191556799
13404.668502476305
297.8693592512977
11989.180019236112
26534.563220545886
1545.4091012554852
34.89683621103698
118.1867144935886
112.01598292977634
9.244928324637272
122.4872334357448
8592.12648320603
73.29771107514239
68.24822000608313
265.20919082120395
169.13287236192673
123.4485572190468
146.38063816934925
26229.617549666844
178.8689159570085
317.1059873236178
41312.99686701726
21724.31724543728
17952.593610127373
182.09810964722175
42085.722863715826
56.26510206792105
75.14887575019033
189.1334391626714
132.5430409022663
9.747441607347948
21051.86743742989
21935.31766876462
158.20104573172378
77.60300722989591
46.68069495605108
42.157260503961595
16.5714506726079
20.594697895094658
100.53041446757662
83.00864352870639
3167.759845225546
139.30292222130586
199.56886856423873
7208.917601391274
3093.5126822596185
17873.009240589385
415.9921680073455
20.15464505466087
2.386304892151871
7.400676716199463
37.65620490957809
93.65416282499997
4640.538888002189
16347.597352222056
18695.83221347102
17361.40738828934
8.352201332546215
41.56514633927009
5450.5181247058545
16877.075484694757
119.17704933232385
163.71743536765288
12592.362212185493
27.596136496936914
4.285904738355394
11932.974598057352
16.991457215479528
40.10794731305469
1275.3329202559348
4.162786972373547
5028.000001002709
106.84257972290963
4145.162240744652
153.48719175179568
97.8276550334848
30.315603484118363
71.62109547475129
17293.730208471614
93.78208457655181
2794.804922344631
86.15489977531148
24.926411968950546
12360.769190317482
4472.488758950916
22.670099217343996
68.36563727734129
152.37305602337122
66.45304815064813
5.3035354395229355
53.88175992114388
8.380079455394151
37.97004531723261
38.19608343718546
450.4776891559451
228.15772085853962
17.146176655365995
231.24872211371996
18713.205192103804
183.97792453045963
2500.1370549215476
62.501368864837644
140.73108722106437
5.0842016891976085
16.824842969929495
17309.62388106009
311.20278133833153
238.24130339754413
1266.976644856788
6.655246065027963
55.64645739556849
25.89621868393597
2525.1053282420444
45.85739671831312
74.40433102060629
1860.7472491817903
20603.608506300643
15676.796461089785
152.9781508817118
104.56008247101848
67.82006588419075
119.12517119730119
261.8180270570783
83.11319655313919
161.6368657664173
89.82874001183532
24.73478712618216
14.268432651680905
15913.277626478604
54958.49945526048
23.66866878602205
25.549955430559496
238.1219315638572
35.94706503538361
12.308377755260874
188.96487751749197
24.956896077357438
230.21441457779872
206.39318210118932
30.42013027586757
59.390034958580806
137.6778893827892
20.852921339533356
16764.20963022989
372.32709162042016
192.24392094259713
4354.898134856883
80.45513421424334
39.149399282783605
122.84494693744753
24.09131693967675
20.034550163220704
222.1406333457977
15335.124975389046
33311.12957023858
135.45257934677397
14.693943936297416
66.27772582009906
2484.6112796039038
3603.8073826769532
144.39413978574893
171.3851203734481
35.97521035524389
209.06596988565764
52.33131283723782
148.93801759131514
81.51710631712973
16381.293287063338
34.30489308482195
34.03124659242026
26581.644370584952
3513.8251374671113
14.308758334702272
7468.6423635041065
76.82215857865232
924.0537093050339
294.8476724614381
168.5725659028823
123.4480314107246
8237.98363239441
35.847364277310014
28.13343274281114
107.73135953015739
4254.735407909141
56.547072692359954
25006.309497477017
70.26849284415884
2.3853917751238582
48.818899761438246
15.575406586043837
137.0742263262384
22.955884459121283
1163.9431755582402
60896.56292202734
8973.97799766533
91.67497522788726
91.07199875501803
22.71861405172144
29.302014611506706
100.59489135315799
22142.944653625094
80.81022325107571
116.60861536923996
15191.227253244564
27.05751871247402
14176.277667806275
11781.33465768672
32.4841306712348
32607.00374864878
43.16817241511878
74.39619250394276
57.851415530817825
9857.04309270977
57.984593950002775
253.0849374742671
76.38093649787538
78.43949794767616
96.22046872477668
41.8632911641786
200.83132172709026
168.98616410015802
330.55865800644557
134.33319306669463
29.99070429278208
145.2636499235734
19912.38599940054
395.2042234577364
2452.11614228681
216.55212914955902
282.35079906229646
154.04290883608002
154.69782924832188
37.35849794231864
10789.994755968424
74.4461485049269
10379.238199118836
144.95635678545204
861.913925256567
56.24376872224489
35.94500113622742
202.27618306630967
69.19417886137953
182.99758099563445
235.11787271101318
201.04451221828836
179.67833576430806
365.1054028217208
13.684110880012502
116.80151389924397
6.604898627188433
10.852129450266093
37.62036086409216
19.255711870109973
81.85791904792693
74.51751769705027
19099.899269540983
286.02041899495055
16.331018304661704
139.79722518760596
10213.135262752554
21077.32303535272
377.3941693314689
5.8612906193209415
121.34618147553674
95.19647856663401
6590.896977672496
137.21412676777186
13.897444045788516
17.183008631024027
5127.007679517708
99.99811673809653
290.8914618978132
77.93772541459018
38.3950434007715
70.65513520094142
171.3175480917113
33.0114139717136
77.05416702474587
146.02250313872452
85.88032629053978
147.47335954059702
194.29903312971848
229.63451016676228
373.00573798452876
145.2968044537106
101.06404256941683
85.17557239073793
86.7424724778636
71.49348845048443
43.15113656972518
4100.927002234565
227.72778188943175
118.5748004450995
80.01838996636911
38670.614659945546
317.1145291984134
101.02060542295735
1184.1128845513917
89.20790209949811
93.36788724429309
2372.3844882615567
76.71766613578318
27.370180389451
0.29767051277613227
44.203351486664516
54.78517285993831
47.721106866023476
2120.4600611490478
205.84258873076092
42.450758071578335
87.75099220630233
13324.474547289627
109.87699778484306
14.874273658777202
95.32309731796491
6867.54139505963
250.19247654498264
283.326628615174
8582.56271989957
47.37528781397339
163.31963141367726
4.73514983582203
4656.185836407101
10.142720877257995
35.79003092039629
8621.614401184277
97.8277870120337
158.92709172976572
7233.5025743124415
10.966170855061222
377.31198214617683
51.40952707567291
3190.3970265298503
25938.59013765087
351.2154759817538
50.74025464883345
44.11042235193752
108.75871286687243
142.1436819999651
231.892218246335
11061.327467171091
58.015235429317954
183.25375303844726
157.53030344082438
12.552555559925441
200.62338903915327
95.72075926754775
32449.545521528657
104.11229831067045
28.411830118321078
62.74546191993976
12457.725246778118
82.5454576511151
185.85787688655472
87.0701090483356
97.4267990217389
135.585994654603
0.9158731363782604
3120.4310113718852
33.696704183408315
24768.374651790095
15.409109610716577
28001.777932084882
295.8777476755755
158.24881849445967
10305.180541998394
