7727.668645362601
23711.440454017986
32180.502136710056
4568.528567549757
9759.10268088728
1671.3401482561694
1716.5763149673921
5023.31107242432
8584.920604143332
3109.8032460406034
3017.3548048785246
2452.9536121796464
3270.2051503177963
7806.095775848172
2038.111036716581
8788.18070402888
755.5357657352389
32163.062045257877
1611.8262525459286
11621.271951227398
4806.4131011690615
31498.969428951397
1410.949204296945
13858.469048655916
2952.6273164885065
17520.425636855398
4847.316610734149
12983.5479206534
10126.267498366882
3248.6074899183513
16850.60548151597
5057.756465500956
48089.95202390821
9770.240377177239
19139.159185975786
178.1060220839897
7194.597836902784
8015.447274029432
13257.100604555442
4909.232414473531
915.7027176665905
1835.7090316604504
18428.78373915658
4035.6676159362805
4055.3155370314244
2289.531866879994
2998.744210140083
15100.54758540883
12685.162388903254
16677.24492391407
6314.145987308967
3489.141295992421
12792.731315777475
6538.399286562016
6735.213716011732
12346.450868092814
13363.515045969943
8874.696330913051
5099.1147449045675
4183.261730329191
9016.767944323778
627.0578904204596
1284.1505296523158
6906.648742989576
898.9404578264766
2481.1537926374335
9439.322677848948
23226.13200166182
3380.7987861483475
44707.12462457107
7182.722375392432
21478.363966360896
