0.0,0.0,110.0
0.0,0.0,90.0
0.0,0.0,117.0
0.0,0.0,94.0
17.0,7.0,71.0
0.0,0.0,110.0
38.0,16.0,24.0
0.0,0.0,113.0
0.0,0.0,101.0
0.0,0.0,109.0
0.0,0.0,116.0
80.0,15.0,6.0
48.0,9.0,14.0
0.0,0.0,91.0
0.0,0.0,96.0
43.0,12.0,36.0
6.0,5.0,79.0
0.0,0.0,102.0
0.0,0.0,115.0
81.0,15.0,5.0
0.0,0.0,99.0
0.0,0.0,87.0
0.0,0.0,105.0
37.0,7.0,49.0
0.0,0.0,105.0
0.0,0.0,101.0
0.0,0.0,111.0
0.0,0.0,105.0
2.0,1.0,96.0
0.0,0.0,113.0
18.0,5.0,95.0
17.0,8.0,65.0
0.0,0.0,120.0
0.0,0.0,108.0
0.0,0.0,101.0
0.0,0.0,111.0
0.0,0.0,102.0
0.0,0.0,121.0
0.0,0.0,93.0
0.0,0.0,93.0
71.0,10.0,17.0
0.0,0.0,92.0
0.0,0.0,113.0
0.0,0.0,91.0
5.0,2.0,91.0
26.0,3.0,62.0
54.0,15.0,44.0
3.0,1.0,101.0
0.0,0.0,81.0
0.0,0.0,111.0
2.0,0.0,124.0
0.0,0.0,98.0
0.0,0.0,80.0
0.0,0.0,85.0
0.0,0.0,84.0
1.0,0.0,92.0
0.0,0.0,98.0
0.0,0.0,109.0
2.0,0.0,112.0
0.0,0.0,118.0
0.0,0.0,114.0
0.0,0.0,94.0
0.0,0.0,96.0
0.0,0.0,88.0
0.0,0.0,101.0
0.0,0.0,108.0
0.0,0.0,102.0
0.0,0.0,88.0
0.0,0.0,104.0
0.0,0.0,112.0
0.0,0.0,109.0
41.0,10.0,27.0
10.0,2.0,67.0
0.0,0.0,95.0
66.0,13.0,15.0
0.0,0.0,91.0
0.0,0.0,96.0
0.0,0.0,86.0
8.0,0.0,91.0
0.0,0.0,86.0
24.0,10.0,84.0
0.0,0.0,100.0
1.0,0.0,105.0
0.0,0.0,85.0
0.0,0.0,83.0
0.0,0.0,96.0
12.0,0.0,85.0
0.0,0.0,100.0
0.0,0.0,107.0
0.0,0.0,73.0
0.0,0.0,104.0
0.0,0.0,98.0
0.0,0.0,101.0
51.0,17.0,26.0
0.0,0.0,102.0
0.0,0.0,97.0
0.0,0.0,99.0
56.0,25.0,25.0
0.0,0.0,119.0
0.0,0.0,123.0
12.0,13.0,76.0
0.0,0.0,104.0
0.0,0.0,100.0
18.0,12.0,70.0
0.0,0.0,92.0
0.0,0.0,82.0
64.0,10.0,21.0
36.0,7.0,41.0
0.0,0.0,98.0
0.0,0.0,103.0
0.0,0.0,119.0
0.0,0.0,125.0
0.0,0.0,110.0
0.0,0.0,91.0
0.0,0.0,113.0
0.0,0.0,112.0
0.0,0.0,103.0
0.0,0.0,94.0
42.0,11.0,31.0
0.0,0.0,104.0
0.0,0.0,84.0
62.0,10.0,28.0
0.0,0.0,112.0
0.0,0.0,122.0
18.0,5.0,68.0
0.0,0.0,107.0
0.0,0.0,93.0
9.0,0.0,87.0
5.0,1.0,76.0
0.0,0.0,102.0
7.0,7.0,64.0
47.0,8.0,42.0
0.0,0.0,102.0
0.0,0.0,95.0
0.0,0.0,114.0
0.0,0.0,98.0
0.0,0.0,88.0
0.0,0.0,100.0
0.0,0.0,111.0
20.0,8.0,78.0
0.0,0.0,95.0
0.0,0.0,87.0
2.0,1.0,88.0
8.0,4.0,86.0
28.0,3.0,67.0
0.0,0.0,103.0
8.0,0.0,72.0
22.0,11.0,62.0
0.0,0.0,108.0
28.0,4.0,53.0
0.0,0.0,92.0
0.0,0.0,95.0
0.0,0.0,96.0
12.0,2.0,107.0
0.0,0.0,105.0
0.0,0.0,124.0
45.0,11.0,39.0
15.0,3.0,70.0
0.0,0.0,103.0
0.0,0.0,106.0
4.0,0.0,90.0
0.0,0.0,81.0
32.0,4.0,60.0
0.0,0.0,119.0
0.0,0.0,94.0
0.0,0.0,115.0
0.0,0.0,105.0
0.0,0.0,84.0
0.0,0.0,98.0
31.0,7.0,64.0
74.0,5.0,17.0
0.0,0.0,77.0
7.0,2.0,79.0
83.0,12.0,8.0
0.0,0.0,96.0
0.0,0.0,103.0
0.0,0.0,103.0
19.0,3.0,80.0
0.0,0.0,88.0
0.0,0.0,106.0
0.0,0.0,93.0
0.0,0.0,113.0
0.0,0.0,111.0
7.0,0.0,89.0
0.0,0.0,97.0
0.0,0.0,103.0
3.0,1.0,101.0
0.0,0.0,102.0
0.0,0.0,91.0
0.0,0.0,97.0
0.0,0.0,101.0
0.0,0.0,82.0
0.0,0.0,94.0
0.0,0.0,112.0
0.0,0.0,118.0
0.0,0.0,105.0
0.0,0.0,106.0
0.0,0.0,95.0
0.0,0.0,92.0
34.0,7.0,53.0
0.0,0.0,101.0
0.0,0.0,108.0
63.0,7.0,22.0
0.0,0.0,110.0
0.0,0.0,92.0
0.0,0.0,102.0
50.0,13.0,33.0
56.0,8.0,35.0
0.0,0.0,101.0
0.0,0.0,108.0
0.0,0.0,86.0
9.0,10.0,93.0
0.0,0.0,86.0
0.0,0.0,100.0
0.0,0.0,107.0
0.0,0.0,103.0
0.0,0.0,97.0
0.0,0.0,106.0
0.0,0.0,94.0
0.0,0.0,96.0
38.0,21.0,64.0
0.0,0.0,108.0
0.0,0.0,99.0
0.0,0.0,94.0
0.0,0.0,133.0
46.0,11.0,49.0
0.0,0.0,98.0
16.0,5.0,67.0
0.0,0.0,99.0
0.0,0.0,85.0
69.0,19.0,14.0
0.0,0.0,96.0
69.0,11.0,21.0
0.0,0.0,98.0
0.0,0.0,97.0
0.0,0.0,108.0
0.0,0.0,84.0
4.0,6.0,84.0
3.0,1.0,77.0
0.0,0.0,96.0
0.0,0.0,101.0
62.0,21.0,11.0
0.0,0.0,100.0
26.0,6.0,82.0
0.0,0.0,105.0
30.0,14.0,55.0
0.0,0.0,96.0
0.0,0.0,119.0
85.0,15.0,2.0
0.0,0.0,94.0
0.0,0.0,90.0
0.0,0.0,98.0
0.0,0.0,108.0
0.0,0.0,93.0
0.0,0.0,101.0
0.0,0.0,110.0
0.0,0.0,87.0
0.0,0.0,124.0
0.0,0.0,102.0
0.0,0.0,98.0
0.0,0.0,98.0
0.0,0.0,115.0
0.0,0.0,99.0
2.0,0.0,99.0
4.0,2.0,91.0
15.0,5.0,85.0
0.0,0.0,98.0
0.0,0.0,95.0
0.0,0.0,98.0
32.0,8.0,63.0
0.0,0.0,108.0
0.0,0.0,106.0
0.0,0.0,95.0
6.0,3.0,99.0
0.0,0.0,99.0
0.0,0.0,87.0
0.0,0.0,87.0
66.0,12.0,17.0
0.0,0.0,124.0
25.0,10.0,67.0
0.0,0.0,85.0
0.0,0.0,93.0
0.0,0.0,108.0
0.0,0.0,92.0
0.0,0.0,113.0
39.0,15.0,48.0
38.0,10.0,40.0
0.0,0.0,98.0
0.0,0.0,105.0
0.0,0.0,85.0
16.0,9.0,73.0
0.0,0.0,84.0
0.0,0.0,99.0
29.0,6.0,52.0
0.0,0.0,110.0
15.0,3.0,91.0
78.0,22.0,20.0
10.0,4.0,101.0
66.0,13.0,18.0
0.0,1.0,99.0
66.0,15.0,2.0
0.0,0.0,107.0
15.0,1.0,82.0
0.0,0.0,100.0
21.0,8.0,68.0
0.0,0.0,92.0
0.0,0.0,121.0
48.0,15.0,46.0
0.0,0.0,109.0
54.0,15.0,15.0
30.0,5.0,56.0
0.0,0.0,81.0
0.0,0.0,95.0
3.0,4.0,80.0
44.0,4.0,41.0
45.0,9.0,50.0
19.0,3.0,69.0
0.0,0.0,109.0
30.0,1.0,73.0
2.0,0.0,98.0
0.0,0.0,107.0
42.0,11.0,53.0
0.0,0.0,101.0
0.0,0.0,102.0
9.0,1.0,82.0
74.0,12.0,11.0
0.0,0.0,106.0
0.0,0.0,126.0
0.0,0.0,108.0
23.0,6.0,69.0
0.0,0.0,105.0
0.0,0.0,112.0
0.0,0.0,89.0
34.0,9.0,65.0
0.0,0.0,119.0
0.0,0.0,84.0
0.0,0.0,105.0
35.0,6.0,32.0
56.0,24.0,24.0
0.0,0.0,103.0
0.0,0.0,105.0
0.0,0.0,114.0
0.0,0.0,100.0
0.0,0.0,103.0
0.0,0.0,113.0
50.0,8.0,31.0
0.0,0.0,95.0
1.0,1.0,100.0
0.0,0.0,94.0
0.0,0.0,104.0
0.0,1.0,90.0
0.0,0.0,101.0
0.0,0.0,86.0
0.0,0.0,108.0
0.0,0.0,126.0
0.0,0.0,108.0
0.0,0.0,108.0
0.0,0.0,92.0
33.0,8.0,62.0
0.0,0.0,93.0
0.0,0.0,103.0
0.0,0.0,87.0
0.0,0.0,104.0
0.0,0.0,95.0
0.0,0.0,92.0
0.0,0.0,90.0
0.0,0.0,84.0
3.0,0.0,106.0
0.0,0.0,99.0
0.0,0.0,93.0
0.0,0.0,104.0
0.0,0.0,105.0
0.0,0.0,106.0
33.0,0.0,78.0
0.0,0.0,96.0
0.0,0.0,95.0
3.0,1.0,81.0
36.0,6.0,68.0
0.0,0.0,81.0
11.0,0.0,77.0
0.0,0.0,108.0
0.0,0.0,109.0
31.0,14.0,71.0
0.0,0.0,88.0
1.0,0.0,98.0
0.0,0.0,101.0
0.0,0.0,126.0
0.0,0.0,92.0
12.0,1.0,101.0
0.0,0.0,106.0
0.0,0.0,95.0
0.0,0.0,91.0
0.0,0.0,121.0
60.0,23.0,39.0
44.0,9.0,38.0
0.0,0.0,89.0
0.0,0.0,91.0
18.0,4.0,91.0
9.0,7.0,74.0
0.0,0.0,101.0
0.0,0.0,101.0
4.0,2.0,92.0
0.0,0.0,84.0
26.0,9.0,47.0
0.0,0.0,93.0
0.0,0.0,89.0
0.0,0.0,115.0
26.0,7.0,77.0
0.0,0.0,114.0
0.0,0.0,124.0
0.0,0.0,96.0
0.0,0.0,107.0
0.0,0.0,109.0
0.0,0.0,102.0
0.0,0.0,100.0
42.0,8.0,50.0
7.0,1.0,95.0
68.0,16.0,2.0
4.0,0.0,93.0
0.0,0.0,99.0
2.0,0.0,86.0
0.0,0.0,94.0
24.0,6.0,93.0
0.0,0.0,88.0
27.0,15.0,55.0
0.0,0.0,114.0
0.0,0.0,104.0
6.0,5.0,87.0
24.0,8.0,65.0
0.0,0.0,93.0
0.0,0.0,103.0
32.0,9.0,44.0
1.0,1.0,88.0
0.0,0.0,122.0
0.0,0.0,98.0
15.0,4.0,74.0
65.0,9.0,12.0
0.0,0.0,92.0
0.0,0.0,97.0
0.0,0.0,99.0
0.0,0.0,114.0
8.0,4.0,98.0
0.0,0.0,100.0
0.0,0.0,101.0
21.0,1.0,78.0
0.0,0.0,105.0
0.0,0.0,106.0
0.0,0.0,105.0
0.0,0.0,99.0
0.0,0.0,103.0
80.0,24.0,10.0
40.0,11.0,48.0
0.0,0.0,103.0
0.0,0.0,106.0
0.0,0.0,103.0
0.0,0.0,92.0
5.0,2.0,97.0
6.0,6.0,101.0
0.0,0.0,98.0
0.0,0.0,92.0
0.0,0.0,96.0
7.0,0.0,83.0
51.0,11.0,35.0
3.0,0.0,92.0
0.0,0.0,89.0
0.0,0.0,90.0
0.0,0.0,101.0
0.0,0.0,86.0
46.0,12.0,49.0
0.0,0.0,113.0
9.0,1.0,89.0
19.0,4.0,89.0
0.0,0.0,88.0
0.0,0.0,92.0
0.0,0.0,106.0
0.0,0.0,94.0
22.0,4.0,75.0
0.0,0.0,107.0
0.0,0.0,107.0
0.0,0.0,94.0
0.0,0.0,114.0
0.0,0.0,93.0
0.0,0.0,80.0
0.0,0.0,114.0
0.0,0.0,103.0
0.0,0.0,103.0
0.0,0.0,105.0
0.0,0.0,98.0
0.0,0.0,110.0
0.0,0.0,105.0
0.0,0.0,84.0
0.0,0.0,94.0
0.0,0.0,94.0
0.0,0.0,91.0
0.0,0.0,98.0
64.0,13.0,28.0
0.0,0.0,106.0
0.0,0.0,102.0
0.0,0.0,103.0
0.0,0.0,100.0
0.0,0.0,76.0
0.0,0.0,105.0
73.0,39.0,2.0
55.0,16.0,41.0
7.0,0.0,108.0
0.0,0.0,93.0
0.0,0.0,116.0
95.0,24.0,5.0
0.0,0.0,100.0
0.0,0.0,91.0
0.0,0.0,102.0
0.0,0.0,110.0
7.0,7.0,95.0
69.0,9.0,29.0
0.0,0.0,97.0
0.0,0.0,98.0
2.0,0.0,98.0
55.0,18.0,23.0
0.0,0.0,83.0
41.0,12.0,41.0
0.0,0.0,97.0
0.0,0.0,86.0
0.0,0.0,88.0
0.0,0.0,104.0
0.0,0.0,94.0
9.0,4.0,87.0
0.0,0.0,97.0
0.0,0.0,98.0
0.0,0.0,96.0
6.0,3.0,101.0
19.0,2.0,83.0
0.0,0.0,112.0
29.0,2.0,64.0
0.0,0.0,93.0
2.0,0.0,99.0
0.0,0.0,109.0
0.0,0.0,93.0
56.0,19.0,43.0
0.0,0.0,97.0
7.0,7.0,81.0
0.0,0.0,94.0
0.0,0.0,102.0
0.0,0.0,93.0
0.0,0.0,91.0
5.0,0.0,101.0
67.0,20.0,10.0
0.0,0.0,94.0
57.0,15.0,47.0
0.0,0.0,108.0
58.0,16.0,51.0
0.0,0.0,96.0
3.0,1.0,103.0
6.0,1.0,94.0
0.0,0.0,102.0
0.0,0.0,108.0
71.0,19.0,4.0
0.0,0.0,90.0
25.0,10.0,46.0
0.0,0.0,117.0
0.0,0.0,110.0
0.0,0.0,101.0
0.0,0.0,94.0
65.0,10.0,27.0
0.0,0.0,95.0
70.0,13.0,18.0
0.0,0.0,82.0
0.0,0.0,111.0
0.0,0.0,99.0
53.0,23.0,17.0
0.0,0.0,97.0
0.0,0.0,108.0
6.0,3.0,88.0
0.0,0.0,87.0
0.0,0.0,97.0
0.0,0.0,105.0
0.0,0.0,105.0
0.0,0.0,116.0
0.0,0.0,106.0
0.0,0.0,91.0
40.0,6.0,49.0
0.0,0.0,97.0
3.0,2.0,83.0
0.0,0.0,107.0
0.0,0.0,90.0
1.0,3.0,93.0
0.0,0.0,91.0
0.0,0.0,104.0
0.0,0.0,119.0
33.0,5.0,63.0
0.0,0.0,103.0
10.0,0.0,96.0
0.0,0.0,113.0
0.0,0.0,106.0
22.0,6.0,73.0
0.0,0.0,92.0
0.0,0.0,114.0
13.0,6.0,85.0
0.0,0.0,95.0
0.0,0.0,101.0
0.0,0.0,98.0
19.0,4.0,70.0
0.0,0.0,105.0
22.0,8.0,74.0
0.0,0.0,90.0
0.0,0.0,110.0
0.0,0.0,89.0
0.0,0.0,100.0
0.0,0.0,87.0
0.0,0.0,107.0
28.0,4.0,65.0
0.0,0.0,113.0
0.0,0.0,98.0
0.0,0.0,94.0
41.0,10.0,46.0
11.0,3.0,80.0
0.0,0.0,109.0
17.0,7.0,74.0
0.0,0.0,115.0
0.0,0.0,106.0
0.0,0.0,127.0
0.0,0.0,97.0
0.0,0.0,96.0
0.0,0.0,102.0
0.0,0.0,114.0
0.0,0.0,113.0
34.0,12.0,47.0
0.0,0.0,90.0
31.0,4.0,69.0
22.0,4.0,65.0
0.0,0.0,115.0
0.0,0.0,106.0
0.0,0.0,109.0
1.0,3.0,113.0
0.0,0.0,121.0
41.0,8.0,40.0
0.0,0.0,109.0
44.0,13.0,45.0
31.0,5.0,62.0
0.0,0.0,111.0
0.0,0.0,108.0
0.0,0.0,102.0
0.0,0.0,112.0
51.0,11.0,38.0
0.0,0.0,102.0
29.0,6.0,49.0
0.0,0.0,92.0
0.0,0.0,83.0
3.0,4.0,94.0
0.0,0.0,101.0
29.0,6.0,72.0
5.0,3.0,87.0
0.0,0.0,104.0
0.0,0.0,98.0
0.0,0.0,97.0
0.0,0.0,103.0
3.0,2.0,90.0
0.0,0.0,114.0
0.0,0.0,103.0
0.0,0.0,97.0
0.0,0.0,83.0
0.0,0.0,120.0
0.0,0.0,90.0
0.0,0.0,120.0
4.0,0.0,102.0
0.0,0.0,115.0
0.0,0.0,99.0
0.0,0.0,122.0
0.0,0.0,92.0
0.0,0.0,105.0
0.0,0.0,81.0
0.0,0.0,105.0
0.0,0.0,95.0
0.0,0.0,97.0
39.0,21.0,24.0
0.0,0.0,97.0
0.0,0.0,127.0
0.0,0.0,97.0
0.0,0.0,103.0
0.0,0.0,108.0
0.0,0.0,95.0
18.0,4.0,79.0
0.0,0.0,98.0
0.0,0.0,97.0
0.0,0.0,88.0
17.0,8.0,75.0
0.0,0.0,108.0
0.0,0.0,94.0
17.0,1.0,70.0
28.0,8.0,60.0
0.0,0.0,116.0
0.0,0.0,110.0
71.0,11.0,2.0
61.0,16.0,35.0
0.0,0.0,103.0
0.0,0.0,97.0
0.0,0.0,96.0
0.0,0.0,100.0
0.0,0.0,96.0
0.0,0.0,98.0
0.0,0.0,85.0
0.0,0.0,112.0
29.0,8.0,51.0
0.0,0.0,105.0
0.0,0.0,84.0
7.0,1.0,82.0
0.0,0.0,93.0
0.0,0.0,123.0
0.0,0.0,102.0
0.0,0.0,104.0
0.0,0.0,87.0
0.0,0.0,101.0
0.0,0.0,96.0
0.0,0.0,91.0
5.0,3.0,65.0
8.0,5.0,83.0
0.0,0.0,121.0
0.0,0.0,89.0
0.0,0.0,104.0
0.0,0.0,94.0
0.0,0.0,105.0
0.0,0.0,103.0
15.0,3.0,85.0
48.0,5.0,41.0
0.0,0.0,94.0
42.0,10.0,52.0
75.0,19.0,9.0
0.0,0.0,80.0
68.0,10.0,4.0
0.0,0.0,96.0
0.0,0.0,109.0
25.0,8.0,73.0
0.0,0.0,111.0
0.0,0.0,93.0
0.0,0.0,101.0
53.0,16.0,39.0
57.0,28.0,22.0
0.0,0.0,92.0
0.0,0.0,98.0
12.0,0.0,96.0
0.0,0.0,104.0
17.0,0.0,71.0
0.0,0.0,87.0
0.0,0.0,97.0
4.0,1.0,104.0
0.0,0.0,105.0
0.0,0.0,96.0
0.0,0.0,89.0
0.0,0.0,106.0
27.0,17.0,46.0
72.0,17.0,12.0
48.0,13.0,31.0
0.0,0.0,77.0
0.0,0.0,94.0
0.0,0.0,96.0
0.0,0.0,118.0
0.0,0.0,133.0
0.0,0.0,100.0
56.0,5.0,26.0
0.0,0.0,104.0
0.0,0.0,86.0
0.0,0.0,97.0
0.0,0.0,92.0
0.0,0.0,114.0
8.0,6.0,77.0
0.0,0.0,118.0
13.0,2.0,74.0
0.0,0.0,90.0
0.0,0.0,99.0
3.0,0.0,103.0
0.0,0.0,100.0
0.0,0.0,98.0
4.0,2.0,88.0
0.0,0.0,101.0
0.0,0.0,114.0
3.0,0.0,96.0
0.0,0.0,108.0
0.0,0.0,106.0
81.0,21.0,4.0
0.0,0.0,102.0
20.0,7.0,77.0
0.0,0.0,101.0
0.0,0.0,103.0
0.0,0.0,102.0
0.0,0.0,108.0
0.0,0.0,95.0
0.0,0.0,93.0
3.0,0.0,96.0
14.0,1.0,88.0
0.0,0.0,101.0
27.0,10.0,56.0
0.0,0.0,91.0
0.0,0.0,95.0
0.0,0.0,107.0
0.0,0.0,106.0
6.0,1.0,92.0
0.0,0.0,120.0
0.0,0.0,113.0
29.0,5.0,70.0
0.0,0.0,112.0
0.0,0.0,86.0
