5977.4401325996405
648.6749109817656
1409.6661392593421
8600.782536449018
47592.47585992339
827.9183520141479
12085.284313442808
1998.5895653166335
17207.30341319556
7814.8935032694935
14586.994136278248
11850.22539564998
141.20720462061595
1688.208249616119
789.3757320508673
8382.990012538683
8483.495648894439
9511.396971227663
694.620001723934
381.3848601539651
10663.827116484661
13607.630275645117
4879.853724025087
975.7048262115444
10996.368743272129
4130.991588767698
1441.5777402897647
4371.246395404681
1193.5498070349292
914.2324614688525
8696.437130794424
3192.6218196629306
5549.95384871602
2260.851647321156
8623.124008332963
1390.9514305783393
20355.957014443025
1325.2149520540459
11138.368071955656
8418.159531512434
3971.769506658601
5974.71730466724
1051.3882706896682
17933.644836366046
2247.544734590845
16153.530961272307
2504.5468306714893
11177.752939528878
2814.9731233233515
7454.921867890856
3751.6234920155284
8765.525469146292
41.99233118892019
276.0393198655359
6997.899519171395
1369.1428889527715
21953.621073306687
664.563246573748
16529.304690549518
104.069342981133
597.9073713943582
515.4555251159298
6774.328406681627
2588.5436739205525
528.2902816363542
4930.855823380003
6345.079680944525
37569.5560500638
6194.570494647183
12587.871247351064
8034.027113777254
3678.4935270347455
17216.136988104307
4544.704149664451
2478.5799165551266
3804.7755785711456
22341.660591283
9688.924840734888
1621.831527741707
3869.910143182768
5613.834070050029
110.81304003022878
38000.588817865006
3405.3513854189364
8961.038424569211
4931.212677048438
15063.776699172779
2738.602355806992
42.20336078012841
4776.022416830848
7072.06326772049
12059.676967576152
7757.621215090309
16475.888216322375
7250.009588962731
11825.511021834385
7318.748075262946
255.8288013869555
16050.940805085316
7072.923700951561
1185.4798987555193
3202.6110393594854
2842.767181629093
887.6068915498462
2656.9223114802394
7760.075657568628
4067.496946992301
8340.709411501624
4394.592354132993
12177.37800311776
3360.833325186488
6637.994765749136
1994.9191608621732
4959.309363420889
6178.400111128302
5575.231895062635
6525.586024040862
5386.149214737413
9306.435280857717
14304.167145734677
1109.957505957932
222.08595949824888
527.3493634464533
10012.011923809638
242.49494764690206
9724.5086227011
14617.011170138332
4967.384269979595
8808.405176054841
2819.4386225800863
14869.835487371163
17343.647431343823
11255.442710562014
24858.200139470988
6953.733158428428
13964.892682495445
4948.688048574837
548.2430631556351
2135.643026040927
1431.6877713391275
14443.384150818087
2521.2394921622467
2227.139538395944
9061.73241788427
6966.243791537977
2650.937675938342
1025.9277804984147
8421.837835741404
6025.776229989027
6545.336133554818
4153.708573590998
8626.955586953474
5071.492211835452
4542.764898791793
15187.171585835356
16643.253902281158
1594.6834056075618
5774.045446716874
1155.014316183825
7085.540233474806
689.7393120392331
30031.353677214873
2398.9300050196957
8711.456856060726
2253.6753870596426
2483.2623181479617
15232.213390519693
8295.932263255685
503.3655890930377
8355.921998346847
6008.9196330323375
1428.496033460388
4664.434704172672
2457.0793633583794
17999.74907705515
8954.581446281712
1291.15280119008
13053.624625003877
3462.803770206396
10059.700755828226
1733.0169843945337
38429.88500135384
7642.750571761939
3492.6382273536665
2220.4693588188957
12891.809030905999
3640.1063393659133
4749.171639230831
7974.828498246244
2025.4221945289194
6886.492464523581
963.3342557615455
5443.4536272676505
10213.845666320061
38495.98448319978
11672.212194040148
1118.8376737965089
682.2419670806871
13549.226163824864
1022.6855726638044
11820.358115401274
13196.837768752588
2755.6828529986387
17683.934403435065
2179.387490152901
78.80684719464466
14725.792463544856
21332.14721281731
11192.19394349061
202.82369561647403
1143.91304198013
2367.447662190101
2392.273542361345
3770.86827144988
10258.016993044448
5587.448540245173
434.1183262932825
228.94987955731472
164.5301898848366
2371.166605904307
17582.715588350493
6027.219969329298
17103.525580813977
9430.487690563317
15199.48906461529
13519.18937610673
13379.027301314909
105.60327094666025
9769.242039711566
5577.106389492916
4165.604609262815
508.0118351597474
4311.935791109081
3001.1147689840004
18891.89876805123
2971.720818529133
500.6672069398146
13334.944021464666
41195.7104785574
42.183212179056135
1793.2976125117452
1365.4634196031666
1742.7907388171952
30545.779836791677
3901.1633201664436
1323.0626947460528
17639.91820934702
10748.961922457722
3484.82947348046
6810.9661266802605
6403.858128574808
2500.2890578032607
6819.900608824498
24532.006241796687
1384.0513995800811
10078.607252691647
2678.655936487139
6246.8909915954655
4623.305061992969
4403.661665561162
317.11451634181213
17678.258057992083
945.8542210774687
2952.6977368013645
413.56184428316186
2136.515742605254
4382.240080215024
1438.0746420106886
10719.337227811333
987.6322530164279
611.0383587746562
1998.1093379404292
11749.302994855687
13952.48955715334
2056.0669077989764
3968.0556053814607
3128.332601036874
8478.200750947442
3477.543896877944
550.0673316325439
8662.494256712738
2163.1650196679293
3139.8553514135724
2665.5468454676598
83.93305888606537
3366.8590219745893
44171.0668702388
9920.106340277538
18854.95323335281
11406.064566580915
11792.932269378953
965.4360051044351
3976.2642664881046
7096.2125227864435
554.1262888191019
4952.953104632454
3324.729907269483
9978.016554723781
13895.959566543856
1879.082822935602
5764.4990882615075
18595.021571679725
457.41293721651914
1999.8898600406196
5211.440238009608
22914.570302451757
7781.615234224645
7994.016956450604
12159.202147662716
2177.9601600345836
1966.3271170005323
12945.691730101515
1268.5246598239642
940.5170225966605
3428.9863529227655
1204.8126120729492
11716.74434455954
19387.626771098352
4001.3863668960994
27483.30917600853
9667.792475576054
2082.3193917076064
317.94715846366637
2387.798396563457
8585.53831529501
625.588403758641
7528.425139127984
525.2697724470804
387.22293941100634
10984.928675685152
5445.789790475366
18129.16748303952
5701.41573021771
809.3227868990392
9342.273364937533
8669.033167374244
348.84639405659095
4058.917727810078
4094.384415691582
15145.14500056553
1096.7292481884645
1425.8610589852865
680.5860828231827
10848.587683659387
472.2321272704452
8263.568203974633
7716.01541572523
10843.369008188818
2447.726399511693
1520.7092628924195
1231.390490240122
12664.69584319363
11774.455198216725
3014.6817230717843
946.7484059401527
12536.088822113148
7870.240761024282
1423.0337487608026
3221.2150873132355
6488.902414560098
4057.493144008076
2926.9158130851724
3789.54609086926
11471.904611737007
691.8233641390802
4081.4543671917786
8671.059679599297
1413.8283222257064
745.1142413683933
13396.649428916575
2048.8927401344954
2804.823216113729
3914.825183261267
747.5733833396638
140.0603785053818
9509.058985706044
4270.443631075372
2789.1191633747753
1586.5737973728512
4242.013527477487
530.9820192259626
4224.853043744995
417.3776266477086
5495.056524605487
5142.250053625255
7563.730709960357
6048.473828118529
9551.34879917529
1402.3070891787563
16289.001241647979
7417.294487074076
11275.861722161824
19255.89441275515
7815.895939676172
7335.2763896215065
9959.923047763974
1827.8525309823026
443.4356001996966
4266.765122554706
1321.9436569453878
6958.531315863623
532.1035609179391
11381.735771584012
6921.450366903792
24057.853543110978
2794.056034050257
16620.11474107811
9115.299868913024
43.31943629987899
595.2378267837256
3305.5485698467846
2934.5666569379755
7991.50046888851
11262.375579126592
17963.486105607615
968.7168367405817
6112.440775568454
3535.5989455109416
711.0840473415097
5618.857898587919
2283.5459834926132
3542.418295296345
12965.42369923052
14765.108059468135
19270.16019040548
6225.337061967175
5356.141375812763
2709.5227075856155
15937.62182906735
4359.492246809705
2915.4370792192735
1351.0918377966516
39097.526469773824
19758.498614996377
25172.81198133999
14843.188844378792
6623.741446771581
501.36045968981875
17698.268021103453
1216.6558407802877
6097.858530260862
7746.67574223484
13347.432950264123
2068.1622439276675
1294.4009263403757
13068.206119266055
11991.126714809556
730.0557347737239
3473.855606269082
4425.434365408979
462.5405961610719
7104.339710896816
4330.084979285667
1221.2627178197567
15306.486733262882
7127.271658963331
3368.1706788426404
19051.830878935947
9032.5140432855
13256.38223400439
12856.941323907322
4080.085576261639
12040.743341698904
10064.91138377906
1072.8984247033393
5476.363305565945
3277.6152798927546
4345.685415618656
10746.139704699373
6411.729871109871
11316.425818910806
1569.2912241448264
15008.507306438996
20657.259176645755
18093.487514490564
4180.054527904298
1663.0099781728018
6934.025037058801
12612.982575147282
5434.133784537415
52566.125485198434
5287.731350186203
50.97807078591668
12728.556248180996
5043.751986767782
16963.760890613066
7051.636748462354
448.78273366599757
5324.909354018737
10680.662347025815
8258.054602392764
11439.939982019649
16780.372416853457
1476.1929690664783
21229.302298615265
11457.973315727613
5074.995904350586
14387.617400859515
18560.476909426005
12619.390277412653
216.41511387071563
8133.713523449687
2505.4950834015385
1753.475820369954
20339.060184069767
3305.542867326969
9846.568875864894
7836.936690572195
4458.759978394447
6153.477071949582
234.4534072819063
1999.7911362747082
542.9685577376133
12989.505364582916
3389.368306352445
12845.148187892788
3451.595867436429
14716.575643959506
41110.5465777454
2463.0903738798133
971.5986540356205
5848.589926814078
7492.209224157893
8042.271262911825
670.133743829955
829.6361866237648
2204.813557533624
762.2776615779367
4009.723676732723
7015.8192407637425
2588.2690757604487
8142.494524706811
5438.343209481081
14460.975194773147
16012.005289913111
9408.20989911303
869.4898145782331
3192.6917547175017
4733.218190635204
1986.2334855628922
3890.4499427881624
3544.2467837127538
4191.831758823432
4190.768794671207
14288.07191650666
3701.627050168107
2170.3396359796175
6347.634696669288
3315.9923569843822
3222.872467324407
204.51744752279808
13488.800291335512
8969.61394036508
5597.1036776973815
10026.008738624927
10375.609539375027
801.9557187319119
754.2176738869435
12415.550203161083
915.6337419962754
1858.913670020035
823.603851651887
18924.938317376782
217.4566992169936
5369.031997489132
3572.9110330170342
4446.830543216371
23794.97886397445
11374.711935345673
6802.400014112932
15741.489722634587
5942.088347004491
2223.746520725289
987.0514362867741
375.4074816782453
2175.931393227473
1775.6691908456496
205.05350620327417
1638.3706927507426
755.1744970962159
7833.505642943022
7263.84951084085
24066.438517670267
9373.183061148527
7668.011858653928
2695.6644891744004
7145.738377540075
1178.5559405128888
18040.163354544693
4441.030168576535
16203.874144274976
12989.182760833672
517.7664624767691
4527.3764152540625
4287.454607076431
1901.8249736303562
1540.7223000222948
1283.3764698269852
14655.555751408872
1029.5710096963387
5374.065283445089
2012.767397904817
55639.99493103916
7323.650711289129
8891.194619619244
17555.896026549348
17348.091329221814
2724.2180562612975
4707.911343141998
1985.751654959629
54.7157480908709
3535.259137281475
2521.40115635357
10324.39634185234
18566.03620381236
4770.113679352815
1327.957400232589
277.7100279692693
760.6932930243058
2373.6259817894897
20148.581915056184
13168.836739049435
2990.982298016763
16947.79878051397
2000.157027626822
9013.531892505978
8848.746667722538
10668.951946985146
9832.22904511708
13486.928344622414
3831.6263040402782
643.8655798053722
3989.7107254911057
14333.28613567419
10548.80349866351
14295.082930435672
2044.8340216666045
10100.453022500877
798.3457125509257
1813.8647121648644
16207.873681126592
206.63942287208343
26.824608235982296
6555.165012475193
7036.337010592118
8591.940700878129
6724.167192663331
511.48806896503737
5606.00102511736
6692.492175663437
4105.352835766114
13599.724469366134
5110.339276336099
16839.718063689343
9663.964984575307
2656.4605310565157
373.38521885744507
3788.3279179063525
9592.436437701233
3704.8386094653692
10713.417638311143
10031.938840045708
19040.32371817793
5668.379386178298
31875.458853814616
2701.3027458013776
5517.735247557086
12108.72700103971
9185.114195363512
7667.499629743398
5591.578075295961
260.73883063992065
3931.565528025009
11323.184530083456
5805.499482160972
134.74325041399533
4480.129352470413
5221.258676681404
1952.9777970634348
1068.3903928077625
4577.051248396977
3746.6128010530147
2921.538147607113
5395.350724671997
14651.738166147437
3479.3574623752143
4989.039505757006
4102.15339038979
35777.60570148755
692.6281020796386
12721.036305372836
1017.6790433356769
1160.12568629101
1759.436253878451
2678.106159320201
4638.283907526722
11950.985514268721
581.8636483119597
9060.971245620934
17017.039687012162
10470.702841481158
23074.155907088883
129.54969653994922
2265.0915111000754
4909.8222206159635
14618.78039960885
20304.322984580787
20055.985171906283
8278.578468081723
6603.433324514117
7806.363965856871
4200.575164565168
2507.313434948929
1186.8207468052458
6939.906354083196
6525.586212858875
6731.646523783872
2898.859368828773
9959.31761462473
337.81928202830227
10151.932066197976
27823.553609170598
8794.772065373982
9929.012878633175
20771.97291767693
1168.1364984029926
2103.2717475502927
1990.8998261792528
3136.6246098548627
705.6987185576253
5076.837744725338
233.9496141741537
2862.409697347492
18015.205903013324
2803.0461673442014
4465.676664778399
1240.1448780981634
2933.453385452182
764.1389238664074
2483.456088051899
3482.469756184422
6923.2699237601755
3965.121634228583
5745.045412353352
915.7184363640646
552.673681051147
9302.53888397884
519.5827909520813
865.7449955556804
6800.360362530518
5619.667126917665
9798.653058109956
20963.412475169745
13006.152563942871
2501.358977180089
1267.3545591217558
4121.319876561245
629.5005102453188
1825.8694596656155
10664.31529692567
7681.0678221009675
3948.98816413685
1999.1652076782002
14187.251802750414
9790.095248567368
7567.670783261513
186.89059989230122
27820.541771788754
6439.36719116781
2880.353947715557
3455.942901234163
10357.521864887356
1603.9786026172692
3681.0583909425645
4764.3327546758255
1415.327215266267
3804.2531577411355
2036.090342730859
4022.322019523244
965.6481878199041
252.4613478787733
4200.609845309258
722.2591283625509
2803.2952083751193
963.2175645245742
22902.715226544864
22504.55178381338
7642.50689789258
9590.650993271443
5989.686084433444
6593.690839355984
1147.30796234396
6683.2355175241755
34679.87923224849
1861.4331400437752
5215.260896626252
3766.967887759749
4583.287910252628
18713.026741592326
11270.941410472764
