133.87747340418088
22.46194876983826
100.70652868727787
8.81314796536372
1.2158046465337438
13.09765602150447
4.146850042550998
12.902853383810646
61.03933169081575
38.94532684576121
26.870264056412122
77.456214452776
108.59898081946201
96.42293625935052
74.12598947417256
29.21962250042316
45.329112600318645
18.035014503705163
14.36364035281542
18.803860135773704
11.371969577633775
27.4028768489846
21.171557754691737
4.300112291635775
89.87166410259915
22.527506407959432
11.557408907464664
29.727068425788566
14.947170612660663
84.8777655064693
59.46397995718676
69.38091953156794
3.058510781381751
9.9066020106973
48.636556589506846
35.822102811454734
51.2495210364019
58.57948476223917
22.481420958790572
27.47951196643186
51.77929339301246
1.5645950132832571
42.27770211139438
24.44099312284266
293.9658271528071
38.88110634233195
83.00006656947058
27.676548681382812
2.2993588003451406
64.35611585053081
72.38651415831555
12.325277661859385
58.92300283895201
199.29467116067386
23.40177871660522
64.99946528030075
1.3204038480874554
8.395982962966706
55.56902583650032
25.9532843154748
19.857487456045252
15.90384996625615
27.978521295667658
129.87212875253016
1.9895363994346889
16.56977378415613
6.135991831103416
3.9938871900018293
31.795448169140915
23.09569658109524
9.467071833865267
0.6911445763336597
