1591.7059383308524
62.322356980215744
3729.9337144640695
3580.9283927492443
212.86844024783454
2957.3234912318962
96.08713242795957
1031.2408971578568
4525.056047209523
161.88192583249312
84.74546295093344
246.31270944552648
3072.254920186962
208.31503950809855
3318.9007704599676
570.1328541298003
2385.342613320083
7687.136065976843
239.73613304526307
1008.7971347926681
25.129908717124447
462.78524143967087
742.3595640149281
758.9123378846651
303.4937085317619
620.8945222566688
2116.374099711825
1327.5937401453702
4097.359973573799
368.4121243424729
2008.224822348735
393.653156553049
2610.9113381904067
310.2680857301427
3407.204505637026
1535.9537508232036
5774.342783998311
1421.2994395853927
10131.129416422897
1460.7704438218684
438.25861327252494
0.6514309536134116
6.432872444087355
1583.1736837568321
187.79909119419918
4130.905842161655
976.1646785199285
373.50880086046993
1105.8743404810025
6206.244749555961
5186.920089800475
688.9738464119052
2609.6586168226395
20.60166986374498
1240.7068263409667
1721.3478469398844
6359.700942600036
197.85627466464953
315.3493526817542
764.6963753259106
1413.3100536328902
69.51645747250917
621.4423978941804
804.2001304433658
1162.10349441502
1146.795450543081
424.2350735332841
1781.828158332354
1429.6607660517957
4608.035623320653
365.2051225902782
1094.7638570690326
