31897.5610062
764.413822187
21340.9056218
3248.072355
22747.6859678
9934.82930983
3085.19730689
24679.8157458
10295.3120301
25867.4504169
2014.03885064
7806.33893431
5029.25474575
7869.26096768
3240.70678595
4645.5652547
11904.2329041
17096.145264
38612.0935283
11364.3548574
15187.9976338
9889.30910698
25591.417614
17144.003609
7060.10226411
1588.66333184
23878.1453463
15015.3466505
6288.53467913
1570.04317134
19507.0496256
3188.02577829
2861.43058275
35071.7965969
37990.7132522
7356.69121521
21851.4566719
37990.3829206
1096.10554519
10530.9569951
14649.558938
7795.56923281
4295.59251933
5370.49014132
16251.3818007
429.824785603
1958.1748699
10407.0404873
14188.812241
14580.6287095
16359.5469308
9141.52931485
4194.28042322
10021.0417613
9853.17763726
7383.76538066
10218.0882958
55961.5268885
7200.12523025
10002.1154023
91550.0199962
4850.07239389
156.327699645
1956.33041375
889.333004704
5272.07124821
1470.85106743
2098.92592525
9882.56762612
24918.1523503
26195.1273335
12777.159615
18903.8713065
5516.52692347
32619.8345191
1074.50237858
17463.7535893
8675.12466384
1235.71214546
1447.68853226
5096.11231958
1124.2579182
12446.6763446
9752.99846365
3668.37594708
5725.67765907
12799.1785311
38691.1705432
639.061322959
1137.28728165
19685.4181798
12747.2988646
6196.16863295
9568.48810119
7736.36461548
5279.58060455
5161.05297726
51217.6411649
29176.9234175
18700.3404163
5634.49163638
8497.8213001
13984.4440365
4787.37785973
1420.71955596
10554.5581314
17298.107508
15355.6585537
3233.9004628
2646.70777658
7262.55181743
25791.6011723
53982.3805796
48266.7852232
9004.70272578
6130.47773489
2217.95895397
578.936100239
5787.12666407
5246.44098025
38141.3792319
3908.66653221
322.791671189
7294.90590375
4685.69974365
9215.28416081
5136.62018935
2956.67297916
1144.48823678
789.865875647
7570.49982935
514.299758385
12726.1933222
26648.0693882
226.435895055
63160.5486951
16405.9741033
749.577693109
4653.95661592
21704.1566073
11917.4743953
11017.4495697
36570.5062827
18059.8199124
15889.0034046
1690.78330528
21459.3036573
17350.6527064
5693.90428768
58221.5401182
8756.24008205
12154.2285314
7918.39674212
10829.7271836
1591.8223419
695.881585753
22430.6115623
3890.57029306
14752.4270779
1346.12931193
10958.9033648
5856.08097867
5301.96833269
12464.0001416
16542.7330824
19229.4054089
2654.69822519
11801.527644
7145.02142359
9456.74261377
1251.33810877
14906.1328094
10563.3742071
258.501963624
7443.67121065
8891.77845415
1613.92930305
3511.51460799
1464.82599416
2111.83751696
12184.0921116
8283.92771891
2659.6586079
317.985560905
1673.12566771
9601.84749527
2605.77704427
265.341176972
12997.8785898
70207.0126135
15835.8886296
8600.00230784
13149.6888017
18924.1172631
6603.86114263
27410.3244913
453.805669092
39717.1250177
18413.5318359
10409.8689761
5952.11251088
27283.8350295
5478.85007861
3750.2483952
1298.21594594
8782.92935258
1414.81112188
5811.25643658
21059.3008371
9671.28080875
8706.30452028
34497.2080843
11117.7730409
21243.3616117
22085.8118067
2120.35558101
478.236980376
9186.4155414
4142.37071757
4686.70494696
19960.5611371
16211.1843487
512.918290245
16533.151401
7683.44532625
9288.16024691
18071.6233278
5448.26503752
6399.42965359
9520.44415645
8943.20925018
41298.9386984
56666.8422027
12039.6385457
4388.54242191
2354.52657404
17504.7472157
30228.7451643
5864.49977503
41168.2469948
19883.5500711
11645.0095286
50.5630781149
9494.56957037
3614.27118544
17222.2723188
13835.3428521
4828.01930062
13958.804982
944.669973379
30269.8329058
39119.8527463
33851.9965964
3037.57208867
16095.1282982
3510.80232582
485.796160221
10430.1276926
3949.36142567
10326.0356368
9520.58666299
7104.32812443
4161.46180749
4505.56721633
32322.0172579
11970.7078267
9756.61176659
12089.8541665
21008.9063319
669.902390045
9031.81333552
4112.34431041
9017.33954451
18376.4127834
2012.27427006
8577.54999858
4470.72903088
11897.3415643
1578.89415521
964.284136936
9651.86293226
14368.6344799
2863.4624643
8969.73009213
2279.95371355
31568.1039138
2212.61971298
18601.2202956
1301.4292154
321.01783232
47759.3240824
28776.9216776
4793.99475316
16278.8990112
29680.8001147
50117.953967
11205.0044089
2099.30125561
14968.0043543
8612.39084285
14378.7979939
25279.6408812
3713.35358501
21061.4691237
1815.36082509
60675.9795144
17713.4044525
814.829965373
27444.8204403
10727.2257041
34990.7769434
26609.4562148
24151.7584698
24041.2702564
17866.0739389
17509.0283118
25582.5330143
7197.37778978
11463.8459309
1141.40592193
7631.45511042
679.830433716
3329.53131609
5699.28268962
73313.0784484
9369.84032425
9073.80694547
21713.7562351
32983.08388
14130.7312808
13649.4475606
11204.0496653
34150.7626397
10998.9472844
4472.54617344
19743.7851455
11606.7075793
21674.5006491
19165.0151928
5508.24238967
16447.6788155
15724.9923979
12351.543648
6625.50001329
8782.56742796
31640.8173249
7050.79656725
11517.829973
10991.851463
2745.20043719
6319.12017193
384.289792916
29523.6986079
16076.2449535
19010.022597
24433.5054166
18565.2115866
16642.9151415
748.560752576
22489.0164652
1050.89544206
11163.5983641
2515.22115845
9071.45291566
11824.287492
184.427363586
12264.8923157
55868.1981735
142.798477092
3314.54009652
7672.21915844
1249.60436843
11062.0438966
42992.8188934
5311.22341228
24930.2280147
7906.52731591
33506.5243708
10068.3854088
5549.12043716
11310.7622864
18061.8603568
11952.4729448
1542.54639115
37599.788247
116.390857508
1040.54456295
30804.398128
6443.63419753
7833.22541772
2158.75344172
6583.97650579
25551.1924759
22548.7240263
5482.24439991
18516.8430411
3179.05854563
16475.6726861
29374.0340055
7524.61188451
12478.1174558
14903.2716832
1794.26803764
589.146324566
7550.98476339
12338.8813583
174.334167471
5302.42701551
32839.2780053
37818.0286277
608.750600475
1503.80265951
23097.2911683
17813.6392534
7174.03405504
3778.21281262
5405.16302193
16021.1014468
16758.4853042
7129.6835013
7026.74043176
14592.9193836
12490.9463968
45423.7748096
11438.7216969
931.010202493
13035.4614996
50471.5380415
15993.0645281
36917.0994036
8687.85299676
29578.0648504
8875.34041212
2401.91036536
8534.18235019
3749.47149017
16078.3916311
5689.18643394
325.178846603
7736.31532066
18128.9170459
6223.85455294
310.895692219
2834.43994274
12886.6441544
35563.972417
2198.53422819
13919.6412923
9884.66852278
19418.6938864
48178.1206293
2832.66911361
21861.8384353
12421.2896249
17353.5538946
1330.56429544
38451.7127729
1250.56391751
9040.12137355
151.058771063
19130.1440778
9525.03478189
497.423703095
4151.02997363
6595.7216779
4241.90845173
3160.68367161
15137.0194339
4026.74141715
17876.5574124
6742.70045255
6581.58739188
13314.0390634
4454.32939396
25133.81486
8866.6919955
6164.64177993
8978.73158028
32818.9474142
3635.33414312
819.512433175
575.031401707
26248.2977647
2295.33448618
12484.4975686
3111.16464661
11331.0122108
954.052604501
12409.4749701
14517.297028
17135.2278154
30979.2323498
42719.4219639
6129.65604364
7111.83932045
14093.5116881
16469.7047261
36646.9871756
60523.9057646
2715.69083903
44278.6467615
2243.07713644
17017.4255294
1857.96356256
4841.01829574
794.275649876
27144.1227961
15872.9897436
5420.69894361
11761.3916532
26706.141336
4385.50777162
2383.32291823
1578.21110734
7041.95220051
740.162477845
20213.9844693
2665.60300558
2946.73601468
7052.9706951
10838.9778798
13206.042548
24932.5381315
6068.21110981
2959.0783681
3865.0641311
39250.0987233
9368.23481111
7396.47429748
27484.9622194
1261.92289571
10933.5458323
5857.97346522
13458.2985373
13182.9650565
5922.81880719
19655.8127965
37794.6042732
9968.26375883
4368.5366803
23869.64591
8875.84186171
24736.683877
49807.121436
7386.20405316
10471.3492717
1302.37894267
7322.42777195
6730.65396862
13158.5682774
12198.071683
6449.80193597
5918.23042106
2780.92107599
8288.76582287
576.447039751
29702.7504363
4460.16231452
9444.75068331
32714.3508077
2343.0191863
3192.64480885
320.559873846
4446.81048372
1413.15713832
4519.9011433
12727.5348478
23822.1892711
28184.5075703
1575.66903345
4560.91369396
4582.49335323
8039.09219821
2572.94391127
12092.1557107
16287.8788135
17751.52496
15028.5442756
1597.13348307
2011.64378846
26061.5555669
29886.9526351
28180.2185789
6152.29028637
10956.8264045
9031.2401075
8249.10352961
788.676864402
13040.6990695
1154.12536455
11376.4593643
31410.7795914
21892.6011648
3897.01526871
3644.49147325
3918.80796546
19891.665929
90596.6278966
6737.03004977
3666.53262055
10333.9528403
12981.6723377
11720.2499848
15044.0937871
1333.39189045
868.108771514
20606.079123
7712.28341758
10866.8971725
8206.7673198
15376.3293302
7511.17928575
14187.8321167
4130.13664505
14097.954384
21666.3702984
2268.98378516
22533.6618957
67028.7125986
6263.09999803
8480.01733016
20594.7749989
31289.2971576
13710.385638
7853.97357335
2062.91454684
7728.21944293
9688.46140633
12774.0955223
63311.6445155
12424.3617426
6566.62791063
31507.6187706
15508.5836733
6230.20709415
17743.3528931
24568.1067165
20435.8739212
8842.78683924
27576.0046481
5851.23996304
21451.0788949
8684.71658795
13093.9225398
44184.5634358
4023.81876864
17108.2313653
40001.2341169
14806.421609
5659.07672353
2881.00306571
4921.78727683
3802.27276972
4166.2760078
40470.6469503
33715.5771019
963.120143079
3833.46957969
9945.21132863
1853.15314342
10448.1847819
8561.8404904
11190.8444334
12341.6116456
614.506861806
18954.6881527
7879.90046093
8587.2351727
3707.30839308
8917.65041677
1492.52883971
16788.7986011
5544.24624665
5851.01601611
1559.49245491
8938.98154602
10194.3112218
403.801309418
5284.72368015
4778.33612387
35665.8113644
4612.19214958
13522.923578
1108.63619981
4290.97986776
11934.0036835
21704.7935319
28771.5908149
1623.73130537
11581.6792444
42923.5830071
179.624490913
11106.5293445
5063.50416975
9063.94637742
6398.02003546
13373.8158679
49402.4320863
12751.5188832
5848.68471272
50295.5113688
777.931565149
15860.76021
32402.1277188
48225.5522213
8256.24521788
4876.76168827
23842.9518948
41405.8680551
24913.8350683
5514.19579325
10721.2180162
3882.33765513
32967.253281
34728.1572573
10226.8838395
7253.8953277
9506.07363997
13501.6858566
4584.75461739
7158.20237349
8649.20059558
23861.0751407
1723.39244659
7096.15116677
2092.56456161
17393.2240127
4111.3986122
10018.3470375
2025.00906042
2634.01261104
4196.71240376
22937.5940243
2374.08561019
2577.21042447
2955.53428855
66835.3779275
3858.39845993
389.830143321
10375.4445199
14433.3257361
832.340204115
10482.5848126
12669.2567593
870.660667164
26665.7615308
50142.7336542
10507.6425891
24079.2408759
27845.9492354
3640.11959269
1979.91522285
7888.71470381
36569.5302294
2423.00240897
5885.82428468
1329.17775446
19147.9559289
8348.45675339
16111.638222
31047.3255218
14083.2845483
37196.3174831
6568.44539617
10829.9702339
31387.3962622
4350.41144633
7607.63621194
11210.7422333
15615.7926824
32014.4158956
7456.36733557
6790.54302073
6965.69708476
1775.55609483
13884.8778662
24949.7308337
3504.58802756
1277.65877647
2080.58303332
15277.4077754
28342.8820226
8445.6608303
25522.7113436
30736.3274296
1891.15862511
4092.22955879
8240.14965993
13530.310389
2398.23523844
15113.0756428
4281.54599479
16769.664331
2487.18907599
3116.04994013
13659.0312889
9737.27873121
16285.5199614
30819.4772756
29964.6860182
9013.84007548
6854.13066554
16627.1278266
7630.38947091
8778.31525392
7445.98579193
13372.397929
24642.8031941
5676.09924347
7998.63668645
2134.89288591
15590.1825405
4556.27252436
8664.2951947
4112.69829596
32301.5558824
6583.74028952
2041.89370147
1906.18273133
12080.6958281
373.020457245
5270.58216209
986.293090197
11164.7513354
858.734061714
2594.22110102
26507.8968539
7354.74520342
11382.431433
16667.3089482
18402.4229383
30962.7719778
3806.98966782
11441.5230297
77786.0053849
25960.2328703
17486.4186889
11631.3821243
28005.6008226
36519.0865873
6811.94063704
6226.98309754
5913.72866766
17635.1254542
15855.9588153
5719.9118859
12564.970302
11181.6121146
865.554694667
5669.16894613
41347.4213899
1161.18972426
34932.5727688
5894.21762103
7433.67634932
2039.34693509
485.084219356
7378.23851867
19990.5054897
1730.83643791
28395.9795119
7106.96331373
34997.2474029
17990.493598
1422.44026807
4322.25029449
3573.53938662
9042.5673355
5450.35486041
31131.2393451
4773.47483786
4057.93781176
605.520729446
1072.32139158
6903.95651497
15702.8540379
10438.4197779
13302.5342109
15049.7539793
10590.9064661
7414.20774541
10162.4684477
32762.2354918
30857.8391028
12822.2707922
3848.01226858
9188.56504094
15712.7095075
1543.58074184
4109.4435955
2676.88429571
627.985162091
2097.2303886
27222.912551
1045.76117202
1133.35798349
36922.997049
8128.71354189
18229.6183142
6088.047656
3913.62462951
3940.68391942
938.382352596
19069.7829023
25210.0162233
12010.360794
21801.8412728
907.162791425
19620.6773417
12264.2186665
8268.32532655
4268.53076585
644.764248933
7679.82988013
9265.78612994
7633.30244728
9227.77703486
486.08405406
20746.0477203
101.79680948
23598.0392154
7620.78005201
31498.6123482
19853.0906351
13548.3363469
20566.4413078
778.994576541
14282.8575322
2176.14773428
5725.72894647
4750.83638138
1778.55463841
3457.12064887
12469.0081218
34079.576932
3195.85540666
6153.74555192
1503.4064984
17609.9378918
11896.5475032
21802.1199197
24984.6572435
43615.8775462
15438.9262124
4524.31560228
1097.34834971
10086.8481623
23844.9930404
34264.4686653
11497.7449356
10291.0736391
3770.39902456
13759.877819
18726.6101126
19057.1687874
44898.1777436
35498.7909091
12946.8177743
9519.86494243
2043.5182841
1239.66893441
7266.12000415
3537.70966233
2513.25809956
1496.18523495
8001.56038178
14833.5864738
9933.88778104
12922.7914325
2549.13992232
27863.0692033
752.61293038
2648.28306767
25153.790963
2260.42292015
9679.19333319
40064.868921
21680.6550222
23674.7121893
1395.74292131
11092.571331
19885.6983931
4302.38584352
2407.4747447
13660.2299788
21129.1809731
31031.0233054
43825.1910018
9305.62605026
26871.6292807
10545.6783994
6025.78463943
25129.61605
10696.1069947
33402.6230984
13330.8353351
24875.2981601
22080.8221632
28059.9708338
6985.65646359
3346.8359308
854.22029825
3219.84007492
7210.23618782
5215.84763527
37972.548963
36128.0746563
67419.2681401
7163.65630667
17399.0305673
23801.081409
2977.43795188
25721.1254835
28292.6099195
3433.19938787
20192.3803927
11742.2412556
3202.99624806
315.024266964
1453.10178198
2687.344911
8579.28308979
19085.9365403
10426.7059846
4876.88870126
19395.7245233
6958.23279974
2578.62094159
4480.63149885
24974.2340654
12651.2244735
31424.0353213
16900.4600555
4679.45784082
13020.6144227
5978.30520814
17950.1031515
3584.18132775
2370.12600625
4810.3916087
25573.4453391
8599.10267051
9723.41752053
3094.55979273
51825.2957425
16093.6200423
5523.31696088
25069.0550045
2899.18190196
10651.5519751
7804.07645387
20269.0232254
41017.2798361
5956.46415329
73421.1245587
22682.5983949
