34771.5504217108
21486.427373885268
2193.4066788786185
22562.32005608225
40542.74847212228
12038.924861815212
32595.54204671825
21392.966345958175
2557.5848835346765
3192.54681127508
21711.239256671637
6348.799630555269
44537.65401207818
31300.449484718945
115791.67303402911
4191.7218517351785
19827.925618754733
49223.92307634463
20706.2267691326
30753.91556115296
38204.357934449115
10117.444326023839
11027.252608240206
28643.203506528076
10653.128078719523
1063.418576530879
43503.45681168911
32082.75832543468
12047.901063719477
7770.38648705242
21183.44188660902
6449.967957909076
4077.8077632608756
8438.5386783909
14447.928723590914
243.02796068281285
16017.729680574914
47555.38451887802
21067.093194092624
162320.02881323438
631.6016438660424
41496.26956680268
91762.03571971368
28527.985329779433
20590.780385911417
19185.961302367694
33635.097192124405
8766.063110081093
1133.7891480317157
49212.30357156794
44634.78984073499
20700.555254193994
41404.55802246125
29675.063541530002
14336.947438446952
27608.998096221076
26616.94111654815
72924.90493718932
17068.649912885976
4755.016656023364
32296.172018188245
11745.42158662895
108153.27951934436
6662.005113349087
22055.962532520498
1165.2290294986349
13718.418873688848
2011.4686836644703
11633.689707019417
73273.40707749661
23164.197975993997
27626.530665589744
