52858.288122595804
17174.026564914482
97228.35718807808
28666.108248864828
45467.31224126902
24144.72365859398
7900.533706228209
18289.702917373783
50986.38883081788
22120.403429813075
34665.67898059395
25531.301597894537
49307.763134535075
49255.318046705135
39955.04576623828
37758.96891616257
18269.00046303468
30384.043103271844
69142.09115552597
7092.692607036381
40664.06668604804
64341.303788494195
46092.6435188282
94833.97918220623
20994.516036604065
37700.52586381457
6459.47558566755
5618.149085096078
5941.227879356574
25327.012966264294
13331.862479107303
19672.13076236586
45652.1444316645
24252.408214819206
20982.99284739744
13581.052857096856
35379.91854770552
5932.250595992151
45646.449546865515
112612.1240984255
97536.34036428572
4698.969378519608
9445.612155338413
22393.249710710315
25542.871520784236
21686.792183415182
26146.974189854667
100944.10194989183
6868.167971953895
80814.82134209454
15803.157507716669
14463.955977518011
47232.805712160174
27345.407742841886
12551.34794527283
7080.160968015356
11331.716204623603
2540.716090397934
14996.835610758588
19201.098188038897
9202.926183300231
22218.2645876017
8306.359068749078
20634.83894119479
162989.49049025628
61332.92130747496
38058.753829812216
73076.26442576805
79873.76448862169
19481.20186772114
48756.102028597954
64228.95155289439
