34484.1852432094
63512.28581090465
40885.34722381335
221346.43447547243
95386.90234563795
427666.9029815437
314225.5686584679
126994.10352641738
37454.74656084391
74107.73673595398
144929.39372549034
78666.92972767484
230649.72871938552
92213.47290292794
65141.214637587815
106968.37240586996
5337.002857303454
228853.34633841546
104442.37607102022
393721.34652529605
50998.19557612043
149223.78077341203
58369.45207677331
39617.045321498525
349012.80354185967
65003.54216923074
35092.656201482634
258774.92910422658
6340.162121392762
48829.32892535877
7166.119748814338
62829.774916653405
119498.85145260511
143259.17062946424
56479.96442657502
236694.04383672436
88541.23941469345
162310.76657294368
47335.55964130578
391686.0590362875
31632.18095730182
3820.943168888327
480605.4318598984
227824.61299352386
293745.13936897117
243100.9594088332
86338.58170123886
146540.25917867073
45155.25457385968
430583.1564476287
25921.049435080124
46726.672584189175
24980.366875654618
65016.8464006035
3707.732797689682
115953.84733446043
118790.1249278434
364114.2948059339
6124.637854558495
185719.60181817895
11991.446876377107
379958.4271872426
136863.053906102
105269.46072338815
25919.98051823493
17169.12100869368
70873.4768299639
92052.84851297508
317424.59379773
3475.970717908594
27129.824595900445
172756.94956765845
10335.327868301798
94855.14569732947
30392.347025436415
128330.0651240584
104821.42029048868
2723.988545761946
155320.614417534
156191.52677825233
62776.78580094409
37984.61585872986
42154.59324784869
20844.187997988683
15230.027064007068
100685.194928395
111612.08414385474
145172.862955017
39394.08915434118
85295.04130636252
189210.62911791503
136669.68881486933
72904.64624444456
138455.0119792145
440038.09679128946
383681.1206479045
271935.7762325117
14079.072696163037
159423.9968961015
350627.23183061695
194041.57787225768
108409.83403481431
94842.88564535587
69712.23615054935
123851.97175849184
37323.43043172362
98623.84114894402
24447.15691729489
77086.81024167553
1928.9062808672031
224657.39645239196
5896.5446941582895
38640.76263990208
102402.24197320061
80347.2942958533
36396.43670250128
115472.69310300397
130085.49136734134
55268.944849723935
291068.7101225921
58339.97145175928
9649.741277694346
661467.3751673776
7478.775354177829
26518.891879597548
133795.14010295787
23285.029560401304
29085.92306964077
16869.11611595309
49674.661930136666
22480.99614944293
37649.597637001345
52264.639566727026
334647.5930018483
61165.09074849053
68532.66032430223
9817.892616040886
56092.59533257047
145940.17373680888
120433.87340662639
116416.44849640013
30918.194124819962
8835.329331105038
143567.0779027192
346680.41105069785
33168.26532763989
33577.78243481414
188447.41614820252
16510.221958166665
302790.0056897571
66811.7357346084
244674.96650834152
142191.149576812
91458.53509208109
89996.24324774614
283032.8522997348
294510.846824086
287352.85663617327
189452.44570670373
251969.73003327698
78275.42941819802
119072.3314271089
250125.79783132114
191105.0533272692
30454.16598344154
365523.99171984824
164426.6129375589
69072.38959847936
214791.31533412283
101668.38048414138
24962.739176636496
513896.73827217356
2208.9760763509403
995.8307155628155
260407.16528722463
218960.866169017
47228.80914044791
7379.893804524634
244509.8131254291
67489.59676475714
32201.210422331333
66818.29704090855
11234.786369195423
81827.62576852446
65854.87720899003
143450.6514804183
70774.62863280925
301022.23189053877
45973.26352746648
610480.5893850377
106274.41619736957
32654.977654670634
20897.17002056233
53657.26104658048
136015.33360242486
81462.40600363308
3478.405654768336
235512.93633524154
365302.6036610489
21315.09458657874
126650.19938367941
136113.94925639007
41564.660502740815
21234.95539129406
123368.9108987622
47940.648967846515
107246.95082542792
20892.17226010568
46013.16299671507
53609.09532599947
63336.739087375725
184817.01854020238
13959.04589078812
378047.47256173566
33838.43039296418
214838.25582943103
287415.0043866483
222017.57660280424
177348.30407932735
27193.276357285158
6603.631488138449
100643.52346523508
44304.93969407194
31488.62794903509
260857.73837040964
41693.02203172965
223468.45596989235
6639.592487681805
256187.22463696107
55653.798308159705
35536.53257856408
145110.05842336154
37014.892826831376
105876.36941248487
37489.569387376054
120144.94998880169
239646.76705889663
113535.17191012105
38435.80114043763
8302.163148147432
