23616.100729355614
40346.89979758392
21039.08819077968
1517.446360479231
29532.06138708293
835.6645147335279
7761.966607838248
6977.607318436866
60510.767202053656
16040.61808759064
26353.94148610207
85255.12032588937
25647.014184954907
38801.97462684439
61924.53165839322
23969.837055550313
20604.69663825568
5763.815619592742
13997.397788448776
43598.44980712679
94618.21556409409
10170.73658866098
32264.43180718151
6240.147965405779
4660.967771283692
18085.432766584392
11022.824324031724
26829.056439074364
5827.275560747508
28631.038502374096
31885.955506024387
26647.875757533504
6183.875064579789
11220.770688235312
7480.732547013649
47044.424729877435
23216.836790376034
32428.541883006867
2204.043156761244
33138.72783082887
2105.9315987385366
57504.65261027805
49408.32454295923
48645.49228214877
14067.970582125809
1456.120727435256
12347.457519047755
14006.763616099694
61206.595911260876
31062.410321077426
19595.448445109098
26970.631569817204
75762.4003734777
65061.62598840051
73469.21918577058
27395.974442394658
64017.38669959156
11551.696258431733
29994.469251330793
12162.757971898702
42790.73634246721
6277.655394329175
16392.542262296676
1279.7240538144924
26012.95219130336
18488.16515934044
1380.790837875287
6900.043639994767
5062.460685610104
36181.15972490586
37120.28347628456
6573.944374806261
