6040.506939717881
21.24375531935818
992.25904405647
95.32652903607078
2269.0100812430537
8.93435421193434
1030.4590815754082
8.301003358405374
89.08597717096237
36.5559724768886
188.58853811405345
30.76326888191096
2902.250127935828
135.69364270350707
2437.4123341168083
4767.960302941404
1093.4691007303459
813.0103028121779
10705.40752802275
88.87607782326208
139.52363746066453
62.73977193552592
18.08061869613173
80.60756331486779
8658.32393057715
5299.777050126645
43.109689797271706
328.25561794766276
96.05671569971125
69.82546983815742
2896.8770337804112
49.31074958708223
6262.406299603195
62.86368614932684
12353.523559335268
5990.120773045091
3083.3670485156763
19.44965155344663
39.49174698300206
67.06631582171572
4181.63639622995
1380.736852279329
10.968815769961557
163.21619818131802
2526.3028055027676
13399.509977529502
57.001035965827185
101.47811027591626
37.15175291239194
113.41275631338054
66.34085940463312
5040.027834015966
11.520023155997663
18498.891936040018
2512.6869033152693
77.33473484965212
740.007218812703
4608.336868447639
92.89608451423489
65.1355705050386
1656.8571662091704
16788.65668115324
11327.139772879897
399.6611106145201
1492.0500227540304
2.435335556711703
28.350675777078763
17.046270533221186
897.9099336468031
714.120841850241
5255.681273951001
115.32321630052338
