179.75142832167606
21.600918150669678
289.3681438329885
4893.707114940806
33.34705966223268
4672.8749578768775
78.15268181197267
174.07111655247337
26.113031576663605
282.0590188819014
197.48961164711673
146.96198561981717
80.76327818685941
27.620284189053915
153.00553490175528
201.4744277731696
7.898082974171585
74.3630339705476
132.87390282399255
6.6006316532782225
7.035789578808956
12.453100267036842
56.03625710323619
49.951501477452965
196.3020970125089
96.11883536639118
4802.61587100678
8392.451750905335
1953.9697097689434
216.7229472128847
44897.42284516195
1738.991358065966
111.41289151813305
16.66281697625557
29.206142342754205
16330.491820434427
11066.882153270919
56.56847835593535
1.36578290754799
123.75036120290036
34265.66396263332
144.45767067965522
7424.751546936839
19.729919357763404
127.3526809109931
49.0638736665789
90.94992241543227
109.786284840951
29302.823923037766
1630.1058596539958
81.84357138021247
103.7558841043412
211.1679089266706
56.46055958479379
67.13150322063845
21904.809240333954
1.9488947127183536
156.89507079505424
17.32715045032824
10023.944820419876
69.79269167770097
72.47840568304692
11963.594854578121
11.844317094377788
81.92928469261022
135.29693572689422
78.81388094220696
44.93311487340203
10.973247384731076
110.88702323276124
256.88815368140786
1183.2200906906585
7240.340087951845
38.838315382310945
192.51094152147195
474.0564031616142
206.80735595301493
162.69958382012769
118.28638845408196
550.6984977458865
61.877383545983136
156.87422554618652
167.56104873161067
39.11915346285528
218.93218719221514
27.29714586170818
114.34667277131585
12544.555205859631
48082.01832786963
17955.327824043477
162.43245894503832
43.68933108289822
323.06294880058715
10006.109597453164
311.11696528575317
4747.335973471354
17046.313748049015
455.7008812147688
34004.85854275754
13.03564404354915
1353.1775611314972
99.01060509516965
7.993439579863199
201.85505241134007
461.0250951837391
22.22345153199894
9066.240036614698
2321.061147787931
99.33655291792321
47.45496373293665
1877.7851005818618
4.841619032741113
44.48010633235993
223.9967072730315
4.866886616935811
3176.662457877815
243.1498902333817
203.06906961588223
17567.304771781342
51.00435319319483
59488.76227318755
36792.702255457974
423.7489649971136
156.55631091781305
47.26287332505113
55.91189579514926
141.54475303068364
22.276122939818418
8923.737807609874
17645.14185176743
1.8904647385537392
1825.1607690924336
103.59347542544687
64.55365566304923
19303.38585441685
118.84280496990893
80.58714121195304
277.41452285290484
174.8937483032813
109.05632504387293
8410.717179963834
161.13132919618874
132.15514142804668
22078.408455137764
29.90733019643276
20.900405367919678
57422.97312264094
114.20436309749971
32314.74628612458
53.379433213062335
150.1014560545672
36.113757314471805
7.644968475658631
12892.147895559378
147.0543713295992
206.9796269245035
762.3840626460468
404.62521708298414
2143.1672019561975
9983.974814144225
100.93727217986343
13952.305044424706
99.7871638235694
60.85834940527037
138.85179231569083
152.3100196752482
22.22797704475298
37.42410728385808
106.6138096403139
142.01531391692913
582.987625793515
156.14234991338998
79.35857368162233
19.413696627630486
92.53633607004453
103.56319561728945
159.91796398059228
57.862445575987465
163.87914705923313
34278.24248533901
189.12596368974528
455.63200362448134
14275.88523439952
23.01988790687667
63.41002622383118
220.23396241961882
4913.643132798689
117.85705902112655
79.27612974434412
203.45529635102528
194.77657979758362
1024.6252313595937
70.95545616387129
78.68686922733296
253.90082666746264
152.72893852757164
11.349341222003316
127.85327754671971
99.29555494477789
56.6944822097968
139.30519203371435
77.3680517132782
9848.725971891532
125.6149164103761
274.6937082121463
124.89138729530829
101.53896443014291
123.06615057487294
2161.4271095803488
9009.394963422772
70231.44706725117
4.7565975582063995
110.36799138032798
23.368087029872186
3932.766428130795
54797.79953633206
82.11241575981501
118.17259693604953
13215.586719589779
6.880479871704175
68.87087216445211
40.41018503563609
15245.763387983892
109.94179512977924
81.19474598887312
138.5503602168298
66.03657053255206
65.76329455461692
348.7178593436538
215.06469894970127
777.4031614335661
18.812814808794737
103.82693591709656
22651.95207956581
7911.7331181151
41.01862155171718
1031.3735862532064
53030.13327287184
2129.105180033197
24.89869028645543
