112.31052937691304
90.33299385975849
115.93666441437844
62.882892298553294
79.59347260559447
83.71193973573516
346.53224587810035
16.685705797039333
2844.072776850255
0.6225069345905198
27.636855015113728
11.518927506160102
119.66975895347964
39.144839639795094
196.90554664284514
81.20935722618002
237.73986014326826
49.21102718130381
16.084909990425412
84.18784500642877
59.7681551495628
28.49039152878396
163.31924175455586
135.35272836733748
37.868128265185966
4076.4410625673745
98.52308586953747
10.499905711229205
67.22067865023787
63.75405207237098
234.3343740944461
2633.061839335441
34.41170200913858
13.599234559754375
14.043548073906045
27.467858634725935
144.30566028256325
48.67261413393093
21.510598431281966
191.37150881748042
207.79330761611786
15.696465654130341
24.358752482888153
27.35152460723954
91.5344549960495
48.62532698007941
424.256763294243
20.750129476359835
222.13480211398462
50.409528256083725
6.5361233072529
24.727866567426318
110.88029827634867
21.5738416468896
87.86454684685494
84.88878825799387
184.31738623843205
145.39785365877378
72.23289259064346
177.8627867803515
2.6720890992225215
74.84023137457845
9.611843270290871
170.3677828219515
162.48738218889918
129.7949903706546
240.88037158517557
74.5791086555976
622.7689134590138
247.5968974436771
136.44702055792928
96.61815364845337
165.43320560332066
54.49953272838531
9.756013542796188
170.22805026193055
279.60960247566214
88.91082490022092
45.83906874492318
153.09129115244795
384.58077754484316
200.42626238942012
2106.929736163563
16.418614796047912
39.704229292386806
145.70832332198137
19.852214361258046
249.78242919898634
10647.109665855867
8.497430112105924
46.70965558436588
291.3936637374789
15.513684800838039
12.943719242834513
20.66570860464607
145.4310717340707
127.43275963067956
22.24228696806106
93.74012280776478
80.11177206869807
3851.936876307364
129.44470248314818
131.51299311725316
298.81407956503057
26.62848420393001
305.51949762211524
372.301953387743
81.04332918804032
75.77147713312961
21.665144638627297
231.21478844579985
92.69297796141515
4824.024621707867
179.3579041625585
151.62213048251945
160.3692789635469
49.37228036315896
101.48329944044407
45.49037886633184
129.92672767294064
60.39228155664173
66.07762895101588
9.34419736913511
409.0691560752127
51.42056914013028
174.41077750023425
108.83346870162802
1047.9391282752538
31.14229382113268
27.01438942062687
253.1593226921606
23.65877375751123
24.29480919962991
173.2874944010801
11748.36414012464
41.215107523588465
4375.0223454684665
6767.720762796276
12.151727017681162
40.763837668654894
25.31700807518985
68.92231786517053
749.1921611404601
21.19814132179994
22.799371809733792
800.5979194389365
39.40345856749466
6.929221875476774
1.8859392843684786
24.509118945008144
33.676969952898
251.43263780452276
119.29663759612522
235.0271166445426
73.0975089399569
3.5233039461802553
139.21784568131773
5544.222017765071
109.6303648923678
85.29576044535185
56.81551466703592
28.094209196201042
90.6405090150272
57.33841803570964
1.340632940213093
31.550932520320437
24.155121896905435
50.721992225716015
104.52115016272498
15.66368445789393
1.033721272109331
234.6248248123363
56.84836612407751
61.17278672462723
89.11748794572883
8.463253285713384
123.5670450963534
42.34348703354781
183.49149879074838
155.00675889244513
7.816632070636232
31162.830240712363
25.981248732088922
138.30023490770085
97.02157089870852
102.87954506287915
7080.740989404478
47.995710697582204
119.51405917486512
172.12472396646075
135.5754009032361
47.47062579528334
42.375139618044976
5198.323483340606
156.9997858598812
5.791168990439204
48.63094050644131
20.036988628997054
172.1732645399362
5360.978743918893
112.06628388847507
6.692749108379814
15.035136948675117
107.87953811664879
35.7543112817127
32.90034390011297
85.65857394002349
314.8986484642362
66.05379826155155
74.88801011621248
74.04503251422217
51.911785866663294
170.12514844181945
70.67398987839857
75.32697535497537
111.8893674707148
9.117917648247495
230.6632430111991
31.89513301066878
2733.982480369097
113.81169529354577
179.69127803325551
2.8121785813905946
393.42096530427835
100.93965935112746
188.3592299490699
19.070355359748387
30.235756616619963
45.19361490005233
2221.57582561488
20.590029986924318
56.65925983791514
36.13743825954977
2.927911454845635
157.03740624372128
20.673939308801884
112.02987902742723
96.2390352905072
54.23290390947339
117.91354420574181
