10962.476970900643
12096.193221900628
3899.445302614495
4167.86804336347
2604.3187020396554
2436.415549696573
1616.2195340860417
968.5942543414085
4047.9079749338084
14399.251775974464
11048.230057595516
12824.460353005497
4277.833547618738
2350.337285905032
9407.78538196
9378.333378997559
1540.0956511698519
1499.3091259253745
2456.9708332864975
1743.1470776392875
13956.653719049515
2199.007402677246
6715.83725692273
875.665926738512
1294.0928118701547
4423.051983723404
3879.6353396457534
12416.736922637676
14841.438377693268
699.8953758483974
3432.1791394361812
11214.052513272749
246.9119421105231
622.5980199316496
12253.321270366227
2536.060640214223
15516.115728508632
6387.998101339226
216.7558320654817
2626.589252685041
5398.345114606466
113.97731527727179
8485.587030552033
4029.4626291156624
6392.631480292282
14522.890590261404
19169.867075333954
8290.52252836141
9211.309562125734
5695.906191153041
2596.9504080435086
4533.382430265257
1033.3360010523745
2421.3470438747245
25097.28707169441
1519.6796824430855
6140.580408074714
543.5353830671461
8601.787415714722
2181.724250804833
3314.908940531764
10169.943612275258
10610.581522544755
350.3653964139939
2589.8018841315834
2151.4309326710554
5999.371927135076
13821.86686853958
8051.068622943932
11703.109646688443
5144.519859122929
5114.662954741144
