2025.50329831
4566.12397116
1909.31016156
2031.46816277
16471.5954667
2451.26521614
1332.78156468
1745.50140964
1428.1458756
4448.83150782
2580.20805855
1330.62468323
3168.05333623
1502.62298429
1956.84048549
2105.64625933
15053.1991809
3198.36248138
4280.50309869
850.029788967
4162.68166612
15693.4667895
3131.41419398
6699.04045072
11611.7297472
1479.7116416
17410.6471161
1855.02381025
2151.14065604
680.282587862
4183.50075666
7248.49481655
3300.26796594
2592.01063166
34334.0865065
658.193906691
3617.91566615
564.594413892
3303.09675556
12587.0079045
3836.0924752
6383.22683791
4459.09235425
1441.62705835
1387.3306394
6398.3489788
4517.00860661
10316.2514343
723.030229136
88.3417724819
8128.15438865
13169.8718717
4019.25532751
8060.47176923
896.967688026
3654.51600691
549.018991896
2961.62056393
1542.14576677
1597.27747673
898.592096749
5580.39663075
4953.25604266
6071.74240544
4499.01382783
1737.31429723
4491.65907293
8130.78789347
618.52599819
2080.46508089
1988.87636662
5048.50611369
2004.84821641
4780.05219183
11164.7681304
6014.6676555
582.61186076
58.1567449558
158.537318856
762.174357316
3601.18857786
4282.50236857
7027.91232152
882.455253987
2089.491846
645.915595549
806.610806605
3711.5627816
31.0546658353
4930.12154845
2739.86393718
11057.2810284
341.818033325
6105.47215083
5763.78577461
11321.2542752
2.44453453895
10371.9394124
1236.67504412
10779.1505634
2523.90784429
2799.51403035
17701.307801
1242.18421955
2307.54482171
11801.6481277
607.123614135
8795.65149143
5823.23208256
574.34272698
5923.21650202
10121.1878199
1068.15481476
791.602525455
5654.43735842
1434.93444991
15045.3179667
690.860357139
929.595807467
4748.86240567
5995.27195366
1883.64205494
328.299366369
4232.38635221
4169.69715186
123.714538447
6729.63450357
8117.16065715
962.277991366
6629.76103388
8927.90289108
4688.96474132
3685.65923792
129.117251175
5725.78911159
4650.02827257
6117.33003705
670.537483204
1771.11639723
2633.77812116
1615.75302844
3557.95511942
4848.9061623
2872.11233886
3857.31744943
17392.360819
4931.19857538
1137.3933138
10060.0935785
263.979356618
4960.58748779
117.384940472
1294.75877359
4844.82742217
11930.5979294
575.390627378
1385.42499687
1061.98756899
1423.4418183
2120.80853675
3498.81742205
7070.05211525
375.024434754
2101.20823239
7260.72828944
4797.61245248
6193.98721281
8201.31978298
4101.5999291
1187.47351896
3461.98222376
13431.9633413
5102.95994788
10899.4375897
1523.30156214
3109.46935333
7831.44264628
13552.077875
5484.35823215
12010.6277586
12425.9286722
1600.85346826
2780.9768487
3312.3261706
13249.952948
13084.2582941
4527.2083009
12233.9165176
6672.17741005
144.115461822
2686.88512262
2295.92277028
2713.85581225
3139.99546583
2654.21833033
11057.0203492
10551.5518703
13127.6939094
7635.20925877
3314.00064414
1071.21592932
3130.90707578
5483.27934549
3273.99113113
9099.98386549
3099.03171301
10248.8077902
868.28032297
6086.52327945
5869.60923927
2.09100564307
362.086720948
3566.5387669
2743.2314871
2389.54967961
1053.86390023
5771.82875191
4911.35161004
10510.5380413
9863.24756819
547.65314685
3655.60336102
5641.78823989
2010.10565345
12576.9111659
1486.93872583
7419.67222642
2035.8907677
3445.15814179
286.128173383
27949.6056982
40.0168497878
2286.267081
18001.6085005
444.651003785
877.600308149
7246.20716704
18991.6234578
2540.1022144
1158.42697291
3147.92793382
8887.37126204
8270.85286669
1232.19121202
13158.1293243
2483.84702253
1856.17348851
3617.4266978
1939.12925431
2864.10073138
1495.49539574
4480.65168365
10294.5866959
10779.6173651
4010.94764804
23995.8342145
2191.0144803
1077.51870408
101.887070608
1204.6003389
1198.91193169
1726.02874273
613.068699353
8966.72568211
2480.10375817
6255.7270046
13915.1763082
13786.0882226
2927.79746149
24509.247717
4222.03465376
4312.80853472
4528.13443686
2239.66947091
2077.23350247
578.688613843
2322.37128841
12398.414542
5572.76497094
3658.77526352
5827.67310857
285.476186851
9028.16043567
9106.98176264
9524.85703118
26798.4211139
2053.22928642
15730.6164626
5495.09452654
493.625269939
1854.35104687
2541.47705968
92.6885884406
1411.14772965
7284.39010115
510.413338991
8871.71866431
8663.00045327
972.521472387
1760.44901469
7715.9994285
4910.27197663
2114.13421428
14433.6462521
154.571969263
6018.61303576
14035.9917645
3500.14680444
2938.0235269
1397.72888883
2079.84658296
1018.50401043
1181.12402899
1608.42368385
272.996244208
3252.18284375
3735.43940116
1449.57909135
1671.60682866
2240.43620101
2776.93032321
1191.65604158
5979.86163485
6163.74471239
3307.64833769
837.718172662
4843.41127948
397.382917152
3421.84053911
29.7555124141
5549.10384363
3592.96040718
764.935020913
1649.10302695
5564.45557929
9003.45956783
5858.13415643
4520.79377561
4273.05244433
13510.1076866
5179.77301528
511.211111406
45.2565218991
4738.71556636
352.23106822
13124.6286434
2723.53936885
3887.28785277
642.683911449
5075.00315788
316.113647378
9439.54854629
2591.27736633
2763.78010444
1644.43946138
1572.2254472
2215.65527207
9394.96718928
78.9848243252
10757.1314788
4087.72634438
10372.4855447
2087.97921119
4889.12602216
1219.87412256
5885.71466026
12975.7645798
3946.28476866
1190.72950333
3269.36255879
107.727400554
5030.14181658
10633.0896242
875.180142538
355.134424818
536.920752018
2345.89173681
4986.89707859
348.132751703
4629.92789392
1970.63583503
937.833691574
2052.20540319
1596.33708757
1163.8780627
4106.20984139
1797.01084601
1235.53095167
478.671410262
8778.90766446
4393.7861949
5410.69331703
11351.1408265
1048.55675594
694.280262675
5057.87826848
5.90014701247
8744.79215974
1230.3687042
2435.07192031
3463.93687227
5963.90431
4245.08358715
1417.63039342
1163.7823815
2499.456504
2060.13472668
1675.33173267
1053.3480176
226.591157988
8919.41633361
3712.74611367
12848.1361541
4498.9723476
2211.37403593
3772.89309133
1317.5440073
2764.35426799
13610.4417783
1523.20706053
2513.26577499
544.289482637
10968.8974814
1024.41466276
4991.03271199
11999.3707877
63.5039603367
5044.87777183
5541.93990351
17855.1473725
757.068799374
10459.8548628
228.685101295
2773.20485965
8894.71240634
1165.53451559
878.351342345
4776.90104207
7522.76885068
6768.85350991
3374.47445287
808.722734654
1420.24176812
590.526029262
3780.64808343
3930.6429962
2892.61320404
1625.06289798
11298.4399596
2215.31419172
3160.41107495
5275.60389509
1818.18618178
9049.89801458
1373.38493115
20681.2418948
5023.87564712
1983.40132039
3456.38288823
15717.5717155
1794.05340774
19224.6179457
4004.91627845
467.448121725
274.473087211
16509.0452562
1139.51283947
6345.39182363
6226.17799844
7237.77090425
6584.09427637
12530.2164439
167.385972791
11756.9932098
4699.17477962
20.4228470781
3014.16505594
4859.20076585
3630.60179791
10998.5773487
5014.76885724
4674.31580492
4242.61953102
4103.16559826
5569.21739149
737.470120865
4520.18987755
1237.45614089
2576.95107947
539.123437695
8245.85614288
9925.76699998
1202.76403474
6071.28286708
3570.8082926
5713.93088057
3470.70963758
470.309021082
5611.46545627
224.375510675
12277.7835898
1378.00488196
1265.11132361
13344.5455454
28333.399132
5169.77158752
1141.19377453
6376.30015324
1409.85672757
6353.58955367
5559.98464597
5611.80334816
13924.808961
1627.9168037
6171.4119403
660.993752872
7874.2302043
2705.81153902
8741.41559381
74.1740309907
4527.30025571
98.9062537806
6958.85875086
72.5817173384
2446.31799231
3757.1194159
335.206601938
2047.36243232
