193278.10716407103
37092.81885708816
450871.32394876675
56581.44428591996
26107.941738635927
26547.795422578296
326326.97220736777
13874.916819596627
162918.07151205637
564709.6965830054
340220.19927846576
3563.0710883161364
59614.341989415356
324346.9511282982
180305.47476194793
15922.072340432427
265959.1491252272
53290.6428820358
2972.098413403898
3135.6418473492135
65886.55393875597
118146.7898934519
138714.85090002924
123313.68107350689
16004.56641297768
23574.92290909274
416092.8587130707
38642.40189424826
203607.0314348423
147266.0685191226
438210.25323354057
24305.990484574962
67135.5973733002
25505.054860821743
1003394.6304947432
345402.27768934
635019.7625108701
122104.89563943453
499151.2244802108
21193.18329335228
150920.3707935871
10889.34075192371
5639.899143198649
38891.664290382265
25951.02240115071
432121.1074466564
32731.11241448513
177493.46707197232
221515.95100992854
48529.45676286174
21569.103500046953
50620.7061577422
191030.35909080604
85824.72886829753
1777.0285153246946
49316.268249075256
97855.49423586836
18923.33957779822
408472.02710946975
66703.96487922144
417854.55272601807
169251.28989201196
167453.865522735
44271.46364363254
39785.316475739164
55145.87556600289
249122.78645967154
445717.7005326982
99764.66543565584
347222.2785995186
6082.674825396844
120508.66653652211
