48545.88723473659
7453.189367338062
19513.38424408964
489.9153138741455
12677.979804443123
1624.081830268817
425.56411159781135
11633.18506005626
5498.875881303908
14199.144063354604
798.7897791823744
93098.01918823225
29251.86100931433
5115.518817027036
3633.3989192709923
41304.256505203084
17883.344910183943
3489.8841386642953
8840.601453166128
7683.075597757512
43977.48467883743
61567.87974522525
95807.69958715873
7974.9870297763755
2788.6024602991142
72040.99870270687
31593.33037744583
335.9877358094502
16788.053700032095
16574.126156880015
46665.02033106761
12388.145525971755
14478.188839505703
57803.68136393556
4400.724523969467
2542.4357813020524
4475.320711595937
2681.2808032473977
2320.589427398761
6129.213813851165
15833.183634638901
25964.5549469232
3694.5385521992966
64282.354738877584
8874.166416124453
22951.773830425285
10317.085698626524
50000.426949050205
4491.176025160728
73239.93406429976
26073.375057717138
10213.25134498029
44147.68055001356
4384.9289722974445
22962.19034593174
19745.888206034473
21202.035612514333
17829.81676375706
113218.13624429725
2753.6116726163286
16787.172503748225
51355.25712571844
44275.7244605654
53195.48650610587
24920.366339234246
25297.785337725123
21545.99218016729
34738.48632092155
15945.256609420914
14963.520750420626
57158.72844437905
1151.6163692811444
