972.4269385301232
1012.7504026816108
542.5041564374833
173.7727816091463
1312.5517938926923
1059.4820535827405
1938.2931455742698
1520.3987529939734
270.82704691710046
1538.6111813822918
3260.5214945843927
1358.5843534760222
355.40991882745874
630.9632262829673
1557.5974115220051
1166.2225511157542
2158.3669616755365
683.2148546574599
5109.970796542622
665.3623935216685
1288.6534461397696
1111.8069096235176
58.19935425663712
1212.4255342102615
384.0444277867683
3329.428216228304
707.3610966591133
739.8280711797505
1674.8056730224862
3785.906636855725
4731.0917615004
167.11666184172086
149.17928145673068
994.6058699872402
243.32844128990484
2019.0490353827925
3669.9180016928426
292.6004440691043
7021.936284983187
1122.3048112906033
4850.043507608076
2018.3401544375808
990.8730853626612
42.71698427694478
7399.8781332081535
4166.784575419551
659.7542392363215
5051.179852743027
600.4927257680849
1199.405573915294
2070.460550255449
3898.1245542224005
190.57577001486942
10.984319707051183
487.7103022202891
381.43004756652743
1582.492611586847
3511.435179685455
761.4333846693739
2845.400277872199
1482.5330877918855
1981.5535542751322
637.8138820107051
2870.7537619765776
1640.4347488296844
1165.700282304297
10.417378458495643
5092.941055925213
1530.810934988694
696.4170543982052
875.6703209785938
797.9452502333127
