316912.685383473
241113.99025134213
370185.13306438195
14889.457504873713
60884.19485946182
126228.06395010138
275153.6971718645
503331.51454412076
155844.92870292754
46096.03231548854
84890.20184415442
170110.9551124648
120856.58361287286
120205.46355063768
82425.95423975939
350943.4779653994
408890.0417816793
2610.3576211863906
136228.20946959357
189433.80688451615
43057.596561154634
153717.6320285903
215617.9349869966
101981.01667199814
728904.0159132229
55340.12240630731
65573.17718800798
223084.06376835704
233972.86299096388
93176.90922517983
58458.51890948544
47784.39659305992
138746.14730611234
111398.8701378973
303533.8279282486
373910.9459844759
256372.92328757653
208005.1325767309
243283.0830183209
249630.7481413864
256126.34490949567
89368.27505866818
2032.9117213020133
125129.9992622923
202404.00811687694
17017.386264889687
548841.6496467422
204965.81680541718
622557.1067404969
31072.560621548368
131245.6176566907
456697.0729906234
204253.56381920574
184165.49982323116
138768.23312626407
90722.96283342598
221528.62216597135
23748.86043459054
23933.199719525768
364160.8062133937
223499.75333165406
87843.92019743004
53947.054821660604
4862.127008189944
424524.0208140398
17227.766275666087
23409.975173403753
141151.37917376938
25840.57295570116
88908.83200954538
32605.573028461284
50565.83393737306
