2.315550374409152
0.5300278339466867
0.2906785788999072
2.2623125227727137
0.05064295382281455
0.6094673698684091
1.0456589426604734
0.9788708465333762
1.0127230548720114
0.683963822174358
1.8980131045017536
0.0006752329803836002
1.8979731092211674
1.3989068255814496
1.7287682612424156
0.06336684275763353
2.057685736486157
0.10003705370228128
0.2461227594120089
1.880006387769683
0.33433464404637986
0.21942688018715562
0.454752447002852
0.5058547337922401
1.2525542938606775
0.09100974633509117
0.7239211647062863
1.170592498273714
0.21291148637362964
2.823915884280165
0.148249301250039
0.12613601621643808
1.1387254786284025
0.3757899848353019
2.7780817807610547
0.4652689585953632
0.8560605026055133
0.28562537802896404
2.4581667126800577e-05
0.3207077398223979
2.5133346759844453
0.34397622117920107
0.15919763840313644
0.4933917027748551
0.03362510911514291
2.8919970220677698
0.12565790284106343
0.015308865832692859
0.41196389671106853
0.38931614177840296
0.10984291205335572
0.009953548515158199
0.7791775749919061
1.2866422934552946
0.4244823086967401
0.4311610392172232
0.8060570057693036
0.014746728262074807
1.498998094874253
0.021233330630609736
0.0016002290260954898
0.7137818779455223
0.8204045683270133
0.5034359363848613
0.3496436616007921
0.2404094655636694
2.0065564937706757
0.08299691204850788
0.0519965273718301
1.6995179230292432
0.549481019080665
1.0122177182075718
0.43777875250505466
0.4127784472197324
0.26431207422882746
2.2422039313956814
0.33639158772351685
0.1068785297675668
0.28840288000825187
0.2134320878469652
0.18871526988424298
0.8972166304817312
0.30413286991932087
0.6368668438190072
0.8906406542050107
0.1324055394429178
1.0795562988065366
0.6928209032688717
0.23151498673969542
0.12278062135330771
0.3163662884505413
1.1124947460483119
0.8904945984229807
0.1461269290923099
1.1004636340242888
2.020218535772245
0.7254528363158598
0.4278336161537905
0.8332338375327232
0.010550325016478632
0.2431947350462512
0.16481053825152997
0.08584574297640142
0.3623871054274148
0.5341825354081332
0.18351596982346627
3.8348303040988503
0.40059662426063697
0.08592320379980106
0.10752560105765828
0.45471108385553716
0.40130824949934807
0.6736122053721715
0.9180996471535532
0.8834276762227179
0.07738136590355159
0.11576284603093909
0.7938361460439564
0.02393002039004759
0.9555038421313597
0.9504166487490429
1.057549415457975
0.31450541180003955
0.9535962441783031
0.31594975372428075
1.5227662390818248
1.0030841384461182
0.8424782506082373
0.17246337710366946
1.1899125439349758
1.098994900887658
0.673763167366617
1.2514710429356266
0.4417888754871844
1.0932880606247732
0.2512061342832524
2.079040158993686
0.1598207423190782
0.2846461381208432
0.1807563584155428
0.17275598190889518
1.4432324485541175
0.44059075084441646
1.4802483420029209
0.5555351605654382
0.6768797903698811
0.7754019445350356
0.32757857454699096
0.8657116284379935
0.48470398212355226
0.8087360174542645
0.5318890018460177
0.6252033874338728
0.3382928616502861
0.6756414047963482
0.5720774817727395
0.6616189608231691
1.5655490010262119
0.007866291171150664
1.4446190700486308
0.1778010045426115
0.0817025579077531
0.8964425006755078
0.3403475016998393
0.4144441909452086
0.4828006299972446
2.5473367902214346
0.604176861814016
0.008287234437125356
1.011593240047873
0.2748058573846481
0.9178286674401214
0.24757237897437895
1.0890883444448602
1.9616498801074287
0.03236834500330791
2.360388012886711
0.47633043290308313
0.19188840877481286
0.43805838707129513
0.6726676728876236
0.044554779790553965
0.39921585214985317
2.035231602122044
0.541914527740334
0.24624730284998383
0.2357505284957039
0.12072338733197147
0.32659085249084746
0.29381934972778867
0.16635812640557934
1.0456639855649168
2.2038040360114177
3.942698598927285
0.010198286035127816
0.4363078386515945
0.05851169707917627
0.034682072098090405
1.7211536970714494
0.5484084159942735
0.3255587513449396
0.3298174332901204
0.5164035283704058
1.6681688251813744
0.40684297933953845
0.09597929478484775
0.007062004543460832
0.27221558513722743
2.9415730196452228
0.41891566770003247
0.20540744455870696
0.39870394843897455
0.27092042408817685
3.3747284786333194
0.005613063037878165
0.666491669562845
0.6700652456998862
0.04849680000774235
0.6431834353074899
2.3335123696875613
1.3707111000421075
1.2224742230127328
2.2812917271185693
0.29909414231581466
0.34675225685536537
0.26973585615659706
0.22243875817873368
1.9600131364899496
0.006898420915755184
0.9511800244379414
0.17371470937444086
4.611730088071939
0.6856047251403383
0.388582380236849
1.1570412198360707
0.3809477395137176
0.24211715744815807
0.15283773026999534
0.3465913489967227
2.4479510724622164
