0.14753317873148483
4.8770714317726735
1.0461681443597026
0.09943981003805732
2.607789319614056
2.502585668745187
5.782856649585261
1.0937308220306248
1.019542037864861
0.03324719017716984
2.045484555116305
4.016187654259647
0.005350526095985464
2.273192260371706
2.2169502983238862
0.003263794484420658
2.834920423699823
1.3732878716235954
1.131465243476725
1.3682200020531163
0.5750105752746465
3.450946827374274
3.0576605007612288
0.5439543828986783
0.105648586235955
0.2599296942919281
0.648539094522243
4.518097532314079
3.855411162600766
0.36940449452914875
0.39141893019140966
1.0000613175603306
0.7936325713301057
2.1379323126149044
2.6498403618438475
1.6122273559194014
0.7415476043038577
0.8310120038582302
2.3707765175962114
0.4226603195756696
1.9995875146070659
0.26243682381857647
0.059414840692811756
3.1793202358803256
2.712122399236846
0.9566131184921787
0.02150836930792561
3.7312123418408016
1.6055603661087041
1.083955260597876
8.630877325169692
0.37826405390895607
2.917934434975959
1.9428685763258882
0.3740395336256757
2.4156072570733174
0.2765879039345383
0.3994062732633989
4.5867978140055214
1.22294137406422
0.008227157170477712
0.21826080617180307
0.5693819116673712
1.8995408900422885
2.3937778019285862
0.49417431432460657
1.2937907799285429
0.24539165643897476
1.5896115208996928
0.657543040614733
1.2590789247183658
0.8069298724093512
2.2524521089319305
2.1756649172323397
0.07489370320992814
1.5867933575265771
0.692450743024384
2.2162656914456647
1.6179680032102206
0.9574802513188919
1.2642923711969516
3.2128856098790624
1.790326461951319
0.004198802389685676
0.13266748960405952
0.6164573120025721
0.48515807721262577
0.2962920855126944
5.9403514823801125
0.566486331220944
2.6252679296975816
4.126273139623119
4.222564710982164
2.129099805697277
0.17605242032035198
0.7591397155277846
0.0502189094221882
0.16382610031873546
2.5276356322775495
2.42933919046294
0.038104499076990185
0.9157115409876954
1.4685631724194712
1.0964680229529127
5.7114922972282836
0.11774335764749368
3.0652133113613207
4.842495638624258
0.24121854330372627
0.1221146621920796
0.6988288845428261
4.207141616154674
2.2818699311758666
4.416422843272287
0.2470054931765519
3.2599313995324226
1.8221653387269399
0.2832957001270231
0.009970519898526303
0.21032095036387205
0.25644632777407367
3.9726924151601395
1.847373101614277
1.5233843737803898
2.1139034465100535
2.5397709160070203
0.09188263213063605
0.08447490680703476
1.7934616701805284
1.2393560134254233
7.706693670736077
0.5301561637825039
4.188415217604432
0.13918629950877875
2.766959255755272
2.046853995470436
1.7363187757506988
2.0792344547403228
0.770688054866805
1.9903506173826413
0.48485663804835716
1.0760105536624898
1.1585905191954193
0.9077510435051566
3.627029491821306
1.0401352495944078
1.4640069248853502
0.8561192172079741
1.6248912167671221
1.4232579267101042
0.5266067174630097
0.6006977561365214
1.5930092887777192
3.392021363431043
1.31008999502938
9.950182907993103
2.6222058420439547
1.4931755826890554
0.7544225641704335
2.175916279216311
2.6845076694866
1.42076394159739
0.14166390873797416
3.6574555560111315
1.0064235883703991
0.06888841420130384
0.667922252133288
0.6910218428211092
3.4189097355666336
1.1081516682962365
1.725996691281346
2.348308539534718
1.2064625591841762
1.285038866249668
0.22351168318119868
0.6045321148979399
4.718616359937387
3.043640344523313
0.37696722177026565
0.6226457651425399
1.3978044041094033
0.2120179991576756
1.1775598771848081
0.9039162239332144
6.41335497803803
0.3413483129094344
3.110615266149797
0.7242947656333236
4.414055320030728
2.119183583564327
1.56646809530463
0.3945793415886769
0.20048686892033804
2.7688083470620932
0.9849630707867285
0.21482669224807602
0.7625541549080725
0.9329783202422451
1.2950249872043451
1.4816235246926663
0.8730694198869291
1.3619492925350558
0.09974981643067146
1.591207597765368
0.778343798885787
2.3339768136406724
1.1810257328048555
4.155724309773716
1.0809796911271121
0.8356330565016475
0.8546733712505267
1.6929629639261203
0.726573188767263
0.6911529742401076
0.3482278431808929
5.466428050162585
2.231867776779786
1.2165117662045388
1.3277211095489454
0.8704752499023692
0.3587785521491906
0.21269800127698485
0.5045959265046214
0.9463037102808775
0.9252805445671772
2.57283698714423
0.6513286938447697
7.810775160098291
0.28619190601072203
1.2783633710145101
2.0209798812288224
0.8890066925882901
0.19811883384480147
2.075777239623119
2.036529162476493
3.78968630684722
2.97589197692184
0.5853319122981538
0.20576133085663428
0.2505814012154859
