232818.48804
84421.8692546
1112431.66634
387788.283055
454349.704194
222710.993098
1038357.71472
325487.671191
267799.428294
3755.89321521
244207.098874
22109.5574766
50563.5441163
151475.75131
811906.220642
957263.354626
109493.72412
167258.911382
89642.7331116
255541.726722
166788.398779
334261.694611
48607.4635355
150252.89264
745626.627918
61439.6002651
89.0643197576
75672.6632297
7606.27446538
126200.161785
256414.691333
209030.274552
2638.85317411
375293.210535
397498.133404
343848.483814
214048.720353
976004.918043
791.204048667
86172.1803961
630125.366138
86486.3145607
47504.1236788
59417.082823
157391.253137
1266835.41353
7600.20663392
174701.976367
227290.9963
44307.9410823
56958.3882492
111676.243844
11249.8555878
159356.204716
13227.2106458
152789.09285
457508.072652
26310.7170692
74670.8842415
392974.189228
168543.220087
178677.463552
138699.663854
98064.6901032
63115.8120879
90662.1900968
67814.0511792
32130.2546462
268117.10369
427670.34725
297841.232598
138598.607527
288961.081531
256124.211252
32503.7620082
125410.362875
646821.845895
175699.130295
600275.661396
17692.5614373
49852.8964879
61632.3773691
85137.3729004
100385.752884
348978.621784
141572.011431
356853.940706
62609.8227163
124825.638183
854914.038056
357367.748142
304315.52245
280921.232372
104565.416153
43267.5219232
98705.3622441
73303.4808232
264742.725342
175344.036331
280468.887742
162068.980635
121313.263901
35035.4377941
198669.613177
56345.4209655
181344.828562
133547.55848
388333.985175
8616.13046691
251409.320452
422125.944174
304232.622639
509464.706529
158947.998031
1584322.58849
1373.95894288
43926.6392699
18631.1674854
18651.3349492
308041.673084
579374.279813
648692.810553
74515.3684244
305991.054291
391142.143108
6147.94975948
170394.983642
369836.985067
129623.582905
43825.1707252
579566.867764
112676.109442
2774.1920601
354875.695503
158274.086083
9650.00310741
90882.6166285
87475.1611272
4388.94856586
38535.1192025
13321.2540388
247913.741189
571048.050462
301053.151896
368281.797518
148783.00281
197239.095685
297004.190207
30834.5073821
63123.9000992
392180.611496
2102968.28547
115881.873499
339309.439798
340085.073519
147789.890747
32414.2116811
427496.068386
264843.830977
226745.893593
218766.38228
665017.494718
118795.733415
146216.46433
115303.180654
107106.844317
146437.186112
69296.6056331
239540.482539
350708.195688
181655.213783
171501.280327
224161.901598
252565.025403
579085.237878
450085.739273
535674.768155
481023.79167
262931.817992
318663.762415
110280.185206
454760.086059
1244032.27008
409527.727785
128482.150458
8513.44254946
648110.4799
11390.2722675
113917.531246
369558.278975
790616.144821
22075.2267538
31105.6879258
191966.618332
38702.2929131
190776.767943
360875.362445
98706.0326028
32725.1311568
1046836.24705
319869.004467
367803.934872
59302.6432754
49003.5661935
249759.035395
174623.525231
406059.919865
165319.183108
350839.323826
87907.5971877
215991.21853
83816.055648
1558234.29722
66975.3384115
206524.53456
316783.497753
234992.110833
70429.9720797
112611.741838
102546.870586
129514.537586
46185.2707663
567328.457418
233368.310044
621089.085094
354534.382343
35315.7989236
98406.1038333
480961.646764
961227.883713
24604.6389275
188080.445046
220000.255136
115284.90868
344511.811925
20949.1526534
141852.936691
26331.2577162
194546.199731
266729.247596
1243062.65588
1393881.95236
109102.445328
61954.6216628
241733.79008
48798.672696
12179.4546389
952135.397421
531.560596812
7339.1031906
11693.8392593
890895.120829
137949.211745
544119.570203
155698.882732
574739.384016
4215.28732376
160260.097036
436734.813536
373915.907915
40408.8503955
117090.853436
25850.7042747
210173.055367
84203.920549
458522.929512
145800.568246
326661.82265
83458.363727
163482.195369
68594.0675689
114834.958853
255649.989525
226972.253475
36350.8298759
468716.693939
232705.664607
238108.070842
1629365.58924
340790.382007
328494.467976
76437.9632459
240415.900284
59296.8425713
147176.398356
468375.716885
196549.133742
101422.317726
54866.5782332
498060.782056
378172.786962
348561.170535
308049.300405
40276.5143412
62443.1222858
199225.344308
170784.629661
71880.7651005
131907.311372
237197.797787
144746.340211
777746.896205
169325.293872
149858.459259
54001.1208675
70005.3626825
404713.150911
44072.08629
83788.190986
236570.139532
55418.8615887
225146.89194
13973.4992977
103972.242467
209689.106888
142847.051079
49034.8971824
250699.075665
49413.181902
112750.297864
226471.748634
41271.7478687
166599.725783
19355.9973098
315261.819638
71201.7011262
157762.227808
483476.828109
4223.2600422
136217.527629
389743.930696
371010.409363
71844.904599
81012.1454099
101661.820842
209422.281165
25980.3013813
80619.2961886
153369.134902
217566.474704
61180.4029381
158690.559391
153775.687228
355211.885774
2588.48644698
477750.231988
381361.247091
91478.2822867
41226.1529656
188751.568967
125043.682552
183114.908079
89891.6221205
218879.546639
122988.720209
42916.7635497
88743.2293091
402659.109894
535350.819514
263390.744833
107733.719846
1084342.93663
492270.962282
796843.093377
142521.442512
43935.535019
360920.301168
331145.767331
65399.0877847
95624.8340864
531347.661367
142544.346868
82301.7719678
596468.356787
215145.132412
11752.9218919
47373.1174094
25284.9114728
63195.5394694
166388.704855
172507.310162
96600.1532522
195869.776976
39212.2482975
393336.772913
173849.630664
47341.3865484
484745.464226
19641.8102103
46156.67656
163730.90069
324741.977931
654251.208088
127938.928559
44787.8693095
293195.352085
145269.276241
5975.80123214
217603.126587
117440.779052
88954.1947069
275637.369355
547012.998534
131570.709794
143321.345775
63393.3613491
376271.869136
495485.024443
271641.808082
873598.294149
251486.034909
64693.2405103
195657.816158
153776.403579
339755.111021
46726.1742706
384528.180598
93170.4630836
223218.488017
195699.194524
96709.9311877
186928.921358
285939.799547
103897.747489
93012.0577052
101072.820366
376682.975673
91094.0780744
90489.4669632
50282.368148
203328.389252
17546.9966492
2554.99092112
18838.178478
150243.562772
240377.213598
245200.939742
278253.338356
91773.7604394
106429.457315
951087.648275
104429.439833
139961.551682
31950.2682192
8792.03514877
198103.597597
410870.123863
190685.991084
16845.9124473
703393.459517
9164.67645551
258290.039411
245086.730669
88602.7429185
31184.9801738
272973.343284
105266.71528
27526.1630337
1645230.05214
25861.840407
252915.856182
255273.105863
35537.0764465
41154.5517965
116518.017856
404094.735521
124977.172328
719878.18376
164700.456789
300021.558491
327596.112628
110232.486227
87660.6562354
119528.243582
327917.958772
338703.3596
244121.653557
99674.2926833
407019.70408
163330.81231
255245.688065
933314.077862
164486.515799
629620.60841
22927.0764117
3320.53414468
224935.772007
53267.1900245
14031.2458884
64288.9432378
94413.7965237
738473.325721
329961.118507
143230.406425
1213.30867396
123307.49915
322972.104146
303981.067557
396746.155685
56887.3682356
48273.0939265
375668.02357
60134.7663973
248810.692155
139237.931102
652822.562905
120391.229042
701188.200808
131092.798711
155165.568481
171197.931558
496826.972513
114439.645282
845905.995625
329896.918849
690947.924683
9994.42509035
5118.80001303
87929.5612041
1510.84054186
89633.698872
311179.359322
105926.17878
484324.699146
120473.241181
709720.740649
1291986.56945
222375.041327
15175.7578522
350673.262819
20534.3476617
628211.752354
536250.886379
42026.7476376
154854.033555
57687.8939547
108550.922008
67297.6770703
248875.430202
171446.093957
121483.622478
321109.409867
5255.7595666
416324.238913
164966.070946
226659.328692
615460.743757
253852.609503
27833.0058285
81158.7519762
15806.1213096
338353.825786
76944.6682534
131182.189581
1050491.71323
214981.489638
555501.510545
30193.3215459
237512.587898
232484.417555
435138.680175
113396.158625
197798.724814
270117.401311
123839.099156
80563.2831123
144899.772605
94755.5283637
314188.313733
75351.6509848
92982.9183985
1180921.09426
142975.751957
645035.116507
118990.050856
685466.6255
52992.1381903
138366.214111
34902.0369771
376212.067175
76807.9031433
134451.898662
1027979.92367
13716.2685875
198820.621414
77668.4921928
270230.280763
136705.680673
601543.514915
142176.930205
38155.4180851
22695.9563756
217948.881123
42033.3763405
47895.8251365
134522.093514
49291.2629196
1318881.68489
68545.3085174
149983.521456
525684.120315
746007.275005
261335.877282
1006545.44832
182144.589213
9333.06231259
232175.181285
134667.232326
45136.3194692
599048.197347
7090.88501241
122541.198605
243557.644052
214984.586494
117516.529554
320257.219332
469627.229471
4491.6073149
387262.335946
367631.558271
526299.576397
171135.51777
150180.591643
1311684.0362
22669.3277853
163771.537173
862024.825424
5910.85425086
471507.856654
344353.262789
136296.709958
63413.6838002
398575.745159
33923.5365903
90016.9405607
163182.181007
82208.7793262
337581.712641
414269.945985
16070.3387723
484152.056045
255921.597198
125505.827702
279751.867994
2714.73098464
128487.60352
225039.964752
140450.687615
384918.582716
24936.3794509
144874.014229
423768.776061
151383.237046
172630.315469
42831.9064488
71678.1899881
220874.112254
201413.753385
5598.2184948
438663.380536
24306.519876
79804.9425965
106235.477688
261411.550014
106604.443395
267239.984175
17663.0380147
70995.6781587
352176.292821
111387.924676
57385.5007355
260209.617663
7961.24071274
154298.28647
5552.81061731
192877.678091
19140.7364129
104688.170545
223911.280262
3916.33817147
145811.994514
882174.735738
130294.324166
17693.0944175
196775.227843
217934.860425
511562.460694
458689.70501
587607.424727
3396.79491987
35067.3638638
43442.5077215
488752.394623
259022.688066
142866.872738
115763.172297
191326.545236
285061.642563
163274.715708
538357.575931
398222.067602
1095280.09362
205410.267701
845484.333862
942493.627704
189750.934111
239406.003788
261529.649306
40153.2492629
122454.278559
130242.219914
1849.29283783
3777.11765357
306015.490388
319887.419663
442104.894895
154013.998014
121264.843654
230460.453633
1006664.52276
748109.691067
346412.072231
36452.949622
53740.5681899
186850.013959
258381.183033
279239.668853
1223911.05041
157244.930659
532678.555903
1182.7058972
173117.543576
635285.614825
1028498.28053
518666.407563
61428.7037006
134617.228211
253042.214552
189136.789931
119812.509675
33356.2218991
30445.7095382
279500.218255
45242.3251367
288472.042475
746222.803599
341964.05728
524115.179728
372614.470982
3936.19943299
540700.852178
20283.3633484
3363.58877014
103010.669244
511395.072065
100198.138043
417702.851463
99430.5566574
206398.049401
103505.855157
229049.741467
790302.515354
146242.935581
276685.129064
45639.6461763
238604.667928
773911.468289
308243.735462
420428.402732
89094.9470501
325235.804453
800346.664001
24290.4124305
243851.001807
217095.312467
749446.828482
100859.673963
53770.617693
138715.936766
489701.298458
7174.36517021
167660.692072
9969.59101739
58753.8066204
138099.399066
784682.215895
244288.014135
58546.3403617
122520.11065
150892.585317
120851.933108
314361.266672
249867.561566
424428.519325
909852.030114
55237.9869207
207448.740561
52899.6038005
33104.292916
96827.3436717
