36939.42805636307
58605.902450123736
1104904.7107382405
55262.24580105798
487541.6211276768
8440.889906242966
22985.52002916399
43755.448770612
26418.009520298016
577973.1881906143
206366.7873088237
44292.64214227204
67145.9030516831
81479.34846889065
335176.3862578303
649866.8710712026
383467.0837619666
185981.68691353858
1629001.3380292915
220234.55014328417
734694.9105905108
50241.53764710283
94916.4721855681
230741.53869848105
171260.46712662553
407046.26333332015
221149.61387246207
76550.96387487337
1378470.2778156449
498151.1881902537
390747.519693047
346944.71819998027
1165938.4506361352
550329.4089919226
290253.6094523258
225629.15322718557
27988.171288533307
558559.0252326344
77840.2025386264
1002583.5205691316
187100.9110415446
167146.28786795048
129497.17705038562
161534.90732011167
766195.5607296438
614344.8424411165
275699.9823192066
1123271.3150300435
255004.6485969444
31914.701499294348
338086.5549199501
541186.762191465
282099.86024339264
140396.7527863185
673633.6768878679
79848.7143599223
45717.32090867614
620672.8043654419
444812.91295292176
250884.4267697252
121171.88654681458
97245.8621349794
549773.0144616675
46054.48580401321
255948.0190874855
1062145.9359909648
238940.39758335354
325064.7567818145
404439.7968448924
174584.63351423267
9057.411671862794
264923.4209971502
