31.983138566391368
58.13792803566155
60.9086936323441
79.3286053922085
3.0887829521285886
39.25779080259536
131.48941533980056
111.6347453015454
20.391797387058908
43.872050060098346
33.98688635814229
34.294425867248094
123.32051488268255
105.42530889680755
70.07944204392201
78.63395904375936
16.01812587461765
4.243874000186761
157.74676850770138
1.9467730603102673
30.133739118200126
28.484196367440834
91.7451341301066
6.569907827443297
18.059605304936756
24.543407779005697
54.51473987005765
45.88727122721022
90.19611593338063
41.055694646639395
8.411659908472298
70.31006295505563
5.520489639276268
2.5418318123653814
170.9709145411163
0.39553799719951627
2.972668084621413
61.03919978391018
7.49949839829136
9.747101407412517
50.65846671679517
86.15897453273867
196.2147561350537
104.30062274062233
25.414500081371116
101.80085993015716
261.3145171296479
4.340285799679392
214.2603016157655
6.063869715325883
169.41992042184773
117.1886052220434
1.9442226235466038
85.60643303952988
39.38015754228021
57.58125015559875
3.6577238127660827
92.76431285063997
120.6920061617075
95.24837031979223
160.22016740815076
20.73216730058101
25.94988586262939
76.83904431520148
73.05359882514855
29.70701450325518
182.9736748176716
1.7506155416105125
241.87172227750878
169.2224455441097
29.084568136105734
13.115956307257814
22.142428756993
1.7207248914348199
66.66635602206395
15.236867984593465
2.6990410220180014
5.362671978944862
63.97401200242212
130.19742034541233
124.97294632533308
18.382773945307505
91.82782908153256
9.953876420100325
10.058214025084991
24.8590467732506
71.3415625975341
49.9432735086689
60.9399849948545
49.103981700700444
5.308486765530538
55.087682428988394
44.24339089110697
4.203331797136129
8.509109885333555
36.07141557129646
25.44299605012742
59.15090650798547
12.881999153454794
53.90769292195824
88.14429601135028
30.902026104845557
12.328041148283349
33.76680674594445
36.610697392317
25.344164936409562
28.968419982913264
64.56253213039444
11.286318350709339
3.870832323179137
47.31143057006787
19.42732823715127
4.474597712105758
10.291689437266477
11.337322021423526
0.9693609712867645
106.57829918221714
9.115905701805104
169.13983532509155
47.72556186108384
261.8701828271233
140.51071964519645
47.4232722653744
46.13681302465514
15.470733551814329
22.68414556157948
241.13876658951136
40.674661290517825
81.16676411488301
11.119920519215432
24.038686656992752
27.843195717665804
37.9880530282184
25.734780813593765
199.30086192973454
45.32075426868158
88.59518948861967
42.31719975424553
5.3397736453220705
38.29108553311135
20.004129988563946
96.27638773567764
42.242061193964716
7.216252529055116
14.594493831184886
54.52346405747024
129.1254799534345
21.707940323617276
1.0106596224165183
72.056136312937
4.810649171461078
15.698635541412672
16.782223948942395
55.37539110347878
21.1650038392674
26.729140376098595
28.708251949323735
0.6221959339015937
37.47257266351549
114.0608601101737
191.25810207154092
8.149372216741316
38.64513272120267
124.34750983877639
241.90225280268504
51.56042618235222
41.46910033300982
46.167996973875525
17.87929337239209
17.574848509475277
9.200962829900464
58.69589943816957
4.271428127734871
15.109018665362903
35.02961655435413
44.513210005492894
6.034494242029874
59.698503579779036
1.2876922013784866
44.36002121621007
132.52989627891984
110.4809505232724
7.968089723084433
149.57598312791785
200.98079761473818
15.632256017030423
13.294675508890702
27.22367128366188
61.63413101735944
6.0075999562730695
31.82543833134629
4.5587905766926164
31.570804384662672
77.84387156609723
21.3700618715663
50.311086401342976
11.133173786279581
0.2338772090138993
40.0411258954803
21.143563859338737
4.602018002239461
169.12919769766359
57.80848229574465
33.96425890007795
48.15032253253516
43.50034865345871
45.56303920977857
16.9666540842332
85.78130342557269
9.787091354390137
5.010642609056775
6.26541450286609
2.3366548068856843
1.052322350696436
67.91886268365823
66.34447576837171
42.52599621998912
41.426046557700836
74.93183808829154
6.488992883258818
35.55634662857592
40.321390722757755
23.171207398964643
72.59527793202784
105.88782769025534
31.94805978447078
15.587893930254396
69.74246956296152
46.77434992069649
3.6808769434492548
32.041386370667496
98.20437895587223
28.53360341114545
78.66390537711136
8.402862686560548
10.319868414708768
141.49454477004724
8.257341248612684
8.411130919618296
56.27307783567548
