6.583640138564028
35.16099567379666
35.93707569900032
11.190103706861903
18.725770502318422
62.1022000684302
28.497270037279005
4.208556551279171
21.67234392659668
61.17504462229395
72.74277516889624
33.25234519506842
131.35990135999162
5.573343644951963
8.411391974046715
0.3634961358085302
15.817923815265681
5.309838521318758
27.65973995858453
1.023064209477201
0.9587876463106189
35.36866051428626
62.33679540421847
17.990248201455877
17.865749331496108
62.80687106026891
0.1020940299667977
40.453012449834226
3.782663396153963
19.072437628095535
21.649353448676194
139.2219620720122
26.720664097822944
4.457287514372731
34.43909498047708
29.764412679242056
8.365341942020404
20.68140143092766
14.242528300630786
78.13832622507648
1.7784939864900164
9.837102619114656
7.189448136357582
31.006883743472052
26.071869011549502
26.475488264779948
9.067374561698974
34.88680733780965
18.063871485661984
23.744365389236805
2.705136899188346
6.939242644054554
49.29182802788524
61.77406121337135
6.163059674494768
8.011788901285938
113.85722861987591
74.91489993386529
8.807069844184383
4.014517295990052
9.287367373747344
2.231551338337703
19.053580830868675
11.937786374563144
1.949558361716093
7.784323441153978
64.66004029887829
20.63527452610698
27.75519512653511
11.565929059957183
17.834511714048467
8.138648908334115
13.401058141985354
36.757736537209006
30.243547584716417
38.18986595936357
2.940353723126552
4.044824050636936
26.159500558383083
0.3978847066204399
111.72342738264587
64.86312980261343
19.81267190907339
52.34489744845249
37.60702362551518
3.116101832429922
34.473967799226514
9.499955856122146
1.545174476221276
28.081611388105383
40.40493246348855
5.250757191840627
64.75787485269986
37.737940759072714
2.9959769352089602
4.189363032466923
16.76618710835426
51.74788854399295
37.363801385122954
41.028028727635196
55.43072248806547
48.906402384534495
34.28350365228053
10.776126869462741
21.120235680051827
78.22955547805937
96.4454509408503
152.15951110112948
19.860623320476986
13.0586559027811
6.084166763152517
1.608647392208894
6.5159166323716855
29.500791867655952
29.745516143718312
53.85499428764479
9.85377495555287
11.421383328658179
27.67079263367926
48.40073040856382
86.51782269148376
24.22341879709053
25.82666754346596
24.423640829243148
42.423712228785035
9.11592008892611
49.83450808057097
9.422991420680358
30.144494330221942
28.024684827817904
19.67146341987578
33.80237751995845
6.718342030150084
15.180793692586551
16.648395895930435
10.454990439937312
11.852531981595876
42.22578065097949
17.988409956347677
101.5771425976428
64.99826066728045
2.1796235175227276
2.779872326486664
64.90825882852339
27.540163876230615
11.222293714778573
22.251916614996095
87.34010136177665
1.9848427834322036
21.849353323098377
24.63922950888902
6.728499945588831
2.1218332309639747
52.352695823203256
39.3347207477287
18.848512008240828
21.993294334283
15.720190904054522
12.909288519054359
10.291264624173177
13.366461917657315
21.450449579696944
26.24954728214265
4.396469508945352
57.43409648280383
40.17503767733716
73.80692961902635
14.997242898693989
1.2345033249934179
42.71095077156392
19.167963538911906
1.1064964382473328
12.999597597384172
78.69757107506238
28.02776402873383
4.028686526628022
31.522458216149285
27.812846778845767
38.18549141072042
30.74523056807387
29.404645465726812
47.68334521542238
7.5898489156056534
1.6764886115233937
29.485952228550644
29.236689103745142
12.213423458643932
18.43410877388385
39.28038737555964
62.94174748554288
26.375226795823217
70.65572514081224
66.07017886278109
62.55560162083419
29.933507273128193
19.879192619772965
4.056217927644412
10.490109072791991
17.711986537351244
11.816844186393922
29.472043942795015
1.6164906764605778
24.813006373697228
0.6677447353916878
106.16678919749826
44.873314899913865
35.60465759252807
33.22883594374318
9.68601827892848
55.67152202660515
0.43963406099111024
28.46961666632137
14.015853716090387
13.404435988061383
13.073518382351853
18.269189522403
29.081884168445466
21.63797849056609
25.975784901070895
34.274967431008136
35.891047486601686
27.371456879204832
31.43346838405753
6.642545520764116
40.16097431350265
22.74064750843542
22.865561795525743
8.868357210621626
24.51183203045315
9.196142173646665
14.33257517713878
5.4499263016476505
1.8964771075782345
53.50972161214267
66.72807177965298
0.4967682329999284
9.857223558927341
3.1119938768649926
18.944185498876426
10.220608609787154
