59597.209431560455
396312.48941283
235578.50670041138
78835.98038302557
481348.51666359697
20318.611284595063
196914.12288657506
138450.04856112617
124918.20584964548
108223.3795864317
215774.37944226974
803203.8761898506
56014.104155250876
191992.91751042407
25809.281432351607
328240.01571807865
27864.4749108127
55542.2044331279
169406.9096971521
251595.48672769353
484134.8525668783
10030.770494885735
122615.68497737093
167730.62917759322
79649.2018740778
198663.95841025803
104355.71903261513
154356.91696614726
109531.37045591848
167463.81829795247
93822.71551867446
5469.224684816194
412319.30093674664
44233.75949453057
222542.08382549929
144465.92653781475
180394.95705098365
658583.2275617592
438793.3612083276
54280.57882955809
122164.76706380158
126322.57371261949
24131.54252482174
90637.59348175628
17704.61376688969
909599.687090598
41446.89462423005
346026.99429899175
163337.20579917717
47573.74341290577
24675.297826329508
154988.9771915159
300272.0138006349
171075.10631804148
194135.61741329776
184150.2257836668
23009.667960497893
109244.06953732176
178604.43233933684
140929.40162329268
81610.51420462201
160264.37158069096
225550.8925958474
249795.6676273421
233782.5683622318
546224.5575458612
47016.9206615647
52913.59833072965
322227.748340652
371736.29335140856
23156.37599647315
125000.51048492882
