54475.98103378179
5139.651817220323
20105.04165478534
142679.29262029502
63796.6725820005
341312.88236738753
16668.48670635095
892.1831555253058
202869.64362569232
124265.13388079476
157866.88350576998
1846.3581979921573
121980.40737613567
53559.64420260431
36851.05395114672
203683.39594401824
49926.69550467616
31856.20634425827
82676.19050784034
9830.81101099694
96662.97279210623
90144.7829719882
63217.74721139808
129365.5636927186
25316.20702974751
99987.83406497509
65093.91021630694
60223.74483811362
39679.30837041387
3455.011095820069
49861.13137525346
80146.60499794464
45332.01964233124
316587.45554438204
850679.9460605007
182186.72917968588
162822.37099024194
17718.67764683366
249373.53275139316
190776.7824424446
181777.2261755377
211967.12117102364
112100.85022482494
67801.36181544905
15370.994700441013
96910.5024443617
29810.397231180814
161092.98525312805
11350.7155209238
159886.56301138576
75671.06039662776
253073.21025704834
8147.314721196033
221520.23928041023
88286.2539292893
355962.4043091056
90362.8547775394
407686.0315742977
234916.99984689907
32650.751971253325
194382.85204642167
85994.75160843096
135094.21028663148
194496.15405944787
63890.31061767044
8927.808130960118
270800.6563248767
30587.141018149432
26100.402388942126
116248.82000187982
163070.85657907082
133056.55328280642
