530316.5530587287
9131.053222666262
1878.639396193377
427820.73169052345
18109.031167908808
309611.83801059186
205904.41530102995
85606.01901823943
49139.3115434023
190755.34355611115
418282.33806569135
216913.0670529851
68870.03636018481
205063.23143363584
92009.25537587248
54082.515592846255
45440.563847289326
221926.04885653834
352156.0422321511
4886.589150778848
735216.6145219647
143927.6387846506
488053.13925877964
227333.5813543832
567058.0865269827
136528.620006122
131693.767983872
98187.00398674324
351684.07518830954
146204.92325481708
32876.12222576978
9264.931515349475
175510.26406496868
172766.14089637392
159300.96010598046
4191.019508985463
18228.681323205383
162321.57150941828
33983.210649969275
19960.53571382939
22220.445774694068
117439.01748186987
626205.1755543634
25351.204164348965
81868.05393724595
400719.991259561
44050.55911450804
223459.56691582353
3317.6084493348394
117132.72656761247
31875.203677370675
541135.957400437
264598.012851742
135550.46987900112
240659.73445840884
57382.49704207309
584398.406391354
45756.06330238148
315643.582615776
30073.69470164381
3529.4738755873987
279553.18628687813
1172228.5560936157
19445.659296240014
213876.64038792968
68107.13176614649
171051.31739798794
27271.372184957218
512393.9651583552
78508.09032916273
13137.683549709636
73830.29397610048
