68755.41876408251
18971.040942135583
320573.34576610057
207971.0470790134
30708.194438750794
85632.14368566642
17376.373454025663
118661.77818342268
68121.50008153815
106441.24603182373
5557.244200874622
34896.07908256006
3458.2161079121315
141797.95760429974
48692.68784445301
18842.40923047915
29413.37569031988
328687.3896319401
326001.879548846
99983.03596420895
264661.96124644746
50238.842741883826
79909.77370630458
72544.47603008027
188727.05712158265
96914.28596151086
28838.898894863054
51744.067195946154
51055.88587597524
163278.20253952773
19987.786193172036
20049.12019544481
146968.6283626907
29201.231428128285
43959.142773426174
57514.18159963991
344698.7769767534
403299.5916370525
34407.74725538259
33304.74526935717
164251.94482672962
78812.52971997285
6938.620092663247
28006.58583584965
97812.57000266168
30738.792397932215
90784.5388708828
73491.98740169866
217250.62031654536
215256.67788708798
69085.571534332
85966.84240652458
316959.78299306205
359370.6670350712
278146.00436809764
298447.6118680787
36868.483568114345
83534.38077946093
71675.04094076251
208004.17638968618
437934.8003904712
125021.6686541921
101730.22880824833
225761.5551927305
254032.25360379805
36805.3341132813
148747.7279821244
349713.68220639386
81414.33316855071
82475.99295110929
51931.75021328186
7536.684627809645
29318.807247012734
36955.0049882772
8221.861082083573
322912.67523053393
20536.965397999702
2958.379446930649
78223.26331369736
31709.177502440605
85239.38485151443
58640.72361361854
217038.1814305747
696.0067494208756
168651.41564090122
49348.3308216856
74861.24431781522
101069.51599346288
228293.03755494382
51116.79250259579
20755.861167034665
121247.81966853165
117246.34607955365
298366.0805256789
233493.1518451442
211902.499055898
39524.22604494095
133761.2278569827
171118.64411240356
77565.28224604396
317292.1948794654
25566.889114508507
159434.56227675505
69839.06498095742
88250.92222198627
118310.67406416206
129501.48785554315
112474.38671911154
179040.64087701333
19384.36967892696
16814.615957489277
59590.47803292346
91716.69872379549
203953.8584349799
34173.641092584796
387229.28041668405
193162.52858369387
92590.56308549116
79967.22982560623
69720.47515973763
86035.24373159414
84758.10677956369
81180.59134715442
94639.04246028919
66528.88983541058
360146.4671768035
35348.28562664194
48442.204824756715
66317.52036685678
6415.265427687244
432832.51849557983
353878.8166693896
315788.88458636095
247056.00678487917
184839.86370152477
266165.16253746237
65730.46330584674
19478.523139227564
341172.10638768267
32613.315349731503
160176.33091250053
50507.640961929596
253173.73533180656
37811.304316674825
68639.57373325959
64481.60133344845
28192.865121316143
146223.5505673218
8954.470276927648
145865.6369239173
165020.77492244227
126141.08495144143
49427.22499501118
12300.709069036453
53728.83770613243
126332.55798400284
83261.47576193685
142370.85312036946
3169.2245545485152
180564.63425336528
119965.8473724027
34705.820674207665
182822.33241165368
126065.54129461077
331834.51604445773
17054.75981640357
102724.05210805635
26136.640387815823
161787.2777969936
393260.9566745781
114820.542394528
34643.356933732386
115215.53968544047
156661.2338815579
50911.19280486225
194720.80295594558
39250.45466348367
341568.53015194513
146537.14943323936
200953.58249645418
24412.32290523153
503993.27938575076
342175.8005868579
3357.0911002274465
57099.717471748
217930.56238556816
680443.5752402932
3560.8212217657924
180124.8753548348
58866.903635300514
37086.947296935294
50613.853350475525
66344.5688273557
408686.579759625
36037.03458607909
62603.54185044832
44614.93279518951
70667.6657331808
68918.0046834069
8075.446388158684
54814.599501508674
341081.1812765884
15467.639909314232
533096.0612022098
177150.9513636862
62565.76275006946
55367.74847700768
154842.90933423053
100839.82085788684
67695.74645386377
93148.40508129774
39106.68067025345
263855.9456991708
19773.4132694591
71557.96043792088
15345.262552487498
210188.8681269333
138745.20273449706
97990.25406832606
26621.84250789009
17589.681712905793
96677.94211683622
28862.2877687113
87483.876168577
137822.75199491222
13643.94983831287
213327.95800648042
148200.87771155333
84854.78317747418
8466.017102376496
38812.926612574
195108.3486846583
39639.692709652576
92923.78063213141
52746.90299719078
377383.09582873096
26811.16915810351
94384.4740964947
27257.917726925025
9908.657087064445
