511298.2807856811
165350.42572351737
72418.00474284224
791866.0505450836
8599.106324302498
99013.79691185258
120013.53440875687
24678.19362335996
16626.018992273264
205703.53646189126
262353.2970846488
162651.26705027954
134622.92117193146
352979.4683500892
213819.20020131124
274832.74590616865
28567.99888851105
11403.46925711951
166029.5817114344
477161.44740919996
1992.9617915094834
275811.62567290675
129909.69150404808
191997.97621169552
32387.38121550149
32654.057563877253
213717.50408205128
101880.92823834522
180657.63018380883
343258.3817557465
553146.9052595851
33915.74058523548
318929.4953038753
30907.73635061994
381912.1256900074
18351.842997070446
145002.98485645244
704332.9286523084
93049.15700992638
183834.07995410127
196057.1439376118
130993.09024890911
214584.1147679766
210761.91757974908
7173.862664276299
507948.27007102745
171793.77970742786
24964.006698683315
21615.32568002666
139112.45093257964
70824.316148421
156454.1055673579
143000.4298222729
636519.8673350804
105745.55940057032
548445.5796852704
66852.69019846027
96222.0220895707
337720.6018218808
17417.912447437622
145798.15476771488
130296.38532122585
76147.24664261573
340888.5414188735
369300.8714079862
61137.21950539918
18416.88061002076
11024.04034750505
258516.48879145592
221405.06138211608
250394.5301046194
627817.2800430851
