5855.942997845325
2067.3359364302314
4465.774420600867
7630.75234397097
2520.2960870644497
9552.899536904748
91.9937795151567
4146.330520891904
1714.8625596883255
6884.409916109981
4929.210431703773
1426.1782942820234
4057.0205763910826
1729.492488262697
2348.1518070215634
9559.18091872707
12882.719241011551
848.1253085588156
2929.7156236515284
2249.1411662599016
70.11067475894193
5194.410997276017
3413.8917556066926
3011.96698930402
170.82418806801093
3631.6345046249694
445.7843813290766
628.4371402671635
2080.4102803608175
1698.581896288158
2955.3033056388626
923.4270456235122
2609.462298784602
475.1436554277128
709.6890307499403
2051.9730890090764
3096.357761420236
2092.1787945924793
565.6365533348444
199.44531575143677
1342.5383034760998
3751.7144090924885
1929.224922333269
1337.6305431881044
1613.2479800198325
7107.236030855497
4417.540756962772
2264.9824374257664
12847.291431126878
149.9941169432542
6443.035265579317
1305.3807133324644
1783.6112357519428
6638.971876865576
395.813505368244
5439.3574138892345
1581.343107398553
531.7620381387608
467.6612554572259
830.8800587825187
2296.3491736697842
3122.644672150032
3963.807470224688
2722.2821483012244
1006.1067257841129
1327.6249225948488
2625.0442694333237
1663.6369784381868
672.3324689290888
4085.6177873351326
457.1993987163419
3678.6288923201837
