12372.836010091056
56958.320715194255
54422.595514402325
6121.699319025777
22615.187883193776
54931.90784692223
64409.79436234466
30329.60881605619
7081.978202804076
8202.94934301555
28675.84735510227
35170.71240908203
22305.11085918307
1091.7467446137703
28702.631991677554
47077.067772134586
48280.85428060506
29091.328598455526
7533.045337889531
18472.651408501584
7857.125743027731
43398.50561662504
30885.11845118792
47398.14070800716
10148.350037548276
31732.707102945868
3215.703758665646
49801.4209005441
77546.0524230139
45403.87199790874
61482.72249651998
20785.716570285767
70704.02970865545
28633.255433083126
27811.759574451447
1224.3542427693305
32949.24709375256
8096.293129678405
84240.10138922281
9992.815918151402
5475.981087330735
45343.95220190154
37273.924340564
6096.466404723065
27722.726014611064
71351.06592892458
8027.727168192538
17662.119741884904
5946.790302829397
6017.738586724911
62648.97721720694
21778.488766261657
27396.197385809122
26020.707345140247
32720.312701551757
13140.378777131595
49427.8778389018
14691.24882232166
41239.24572200302
1970.4918339346875
50204.91602187273
26845.790274021274
3962.4861258270257
67945.28902553437
17031.586460036367
8517.308917150647
112284.35969584827
55268.45993731486
18054.85360139427
42552.6587210065
43600.051280895925
23804.44172907062
