143.43863644812564
58.6521552523857
53.75374806272978
27.251325968970068
69.13132717327889
50.933790713821445
54.25462331441217
57.26818180109377
27.851376081890802
34.94746670677633
5.389223557255673
0.9612316627044418
66.91212737004292
74.54076725322379
139.96715157269716
50.86077160221314
75.67305940607623
98.86554108274218
55.30321798347963
24.187158688905036
191.03598455242008
35.48141212651086
140.5997718806151
153.56920085630037
6.905408769816064
125.42256365442371
42.86531215671634
129.01986721675152
141.58226434961614
185.46333508217268
148.504163752207
123.22009168194381
308.20879329123017
381.33150392922624
44.96060235154756
8.063867951954315
16.4388695616624
41.824231296783616
30.372056645219583
15.873748748717157
218.5452446501698
355.82514261618115
231.92115329025617
51.745420813572004
22.000327123572024
65.03886919281102
38.09810581002305
109.69203101104455
79.14620973084467
214.6834036678651
111.68212901989524
41.19265237047144
26.70260167559899
8.08938761861573
45.90436498370276
236.82169023863364
55.38603874666317
118.66443611372934
105.63631136648567
165.15166779439616
25.232764652276146
48.36021148597774
40.0824830425714
146.43479009544544
79.2260264332425
71.08955659918503
89.10707792258674
26.79677587555931
112.35857910012616
62.140843110797746
31.84193753845339
82.51279422984139
33.525818307838954
187.31264299034746
197.71714926198203
183.8730399025793
278.2433407661171
44.703348795174925
7.493164848786828
50.21412481539773
180.10186885115138
122.8967787673098
22.462939856435458
10.087091352088096
87.98744028983103
1.8223074109990665
25.136678155777805
155.13273100002735
16.884105352777475
138.02364512561238
226.18057644771713
59.138481343462686
46.07457318255566
24.527706907039917
44.966722756485964
120.25727234797279
1.715982980059477
241.7120432502594
535.8172759386694
60.882606602760106
121.90621770757117
236.81264162434417
27.200369639710193
107.55714181961167
124.18582256089549
71.51262087451813
12.214517419177888
114.19681359198847
146.62961586727684
45.060593309498906
16.991565795402064
78.41245213098604
85.03362828822357
103.04570436816259
22.4142979234151
84.44697612129578
20.033480055730383
89.89073056448048
35.96534682319012
140.87075471483004
35.66665771192505
3.8394579908370106
42.01715022286126
26.810920537979637
23.528230403528557
274.24248792512833
22.22004328084463
11.394960852563658
30.455226579980245
4.315838495163756
121.54065426770036
61.447236246366934
165.92686335435806
32.18538213490035
172.3680516166259
10.292927697895284
3.972247272645158
137.8408584732512
52.00414027547169
222.5390253487204
29.53548883217882
56.029559658984326
21.561948401755807
17.29464551834234
137.08545936914214
33.240710929896856
114.67807358416049
52.098172676416546
0.22011320380173963
43.47512704056806
41.85553121943697
80.72393703231882
82.84810970184147
59.38395606780483
596.0364146403559
55.71566949328444
170.04161715149954
87.9720827640409
145.08024373802297
65.87806821560392
194.26062034028138
11.948214232148064
5.911935288511414
398.59541004374483
8.49624329698134
43.00607482321606
39.10710199266342
11.218392383709226
203.67326171263684
125.0981397450182
444.6389333271948
18.59827706833317
38.38572508712089
78.723002208486
11.229631757775957
157.5693923178726
39.39926836580946
203.57657283564654
0.5931337469304029
88.0279743639843
90.88204404647416
27.887439532582995
56.832251322589116
4.553335063210893
156.38909269832368
179.13241974376615
38.716473324614924
29.137954971582385
153.83525980827804
61.98082755834464
45.93363927119681
43.487198088449674
2.276771093832121
41.792487219672736
28.979027635043124
29.821414748553916
11.559753813203491
31.45250500366078
16.747100142462546
28.694826766582526
161.61921390618593
75.60337755438
1.5031794454543517
13.418873735528615
6.746201241714452
352.80262074877504
48.41948812132302
56.171171396408575
16.356713598017077
39.506880890629226
3.8969700840695523
25.833789231127227
173.89493601253264
96.2674950410915
56.639186758814645
154.63097281061687
159.95906885116366
73.85454694533865
42.55082195810645
97.10350814081895
72.44485116739067
212.3969962339014
177.42198821951692
13.524770748849038
21.259986259574827
26.623297686745364
61.818738809622985
149.12272884291292
54.7281113478799
216.58868431516444
84.96862520358546
178.07742040922253
9.787118450312198
206.18132450168844
40.18432572816381
107.18060180298255
35.16155271579416
4.77049089112041
98.63449676778092
59.16362719538074
