121266.46531904997
104624.60049578114
169757.70439507955
36270.85637419735
552376.6764873907
734.0287310554374
8766.83273104586
76682.54414752769
14674.411439578787
21967.842150229375
92668.20515279514
1017.2624140164144
68913.8389052503
265322.9339428335
11820.053751502384
70156.95528171422
106587.94156917001
24946.407656400443
2787.5289450053942
33381.420314803705
272051.26937028335
104545.18391077676
8941.825910394924
42423.062907030166
291863.91648615454
128205.85043963847
139404.14345037687
43372.07151236606
467649.4142832875
87537.50424444432
14082.45630703992
637172.6679149189
256269.04761213996
71551.89283200115
151507.49596354118
755499.9390845068
205602.46924610485
39855.99117392204
52533.98480076266
294899.72614551295
209925.19132317154
12701.663448619869
229668.84140146506
50671.92617634991
19386.393100317327
32548.686674067514
61999.15828832427
23508.330139530233
179487.5410425799
234997.43292289297
61472.82471904159
127530.77616810991
179538.2609606968
10705.243494239638
12817.65568941541
87550.05406374657
36335.199009848824
118451.47169229764
12982.186722151693
127288.68867338706
167785.32319493187
348730.86303919886
160685.1787271228
38849.25848619577
117946.39216776688
20027.375927364425
150145.91223558722
53341.74513893464
29843.583153097912
16479.78353820307
105731.59419670532
497080.0454229115
