321830.1570706842
211866.39670073355
496625.6229996061
31552.46834776565
112894.25399096942
42139.853516287505
37440.72355240845
511893.29532135394
333225.06978932
537124.44738678
118367.82500900658
241713.7605494492
88149.49693808344
187956.17418557333
482594.24224429403
195717.25236022015
242634.359826014
114841.8101084163
648130.310917517
377347.756790397
48159.959749316724
8734.079032150823
52257.204541733845
115472.02717666408
6708.950778845335
481672.251822852
160611.43221999018
1524908.468006171
821365.999565062
155377.95893926278
126263.5703783168
113115.50728386441
279759.4006887541
431733.295701304
600922.426368555
612529.437569895
405920.0851729163
21290.576474261463
8641.38157300605
36561.97898876564
581181.2059933862
548965.6242091088
296591.51634786767
230198.0212206261
1535886.5482683172
376437.820166748
194061.577583847
74786.18856990524
117987.7829195319
360952.0717263567
269704.10739672993
148069.15167789566
113451.5371350948
57800.27365715689
747792.731022176
246107.0132393186
18548.705303584986
200123.82694682453
492619.3460876896
370490.927010087
168937.24463417305
653196.6497239764
10556.462777308016
29059.723207013416
99015.03982922297
118949.26203221774
44285.73203625076
273607.6364426188
499792.74529550463
811857.3156244158
173510.66669951417
525349.2776834492
