289.88892241429477
59.03732159518135
89.70971312357729
74.82701762350025
147.76951052944548
126.32404312608392
137.40352191925254
233.336663664349
63.59023535710378
117.0244245571848
182.58716772636475
61.113988133612146
97.02790545422961
78.4652107404184
75.53058762302369
164.12026794413583
253.3534241114852
322.1118276934077
303.5267796979862
141.63525752730527
202.08657521472364
95.63289261394816
75.47769917635767
73.3149481569608
101.93578449453084
72.1596603940232
65.95853621748513
97.60076172065386
192.81945239134376
86.77391701228267
279.24747290822
163.91447232095558
28.311773949847243
108.27064377298456
8.204289537066437
110.14487158227733
47.596697428961214
46.5471635955155
106.9871777510423
98.65935028537822
76.75927461192451
107.97607635180863
114.80520136212273
106.69052470328396
188.46324100037535
103.69041680282565
121.33764939550113
121.22289733407786
313.7371742750944
87.71470184872146
70.43186235537964
137.5187796907847
82.6654510943853
101.71527093074299
24.36916364629775
163.32204612447293
80.11757530096857
66.16420736551187
126.40115084677811
35.6162437170135
224.34313098148976
139.83660506607296
144.14562307992628
39.931641483815596
43.07477949064123
114.13257784274575
159.0384358429095
232.18244550595702
77.66474204516189
110.23316309503704
73.5513272508684
126.4052687084506
222.6463670819425
75.66313845811439
45.35549497128819
56.86189282371328
45.868467668201816
86.17085405399416
45.317077009220824
162.09094354459583
312.7612543773444
118.36767913575996
53.161446941868405
63.50397055608366
144.0960583820437
134.41688729614734
93.14812150438823
63.682199649421534
204.31999153798114
88.9905974798887
80.77461779757462
127.66467737637758
74.61782154446982
190.3042605191973
225.7958254062256
184.84580347283548
380.16303309948194
80.42123628210331
169.88934814830074
425.71156516158015
121.54085618466556
55.34247974427968
139.52156510831463
117.83228856210138
210.60424944458168
118.67790616954355
80.10540978903762
71.25275279699866
71.14066696361441
148.43371315562442
41.988852292616066
104.41848472872154
117.12538387292159
201.43169195186812
77.11677705150684
73.09993876475518
80.09501141112665
135.96367355365632
165.72128496028418
194.38289652250876
126.04489503065467
96.77861686203389
296.2320330344173
402.5463934204
278.5586327866757
247.2021002396443
282.27712839326705
136.56629176476432
54.62433438245121
221.48512723804566
102.00903152155085
158.00960274222928
87.17531191864573
147.7595779555566
58.21376839903168
136.6347396131163
204.24175621038037
157.83249713427668
222.23614449834028
60.376048494014555
129.6064035848578
157.04518526588512
82.36755881986943
121.07927451082438
239.22942863887081
314.1825945235373
78.64949777088522
194.54594806900323
83.06310015711871
258.88614670045877
56.130001490270594
77.72502930442434
153.77298559648645
143.85522631367178
112.19700717103667
124.79811869986982
99.50007234086932
374.9917553312156
82.66069052116232
224.70428126967076
146.32038414678124
122.28739007187563
178.80662063740502
774.5859041891879
128.99735396054137
301.80660900377393
107.35055265501519
92.16007109987216
181.26694420261344
345.11622170213855
168.41338439482675
131.09207462458522
343.4810547293628
184.74329672097224
185.97389852835548
166.1710966208801
107.14384517727629
203.10693377044518
229.98614221097253
91.72748234354134
81.38635371103864
149.6082329752502
198.61690357084126
166.31604258154903
116.78316450714601
34.954165696883884
82.24528680572475
299.86706111282916
239.61033842067008
105.47786943575744
238.69004428775284
124.98436798666603
267.81555951859303
114.07385651943873
54.08689726098251
150.41916314421408
169.66018388844716
210.69170022337175
310.9358162606523
52.44057870231684
79.26109919658505
133.0039369980001
96.99235926245727
32.89285717248667
200.1426650571926
120.13626365673959
79.43346087346532
77.91621246710812
368.8872933623853
94.94275416321749
96.37819798358066
258.43313508992776
67.59135132646665
405.0352722913967
96.81936073781455
138.36847192277926
281.0803715882352
97.35848489937571
151.42851378031855
246.44577992315493
73.27082341245516
457.7350494731212
163.8459388949433
198.72616875646443
158.62436244888505
91.10346061079608
220.89469172817965
156.66831350683756
54.533593602147334
242.7783676199061
126.74206618204488
368.3900449302485
200.50005935108493
141.53130328142785
303.5177893785876
122.72987839093489
222.36970129860225
177.6720737880291
67.53148052078805
91.90447066538133
57.893922019796165
60.16685355250028
187.60257972709996
176.55790181735063
156.9471802935388
67.53263605444997
127.34853377940856
68.98938941756383
115.8936694868347
242.00686899881129
137.07390191451992
57.737014941023006
136.9830004508954
140.23811869142853
225.39268734654257
150.1594563203971
94.51457834058345
102.9325252316727
265.745205083982
144.3323525187129
152.0087295197835
55.759974647638394
139.43150610907284
218.48440129849973
87.22561711394385
89.59483348636859
102.00705353201386
215.00285250397584
394.89496547593984
165.51235551048006
213.19057476944857
181.77294413322124
98.60896681948269
204.28057733858802
41.43293340026635
228.4801217180679
87.3795158509997
116.98690407478847
301.2922926202563
79.51644929331887
104.77570603596557
100.99693204082098
196.36840347730825
54.621008602559556
115.98852958670562
178.84127986071476
55.993359809649256
510.8493891060844
114.35453219901126
144.37973772226061
236.67721016073696
99.21362152720975
318.5727547269503
52.38702769381935
93.03378496159394
258.6724542552183
74.79401008121353
52.08866232917076
139.26162295766193
57.71415954598072
126.21073325255847
38.069344913763
161.43093863346945
95.79127140543022
45.13380585724513
151.84908881302755
127.7812407316336
149.45268640225456
298.11433643141424
400.2364850472108
127.39708214094439
118.37586023706643
158.86797665288003
34.81065655382032
154.1482397232346
314.6532779565639
162.85212585167542
91.59626377145428
28.40665656336962
243.81064370703973
87.69589946013878
67.87163889981112
123.65776359954461
140.50384275462568
207.0203190878591
78.47194251850155
44.69784120016796
131.84351403736002
90.87906757194
57.94083507454325
257.14649897700485
71.27742729497834
278.15112464052424
82.6597034935533
59.68856329838452
113.4888775635082
164.94951101593446
94.99840697663758
204.08606876852687
127.979893067185
80.84000040193001
166.16461738795317
98.9482343139046
536.6283187569788
326.01703205698846
87.75299322892451
208.46778851795725
144.17956898562872
87.08789176243536
117.44604300891078
125.1820977903658
188.84163802112545
138.9006072897723
139.69313928512602
372.0389086402955
13.286550703380632
87.38216177453059
162.2839269477463
98.79156318538718
147.2081643410182
104.49008770993963
243.5141619789423
71.98614420518749
170.8551905388994
47.20924746145077
219.04731522895565
140.23082445505065
104.37262430653193
217.3852397826798
95.10640002674509
180.3514968845247
67.81234174166838
95.34987312135397
64.0962876306202
211.5884501137372
99.1571489176236
128.96904475729755
281.54559001143457
500.8313052078379
64.51167174774696
179.32059189911337
264.25074763328695
206.3785992939478
359.1978343372711
93.96930223561267
100.51070967549889
176.67010594771395
95.23020097571005
194.68655196960083
215.82902704169211
93.08603484156941
237.5186042410704
74.39708949749507
42.85877728466055
197.68806513981406
128.1965109586337
174.41432661947812
57.00275599960436
66.0671065841321
78.1221039438261
385.4327636762224
71.16516549966975
101.3837097629278
177.9363455622014
148.3933098965262
104.45131656786616
137.380024326935
80.9195130972254
182.53423833784893
137.38234533534077
169.30037186289542
79.8432618327435
106.23669840544346
61.297753746851114
125.64712695601243
70.83914660682002
97.64886785889716
291.0871542107063
262.74770915159223
178.43374218627017
192.0987772451943
653.4269052486244
150.3295095515056
246.93304598306037
258.6377398887219
82.8259108116226
118.37300271480824
89.44639313820628
98.75768777950988
123.11515136807905
283.03378088217715
219.24882926338537
102.16860271516396
191.25671163401273
203.22819567942025
324.2442760246856
239.84087251178508
117.1648946391395
131.4747227046186
92.26458682489455
139.1464803848991
107.6663042520978
110.83105596866824
45.989320994877716
98.656265869452
98.66519243122919
142.41422921818562
308.56934035926577
115.21514888554618
159.7027262573151
71.68237091354585
105.57561701331379
61.09340932121331
38.95962788117487
263.41402177134677
217.87872116721198
161.5091916213106
174.76387411959158
212.49577902816577
128.39981057804772
226.8881435030556
109.2361044307839
155.75723051876886
113.16267873886751
155.58116123123438
86.44879340375725
67.85307226003526
202.23067665976578
66.94372940233633
82.35021080020621
304.4998075651308
146.3605778409462
205.52105785211924
103.57010710570408
147.85349658057967
143.83797917499018
278.7993822319577
119.38077097397228
471.0726133650786
369.38617723661304
424.5117766830852
74.42924358261133
108.29633554970552
69.08253710751967
105.5782484489249
58.998967534191166
98.12738264984084
100.77749727459607
71.7719443029343
82.71978225384483
70.81697402527556
252.08923565628052
370.93263952119145
109.9351300010815
117.27734044856722
138.41260173754384
89.25906783770795
542.6959697451548
175.59012833862346
103.27135639650358
160.35958477106905
223.32275640906659
165.2446826161277
111.16824762006091
108.31689748605946
147.41818286138798
92.09289267991447
101.5840575241377
133.66978847921163
24.764094334328746
95.59660320462837
110.22091054523885
136.75247741159075
82.41874115818514
74.867974861628
110.92347194946596
39.596131444413686
168.5037077467316
572.0602991685913
76.13341405551556
122.46839443084338
121.82005958693001
195.6594938160616
374.68243372004406
118.89076752061649
293.7981124387927
85.36444315858758
137.72647093368482
213.9106986948271
201.28142369489117
66.17444545299522
150.85965638809554
50.476011124335606
241.80651223958589
81.53711358608805
140.03910422321002
305.1805859088446
101.19766652794567
102.04822909515289
75.31309090386002
105.37093783256441
179.85096317878697
553.0233496864514
165.02180990432407
250.82299768110565
279.6305253766185
114.02490272380425
83.91921394627838
263.3776764143635
118.96768646028318
69.96010693183987
89.0835733892877
51.17891143359302
138.52689034153005
222.98136398864136
140.74549735791047
291.75822828620767
127.84794287333449
68.20988582025826
164.65237285488269
78.62088652491748
76.4647288582832
207.72613065411284
54.79782307507644
151.72539451433897
225.59001495736035
21.152354767052646
240.58894975569814
97.13989614033632
153.88528476617518
334.41736354550426
88.24687382950886
105.1900927781812
160.62276931841294
117.34120225833897
179.35280147673708
221.11930049706066
205.2809331417139
81.85934440617089
84.78810840947294
119.82242731192535
203.21405573081324
153.24603304472916
85.59428764021192
112.177543794916
99.47594380678622
115.45305440460659
204.2007538036297
320.1225639192599
97.00191387231837
43.57740051931212
91.73879166295734
201.88818556390638
258.6421234980046
241.6168700653445
174.9731630784293
412.4197920892512
114.70040901225546
152.68408536910238
294.879484536957
582.6450502412414
139.5373543623079
332.55969350822744
83.60252227543089
92.14907406275033
89.16486368241483
88.73506036579319
121.1077900981178
161.2995460671289
261.7525758259518
154.351531443387
191.46471259935913
113.98579446714284
299.1131017646168
89.17767268666354
201.64844173530972
141.4038950686953
129.65053508198503
33.76934018250002
83.29596314778166
67.81307311023272
176.8530683880015
66.39146299922395
116.11622066424466
302.8350582680212
180.4347754083057
436.7083602268883
110.56451539665667
168.45397754167095
104.08864880456422
78.5985677206631
139.45517394374446
174.14349617618453
300.19505637595654
200.2648545150512
73.03068133437932
187.86483100776843
40.26334485464082
137.12990305863363
186.3448227590694
53.71639267370083
176.26521534842595
136.32173878611133
104.96416521061967
91.05310167907588
74.15516512808306
234.95128546022102
286.40263927010295
172.96492772268266
77.71793656859862
258.37851811488065
172.00459860589794
31.845639797267236
162.37562349734088
72.13068277149083
85.94642653169547
127.29311315064378
114.79580199666782
151.69365055855278
150.39929700342958
249.1799470637519
249.52163726157923
64.50373067231477
113.80069867109425
221.55608602813834
381.1609971434477
111.5582114035934
103.15883585836646
92.36167113600146
57.166123885052095
63.180775126716675
111.8865958759977
55.89465765275692
104.24857947018684
288.513455839307
247.17275726557386
108.31281362093728
140.9157618483595
331.6199170062654
141.69244347526742
302.9274261337803
58.412476479650046
78.48739673494819
198.94663370505623
346.15655989814206
85.67760803619441
76.1657421141543
114.64204367540894
77.29177398974952
97.78758972681425
110.97735931961816
65.55243751368226
124.90694314193571
95.37992746014405
64.97703723606875
98.16383661182475
67.55856264241875
76.29544538871296
97.59903844706191
160.16318873493964
154.8404317798405
137.97659507863318
99.28100724658572
160.60920268423885
127.45712825985431
85.34239821245163
206.33404344791867
101.24321546150884
242.776513463603
136.83152230631887
196.03808177222217
221.21074163018312
198.2119881911165
87.14270719783553
126.63437107195001
100.91192044832655
64.46093730658839
99.33453009526005
64.17942061916024
150.00642499555644
108.67862678264135
90.74180912229993
74.5859853825596
218.09784129391406
85.79384258784448
143.9021318915633
154.55740123405826
115.36799846507644
77.47913394225228
128.12530233878607
171.93045258996966
57.11165441590225
249.0370601138621
108.43687569699185
117.6751537529536
105.82480345553334
186.79881697990197
75.92124754928174
62.56996720256772
138.6109556560775
135.22463255598984
93.77201519239827
68.9513254602842
344.8140204400788
161.32863939603635
99.73130075434393
176.0066776590205
243.93809034033097
116.23243703378648
55.59212882869533
124.59512663994717
67.95012789809154
301.55805937426163
342.68442821055254
109.5386343062562
231.25593494087684
191.38941937867673
206.82511952649105
136.4643564377209
66.31939421307504
69.82074396877177
51.928392072050286
83.8279335903614
67.25325570362108
135.1798446340965
62.73025332481425
156.93785985263568
123.63314510665752
63.553609376513606
173.48020463073158
131.87230261657203
112.36361202262532
236.3630415302893
118.9394665491425
245.17363570338586
136.6778348825367
187.80857173206735
190.8984312506968
45.52192589968771
55.30038615185132
67.7697727680097
63.35729276798322
54.94066033458071
220.6703644786661
126.61114828924158
111.27963589240537
216.14026464333602
32.46945790728043
74.60769276547065
170.49689412484295
52.831133403666456
203.52246827468377
92.56854315507893
167.99073901706126
164.38284390742902
180.71972511993837
123.04016809840796
175.66690603352725
135.24252542699614
43.82483714543732
