1.3840649554545221
0.18658978141697588
0.5934065975094384
0.2545355095294613
0.19138019113829188
0.47596039379283134
0.6619689496758762
1.0279511738766216
2.3310929983917923
0.1403907790230812
0.03490297804444783
0.41306526388863674
0.760019287320363
0.8348877635732349
0.01838011694119014
0.7308517314353316
1.4736374809485873
1.4598321773465974
0.75722093585682
0.3216670593859167
0.7880336305891139
0.3212233914391816
0.6937052916775871
2.465503420960946
0.22677056365762216
0.911506909448251
3.8872537280650987
0.8613160016724516
4.103115821949587
3.9348894721640724
1.5719097608142518
0.5533433231155633
0.8252503101338987
0.580665067712974
0.8048030789972426
0.4777450802412131
1.3810748901587249
0.15565512536091106
0.32376465487954503
0.0679372163393291
0.24172197061802386
1.117691907251831
1.245019215912971
1.2794032466618757
0.9639010239475366
1.0938943593973918
2.405784472042145
0.024461472526445066
0.9226131495678663
0.2584050262843943
0.4556947614539432
0.03981538648483029
0.657029159530422
1.646140114163227
0.26759072917354504
4.835168750557657
0.2654507124493337
0.2852652871799557
0.09549654508692675
3.7579985915758924
0.6333264950049742
0.21052158304928897
1.342480560792569
0.8143672738126774
0.7427975083951562
0.3548293200391038
1.0285625433994685
0.23822637919564976
0.7358096047617072
1.8267145839285002
0.4699351278360335
0.1917697443097713
1.9261746484483582
0.637726925845561
2.09612344121327
0.09503301482935265
0.9121469036186427
1.5462337347322397
0.6943572663820283
1.545017818629704
0.7509612841557473
0.6668712031787424
0.05352747773572963
0.4474652037182655
1.9930025880106452
0.03453438288289988
0.30904554425214675
0.9283005512323138
1.2617341969962699
0.1281713293913866
0.27023080516087394
2.795766651596883
1.651718836074548
0.30992591920126394
0.9156969436143305
0.7698458306418305
1.8379932790098406
0.20939198612502538
0.09485567994714045
1.7569541267513458
1.6818413800227252
0.4763276361105844
0.43221016195805656
0.5333297245727293
0.13011023980317324
0.2584949805104608
0.670151949853545
1.296718377685248
1.6431636182380545
0.5114094830389807
0.1363706788949277
1.1799756683789124
0.7512424327838382
0.5818995435612666
1.1533086000182207
0.49511980681756607
1.3450335154169641
2.0244918746313982
1.9612126773378038
0.7427246938904257
0.057972000425892185
0.36462330582418273
0.19507477902980533
0.7226744005614217
0.625759059546445
0.7683563089193797
0.8939226686224628
0.1943673935495998
0.2939338748687569
0.9687135632892409
1.130951483260899
0.3709776324984565
1.1797911238931025
2.5295834454447
0.5128082744304459
2.180376048288215
0.318646665225909
0.9701422888319889
1.4218213370810777
1.0491133864493485
0.9615979552137535
0.5031724021489686
0.06687854919279759
1.7615221511884338
1.6199196328640486
0.151040026396476
0.4153445414639578
1.0211373300628739
2.173862999063737
0.22971007466725066
2.1506405374969226
0.3816291825018933
0.305549925434082
0.00725887076947481
1.1363141313028133
0.841111832348895
0.7841125125833462
0.316407150978581
0.05291912390008766
0.14070746401554732
0.8377801921846423
1.4455737459145663
0.8189158628624563
4.102108528630114
0.003019158474837697
1.3799442600102492
0.9179891928652981
1.5264482169090203
1.5121553762281748
0.9968549504061521
1.1689369575065527
0.24604164011500265
0.18831151084297662
0.36477212517687946
0.20365340358754397
1.7286736099142623
0.06106976538535231
0.4670944108749349
2.8233351144064334
0.9815066857250568
0.26543667536239174
2.586876490529443
0.09286004578363827
0.029109781325312636
1.582396742441081
0.21485031455174977
0.9963126050110593
0.6213196551858512
0.8905332821678978
2.921269799065995
1.170800780343585
0.8644323434760417
0.05907761754071548
1.312583693412229
0.37134565533613506
1.1493004002302032
0.33896913476929835
1.6305914714217637
1.0488525304899567
1.7511546667302815
1.1360024250359666
1.2863959290036626
0.28728249829160035
0.8905604814562915
0.6912099202598863
0.5957356475251397
0.5407971694780789
2.0810922514707992
0.009032212332099849
0.6823437693501717
0.04889784341565933
0.015667826654091003
0.3430102021951554
0.8076412080618307
2.2044504147005615
2.2645840155903914
0.032564934473319644
1.1555234222525952
0.09993317563082728
1.8935479340063555
2.628377885663506
0.9475569229284045
2.9519309771201176
0.27616980408995967
0.025444373688131277
2.4918166657491514
0.287717149009956
4.04018565901721
0.38618452384542673
0.19572595094584197
0.3310503538047779
1.384441117932623
0.018199299910554745
1.3203333675270827
0.6540826272563279
0.14532068295935632
1.0781141672471068
1.5756166174925315
1.2882870561698165
1.6601852173486595
1.8007275215893492
3.612966156078592
2.4715666905787583
0.19185772645393687
1.5336390349075841
0.48722342396247337
1.1910503495676612
1.1959591482952057
0.00017296552257732134
0.8505579352649842
0.386336093431082
0.7832799627245869
2.1866012279146934
0.16796780802712938
1.0270813230164066
0.5948575230410316
0.059852173776977595
5.585569357041549
0.13934048687902448
1.473228304550345
0.2061835603547875
0.32273629867201076
0.341362225328501
1.5035707632343824
0.7337917663248117
0.004126795085935133
0.34882210213794546
2.8373529813303286
0.549704744680738
0.6388686812074145
0.5451052818466882
0.33908625852027785
0.6020390009360846
0.38678478632931795
0.8674547777138795
1.7484035415256773
2.764149328986469
0.41993076309270866
0.31379515838663574
0.35465886034384947
2.293643055604749
1.5116388821305675
1.5063808438449395
0.5230429987406282
0.5198644701523782
1.832417152402799
1.0714712082216666
0.5187840107953258
4.708464447607944
0.270391012960903
2.4350392441381357
0.1590158284608316
0.47888444903104277
0.25704086624020805
0.7055208815792977
1.7865014147887488
1.0709618823409697
1.162319685680418
2.1937290604171253
1.2946961964724681
1.0031738049773773
2.2794775751550507
2.415209786250675
0.6102618941544924
0.10858216462429919
1.3192291941536909
0.7189526011914111
2.6362992496537863
1.615733792874662
0.9004887604495548
0.18072037253419973
1.2267526626541019
1.3324042798086528
0.10505856647241768
1.0963070799534678
0.7227114150462987
0.09911616243443037
0.07734676985696619
0.5423922070576468
0.3083692919733989
0.48393624087048814
3.2022899388061985
0.28658985150288707
0.8725499279476365
0.023088022477625907
1.2116152487486551
0.3300024835763355
2.474866303139736
1.524730459800576
0.16973724715459412
0.6214143921277666
0.250306013239199
0.5285644344722059
0.4955439122775586
0.07953196570921717
1.1919645655753335
0.2755789663240282
1.5359886572970098
0.8561515789293103
0.07359921788772991
0.42060488304814886
0.032456245557217926
1.2838024850877223
1.0531323276481532
0.01693332223152174
0.8034330288974664
0.47941459390633434
0.6962931362462665
0.40362299927494505
1.2052889956199802
0.4726727683289046
0.4735312723493498
0.9471360355633491
0.14986010534686078
0.5515248029397256
2.355949714728153
0.20235006735576694
0.72232000646331
0.447916434450384
0.3312849188867532
3.1552738679901413
0.7078758726932879
0.21691928485809797
1.466795642586036
0.09238712158846123
1.389403891358828
0.2390039098215636
1.135455854171018
0.10823777473703752
0.1513075073235888
4.241517993105225
0.09203272925013316
1.454384522665815
0.9925359612982597
0.11999316264952377
1.3932222066112847
1.172070141459813
0.9257268471822664
1.0580368353682292
1.4683287528303635
0.6230934426780206
2.201036965832575
0.16477768154089115
0.4516514288132102
0.23300629982206794
0.6458804197349962
0.6789402426151966
0.009713673723617906
0.22097060438729832
0.8204164015047861
0.2810462790238722
1.0089191622412925
1.183323504143977
0.2262571055059372
3.3181722088427317
0.8914155639549767
1.0938579491542437
0.5104339662621906
1.8353095673233257
0.04592603366220554
0.08115519381967817
0.8264552931107578
0.021057820063031994
0.2625067112638532
2.026445960887572
0.014774358544632934
1.3811225100679587
0.7887457208468189
5.239395767223575
0.580275496580083
0.45668720366544235
0.6235456483513379
0.06429570825838675
0.3641615313150458
0.03467859278386472
0.07200862569742865
0.6834271385962438
0.11453338230311978
0.058987791671518186
1.9795879546715955
1.9771641471308279
0.3419528389115604
0.6384657017513131
0.5391894251412895
1.5894638690348661
0.5733629185189343
2.035619899626009
1.1149402911087727
0.7429034264880298
0.13767456489783733
0.9296954335485923
0.7295625845693067
0.25950864404693624
0.30673237645738566
0.9079551721984691
0.5199866553891496
0.2668208580758174
0.24669318257375977
0.25493545362560804
0.014245852807818572
0.163516381398781
0.9949547862915835
1.0044135584077232
0.8285098862596265
0.10974159078578628
0.5145246449512387
0.6377440963687879
0.3724717445288319
1.3275452306816968
0.18565406199441967
0.9760517663840493
0.16085316505350544
0.4844260270606891
0.7294945131306567
0.11025336671199244
0.8800864754104057
0.26729815463756396
0.17012524415441757
3.262581923982503
1.3628676336956755
1.9373580476709975
1.6292903381949018
0.15594266853125652
0.2508955840697618
0.1374642799584998
0.2871688777273034
0.4877907488102123
0.24255920685722468
1.2810733066353752
1.5293181938841345
1.5524898091434922
1.3772500204043618
0.32879417227376617
0.1799147541601565
0.3258222823142541
1.4003852892590842
1.26000326721025
0.2927859120675412
0.916123380513216
3.5572462095788056
0.056740734219478464
0.9878823982006035
0.6085678257424834
0.965291840765494
0.03245400930206426
1.776076265389729
0.06720655597345904
0.883619796202435
0.5588217335900604
0.8257956988777722
0.26863563460494416
0.0006594332176061688
0.44031519973410604
1.4519162080274175
2.580156414371748
0.20269871301319045
0.4946510260300362
1.9741796529821218
0.06291365568069358
0.755963434975834
0.3232302659369048
0.7970736080956038
0.7499228688885574
0.7965300589877773
0.8224262140856261
1.0268469206948547
1.065373890577397
0.3454799958905462
0.32582102705320354
0.29866695373013913
3.3036289573785513
1.2374012047957674
2.272985705327206
0.4716085602733189
4.619217777246795
0.1600574662339208
3.7806972711539055
0.18123766663264063
1.4914740952293277
0.7478448468146988
0.3692088557288437
0.2865601146634923
0.3865666841376694
8.67259497484579
0.1113517638501814
0.9989630287754642
0.36077186072379924
3.2335730118585917
2.477205797956462
2.0131280443664634
0.10602512875284224
1.1213138006004375
6.500266818521127
0.7708260211711859
0.20124575983070456
0.8527738529935003
0.2180473802282926
1.044259131296251
1.3274111737269931
1.05310792663755
2.584306337057041
0.8983227588468969
1.5177633298173154
0.2679823838750186
0.37182620170852154
0.25449006176276856
1.0885022045676878
0.09872265482045381
0.870625039819694
0.3999822382639636
0.015966568910206105
0.8748833511466305
1.1348846124411458
0.26207448545587536
0.1927782436093697
0.6512555784973588
0.6243946479894109
1.3387096639876563
3.068177292279644
0.08806846778094582
0.3244743486602905
1.215320320189037
1.3264312386759205
0.581799953696915
1.1452567134107359
0.3745832506270345
0.005162215023737383
0.9304125265913715
0.6041091652050672
1.5316293449529212
0.2843950410077172
1.3367557797122467
1.3280525723145127
0.6938369053875635
1.0069212872313453
3.0176478885193783
0.0914227610290519
4.4962741052938195
0.08727710159490634
0.02664034195178266
0.7576033000278205
1.2562722506206554
0.5791396124760341
2.20363578750978
1.8326941134033337
1.1764113805190852
0.009884663411640899
2.1350657633317067
0.9285698706066636
1.1272539621207633
0.24868334448883792
0.09380456512942494
0.5375664461488312
3.0344959665141227
3.305444789789575
2.7720332715586204
0.8371171367383835
1.7663050941385807
0.2824863977815481
1.6059624634789365
0.9906869750317143
0.8447227007078293
1.9849616527392873
0.10847743168039549
2.7186235706606823
0.12902745533826568
0.42822754031981625
0.7075654882027886
3.648301475210397
0.6754081825135844
0.00615746052871254
0.12931236257537546
0.8561392149434636
0.4174607646058306
0.23544566633449607
0.8977460646579875
1.2558983654676132
2.646297998734647
0.016922587347008765
1.4081630145549313
0.13037057159179546
3.8760413101095565
2.841880668967897
1.0565863668914268
1.4865506311429917
0.1432136114577321
0.4478639597326854
1.645602143280903
0.8517187958055463
0.7657064297519471
0.8249205955251574
3.257683715024575
1.7127287415960828
1.1533203292467313
0.5169807096709467
1.3216505351784817
0.880784265769886
0.7475533906092612
0.44834290801726906
1.6314646512133675
1.443513960414265
2.3720442911661794
0.6429312192258434
1.007690863145802
0.10550688394086141
0.139659685750007
0.047240528244131184
0.26719164210595864
4.9551786016029755
0.6488241364750769
0.009461341639410542
0.3492453347002148
2.356170313534009
0.20522866556332814
0.22541648447297633
0.46756127812372633
2.602708624955192
1.4006357759053016
1.4278919823686476
0.8550831962216646
0.4761703323531046
0.442792783413697
3.1578374162535012
0.6742004110703156
1.119871924344697
1.3306731917869092
0.12238236980657337
0.30373228030187976
0.9026600736087699
0.1452812427879752
0.18010923187230052
2.6576999880097922
2.5945625815110205
0.24237075400467842
0.010274625859829028
0.3342208214997694
0.6865518891198288
1.5553205694198027
0.9588512803992986
0.3741668791593891
2.5571146898362573
0.023704842685342384
0.44264179363642253
0.03444813188650472
0.8453038324803218
1.6719990265733373
0.40427825998833555
0.5017950455171813
0.26124277662624973
1.083859740134353
1.646658859360098
0.9730887006341812
1.7357112106494161
1.2452179341947265
0.15950781211560627
0.6503210734337115
0.32434649703570456
0.2721277259129257
0.04670345726365962
3.5498410255234663
0.5559479557135449
0.7662474030285541
1.6328565571145754
1.0321841403373158
0.2655433158018809
1.1440712092274326
0.6769548440887092
0.45304970871860206
0.19849898646211875
0.4591912577375133
1.4895598629173807
0.053271884248184055
1.4354693957882427
0.11930674846382495
0.11769614794588983
2.0060685628402832
0.4792642943282863
0.33415314993033707
0.5806779732589823
1.8275564234986688
0.009575284354640291
0.23868154845949727
0.2860762937468525
1.1812929934550511
0.27932492643037404
1.035069809627956
0.24406428616502432
2.5541770606809995
3.3438337674738676
0.03925738619870254
1.8472832920638957
0.5902184267674481
1.3375154200212993
0.3268901016962863
2.471684620024845
1.2976827591490165
0.10134537415473537
0.26373985366374947
0.1982577674424356
0.3010790741981674
0.6293976800693861
1.2119377222670524
0.6945662307614064
0.5054950503982255
1.2125890845552676
0.20155228917432783
4.4504978150777825
0.3892466478750505
1.1990972730160023
0.9526345358717063
1.8660490256821256
0.05238556764723448
0.6429999858637331
2.438578809246428
0.303452000369203
1.511324454480467
0.4315689432698888
0.6875841902821793
3.1773845797494187
0.4674959174922925
0.7671496127454359
0.719641969127592
2.2940728091463476
4.282162068192085
2.032190291594765
1.8823677517957211
0.10953544071379863
0.7240543702035985
0.0665302913938981
1.442069019867309
0.5132835457556888
3.408493390285255
0.04337253821605341
0.06833220259260914
1.0740714163427538
0.18789161691156853
0.42192409235428235
0.06927241206684272
5.433088813041363
1.2849964042715991
0.6230962668079452
0.6828778965861846
1.1730478954840158
0.08677034022295055
0.4663437194762407
1.625690837790699
1.6110268099196576
1.8665184576409612
0.2579328377084149
0.11581942592928222
4.891511011424964
1.0288227656335405
0.3518660100200322
0.5972802515888681
0.02359324557421829
1.8670607847336924
0.028979966777287244
2.2446901014492426
2.594746811727308
1.2506331173693264
1.2416894982156343
0.9263920795268437
0.15931155439955322
1.5880066882774098
1.1493304426759925
0.47820050845972395
0.7958949318923823
0.5729410705629026
0.8133877363978458
0.6969110184016389
5.579865476945534
1.4084613786957578
0.5717222175273308
1.0570379348230394
0.5527548831896683
1.1439793264554312
1.2936121820775641
0.10236291448150342
0.2340530680679912
0.7112674613280942
1.8792903983025802
0.9765433519565387
0.19450693297204485
0.010447011811351487
4.659831386893181
3.724843298784264
0.5740074536947991
0.7277526128814344
0.7655749149043578
1.8068069741639945
1.7815074319875925
3.746131068997613
1.09297629619622
0.19346143685740674
2.2920212743396102
0.7396034285741429
1.099640031096266
0.7079922129779115
0.8572800488699442
0.21582868206347522
3.3772768784558505
0.7304491530511226
1.042072030843857
0.40667336176893293
2.1420711706982387
0.19554135106756468
2.302310367880313
1.5526997068374806
0.020237455307606563
1.0337736153905634
1.9314374449599612
0.05289859710992312
0.6970078796145648
1.1251444476208887
0.3435060015354455
0.3397897715831286
0.35426416063099253
1.4019491197810174
1.4110463954024774
3.4702460862408744
1.4097419500044197
0.16353353217491184
0.1106076644213577
0.44082470017194597
0.05856619179275737
0.5281232674497176
0.42671052740053916
1.66820733094891
0.4982945691575355
0.018276523065881192
1.357902970305005
1.0754559178033565
0.22025946055950327
1.5573946081305319
2.7003520446701152
1.3644886027348804
0.5100156589560509
0.16209712111827068
0.6743522596424525
0.8485803695232449
0.8985096743040243
1.0460731339871616
0.6790502152556581
0.20997028613700303
0.073706113507691
0.41969006031055395
0.32118156461694625
0.7967467557030765
0.9960208959231218
0.6738496243839279
0.2029831866119811
0.7673617553565344
2.500707197513926
0.25639870883295507
0.09275265065595215
0.5672530185724173
0.07072059426110089
0.20905510770095626
0.030789739611246442
0.8349577234908272
0.4145977476981164
0.014075159875692387
1.6442343080693322
0.9878157295986408
0.610898471682704
0.08997136600322823
4.284923196304856
0.5215728427386471
0.15971629294969567
0.021693604405125348
0.25562348018625997
0.13495661809126894
0.6104347894570169
0.44226381896468897
1.8057062922012441
1.0951864012602803
0.09112059631269805
1.716398748426584
0.3653040007804184
0.1162577435411996
0.7167853012366346
0.1253339039674149
0.6804490655193134
0.399339447269046
0.014340890265794487
0.534227054598169
1.3622383214090847
0.4708538996553427
1.6953079512597045
1.2647878094735994
0.2322507443380382
0.19037756839122466
4.980252950637477
2.6529934187688267
0.7733211911337913
0.42049196160734403
1.0597116504412847
0.027055797085059462
0.42627038223188707
0.08437229538395895
1.3430951448503612
1.5747674853955043
0.3982505685185049
1.3063615676910632
0.5824665127656626
1.6015797912466772
0.6849271237855293
1.7655495484713621
0.9405345451519045
1.976451332328479
5.426709926212388
2.659990078021961
2.684548904936886
0.2554237541062425
3.5773105160853564
0.3689378772860713
0.15934694870460284
1.4084534311169028
0.4401655817835556
5.2738038441103665
0.35905146052235304
1.734090187097054
0.015107252569166257
0.31592843647650487
0.7881300678463655
0.13546795091468844
2.931848397746977
1.3670204911727923
0.5153695608016746
0.8640661295904097
0.479535708780563
1.0221761818150208
1.8272338461821582
0.9219636724001405
0.3264676051646287
1.6257799825178085
1.091322204437786
1.7535131733994742
1.0486729398490666
0.41173865985306346
2.694458589841478
0.3373101554547911
0.9062721280631423
0.1030364858005889
0.3536754974651912
0.5902318032571691
0.0669242623889571
1.5139970180772184
0.06572326561428644
0.4346076416446187
2.8484158948730838
3.857668392939578
0.8608732901447594
2.138437918501758
1.093528841157944
2.9383919684655395
0.6901322747044109
0.14841108052928675
0.38915120657580293
0.5009218278416193
0.44625215680464664
1.4329599730933447
0.6811675384100447
2.2753361869487665
3.5675189709669692
1.2832206452336499
0.41917126513645486
1.24329777250533
0.10594426002753117
0.7329475933470957
1.4270977304332955
0.874355679449075
0.06354740376588687
0.5671027559087214
1.3493226668217801
2.053847922852458
1.5335363190385514
1.7218393646791317
0.4751592042539996
0.8090595306157569
2.1405771038549943
0.3136492822155403
0.6379711764498056
0.786765345640452
0.8116628252364959
0.8179743402742273
1.0547219066573152
2.369453160280376
0.0012262669871002626
0.8526125658000889
1.17431599314229
0.6398580980103339
0.8892303650701101
0.4578145285053986
0.0018306018476946626
0.5792677736275088
0.4226693685445622
1.2160865607870208
2.5411669145277016
0.7990869183404372
2.7927277109434794
0.08834143996351557
1.3218198940906773
3.2647011115154316
0.27877687718027255
2.56901429327957
2.075823007874513
0.0024110317246034967
0.08182517081352945
0.42140614506103546
0.1771396622408997
0.12833733101684955
0.14100053342876182
0.9314437858357595
1.8135863542995556
0.08251701424422286
