34.00372317310371
77.38461539612196
452.19637065711163
45.74917917296398
1300.289241032302
1322.0752232420334
219.21070049469805
1378.6073663844609
38.258942906793955
301.86181621443416
591.0238183248564
81.10993171103476
807.8013269958064
240.3933225877483
134.74709733309945
21.794204492066065
352.5118585747804
30.13983419148201
364.0374844936212
280.3611371615113
81.78602717819865
164.87573482056217
489.3888389811226
132.34809688975608
889.3634586352866
394.7294383128196
341.72740485540294
387.6636064854419
32.00679137654128
216.2722499931169
441.31799496246884
303.7959176341555
82.39285077079568
454.83803030009267
327.2778007858947
0.24483881383230688
6.139852896341625
332.25456036933275
800.2847880650162
14.172614438923375
376.79844045971447
953.7484806568815
178.8195804289234
125.67819119390387
200.93041979866047
17.009789811795425
1211.9128149636256
459.6332612883171
112.05230591046922
28.803664820398215
577.5401266684197
1106.2501204422224
103.19684609864777
747.7741924835168
225.0051858195889
9.450702225737228
264.12740305134884
526.6854332561678
259.22386505678844
265.4975303466756
8.986652274529657
537.5121327961399
345.66303930543904
40.64626855358608
8.282871003074122
450.1767890243409
185.72192432036687
483.39931103505535
103.30666313892492
146.73156733697854
214.17829218800765
534.1348544835319
337.5942940116568
641.618635832612
885.6400110169435
134.38532510585182
139.61953089990993
673.1321961958809
1397.834411105895
278.3105989721579
496.83587670834333
60.75013479322351
512.0386696683303
9.243203547046006
148.8418253192716
413.25676632847706
102.6547561362329
259.116651976548
636.2915722892751
305.2735514129935
283.74851760376856
231.63664229159298
378.0735769903033
665.8709440637856
121.7469612694683
184.73458837483767
285.8922249015316
575.3698156104803
84.55870786006581
6.210336220672287
499.58764767623524
695.3263241293681
531.6699056909216
315.1327771999671
669.7211338197708
1.6471450489828334
1065.835066344064
340.42513414192535
164.52883699937928
337.45909194902714
202.11053915856243
397.38870353091755
148.0170276329735
3.714404069725616
654.4118084386075
197.40960574662907
989.8918733796474
288.6636104558091
245.93750242303187
0.15812060905843497
941.925429530188
151.4450048157909
117.27207764800313
61.774954158171674
415.63398558957226
24.323422638537927
6.932467236020559
330.91379673668354
177.58692547919307
125.22725947847326
373.6430093515244
961.2244771175293
2026.9873972994974
50.39195384351044
279.3492692985924
21.320035971972843
39.37833582764825
755.9753379716528
829.992803847619
169.74452441282557
350.4751574726281
199.06727610610068
80.95418087091988
89.36985373458982
180.82984994697784
290.8862813470763
22.168987843078433
83.530368796559
518.5898417318806
868.548769628897
227.6026179940806
261.2538334105399
475.4820796907839
530.7362038657702
226.47414041349205
65.11798129775961
1466.5323434172715
18.562477195105295
1067.1312427190815
111.11686142235818
145.74200174887483
218.6935339824506
447.16573335120626
472.8826871862477
23.68662391650486
202.70396143195296
560.3836221113692
107.67358247321758
228.21705938193833
19.227209377384114
1027.1325761990543
566.2323984043221
281.7107571352567
494.0890728384543
484.6018547272233
234.89616754045952
763.0959252354298
593.881859152262
694.1150380674809
225.6645856559143
96.98191049148298
294.31465742324707
280.84765270202416
538.3801244828687
407.3817417183619
2.7087674131572457
304.9180660212736
170.8043504883099
11.927358914622667
98.14782821610513
198.02160437493453
330.9859684136985
41.97203087850343
41.55706438885406
123.80205870074063
34.46966591146236
2.574877750046573
33.52208211502371
54.7795864126255
181.73865996427196
15.64219239878542
334.6129408274576
247.12877139808992
658.6060182426671
755.5936797493381
29.222240076498952
69.19860075812151
285.3532053082097
41.71008178896558
1278.9882331503607
721.328571443547
86.6942030610021
447.34223666193617
82.57987561616677
716.3007019328791
298.14233133992946
220.44250140610544
103.5285939757268
50.656912469797035
90.99920768885767
415.743832611702
43.34290331639571
293.4788970887303
221.50547798223198
317.21657111964447
205.52855287311473
301.3353902448614
151.08584803403608
69.04188847776744
246.0710413716618
38.387697609570694
793.5347692543744
167.60614335188845
40.53057275823201
654.771777422746
74.83628751440885
63.22067357785315
152.28055839004645
831.714147852789
19.257481101338453
