1233.0759505828664
324023.4902336308
190470.79850707637
184080.46780554298
54705.00086484844
216583.140804163
17439.691250517615
12798.772614014308
457323.6291517036
243395.42775322954
341189.61601615837
234693.65913568184
17225.102528751882
60130.82636912908
4120.249707117107
9599.436887496706
131801.39715715405
197116.8460148495
48554.22702570887
118576.4770406956
31161.598706038705
86871.60621845281
23838.43228045955
10474.63287319985
72383.33599215903
14700.29244037161
182095.47493022558
94277.86639639977
6623.982097126327
77115.6554669086
59933.065323840965
87403.17109086785
41432.206637648276
181806.8298484042
354049.08193230204
46016.80179736274
73240.67704717848
4470.502201548789
12118.207727554096
19834.670425186596
57593.532228335476
85029.59113112082
277437.92266310094
444046.30935807066
54824.325875245035
158587.3184410605
201406.93523836776
24625.535126750077
159237.4074507764
68025.83107537946
91393.20778706504
248315.56560887137
12795.163213071462
194671.71181224598
6224.741678832736
378408.7322678482
34783.811017272375
193348.08489468583
4508.6233933018
60235.819094098166
75020.46242734368
56698.091340982355
6304.2508741098445
5179.342976314243
82911.30649245638
72359.77337685825
48029.27153163457
22693.286540121717
100257.58685673185
292290.6830089436
7761.675805824735
27068.456422509502
