13501.354781331685
5.629618578748322
2534.890643599523
9923.341123679827
16710.844486078226
7028.056892953373
25691.980984785616
42472.66782298282
35858.23283579449
198.18747251575462
14889.55823064281
15771.189814200121
8797.847701061104
12348.29085834098
9301.05569999585
33673.89611285851
28520.632006497366
27192.198002287245
1.5668176513255767
13684.598486479565
116.03109592323685
876.9819833728395
26259.602223278147
63.60510930514419
4721.769754918637
36.24822347667272
4223.377797411585
7500.03658118219
12192.718283701368
14329.098779269538
38.93120714519036
29836.914175363534
16924.016938266548
4680.1289894296815
8561.833382796729
86.14238899494389
3518.8966848731798
32903.84769174339
72.12559540102625
20816.269522883962
61886.02932584598
4086.469683858147
41218.247737638194
9283.460972716934
20064.5117525498
10338.538006855137
22351.524441625123
1311.2600908886577
2733.7022532518026
41.46185565920893
8044.373496006127
43066.26022996552
7116.92508148764
126.01858728423309
5828.387127045653
5404.223330386644
16128.906838301455
870.4573648190047
112.74906385144833
63.8535233288205
8.933565091688335
10067.558982808368
22801.26379481922
40336.918881177604
15000.514357924987
3875.056538843196
18477.947763509852
1.872439416600816
23279.88388247845
45322.02501281733
46304.04546685022
6501.396842131347
