73357.49727034882
14110.158182230996
13.123756687799442
33386.51006875451
55933.69429482306
11960.772791825824
54905.2485322739
25772.2622376252
21.13352018137015
16664.25936643857
41712.804850827706
15766.428672975995
23315.736827447246
25412.504437171265
81930.63416427984
70930.23329336914
171416.60935362102
67861.85171229143
1545.595590305941
140699.00096279546
12276.221114823296
78.63358738942205
21522.142359994723
5964.679163639497
27082.607192033192
37807.7966718702
54757.874917295034
39291.10053901587
140708.82420335358
97167.04093725406
110301.3489459631
89442.94653888216
26240.40275679545
18897.36127187357
42693.22722174532
136470.29236761123
108773.62843718451
4446.5421957196595
21356.78413998021
107985.79474092572
33.80218870293891
39.99436435765482
101745.44342840076
7369.172392359295
28935.62601617808
39842.12729952819
97198.22502048468
26310.824412493355
107272.58083431119
42434.3269533574
4407.715748614347
6130.467477068726
18114.427343279076
52.664621369760056
121839.4646218913
46155.89212007673
229527.31048233408
58881.746876176534
13981.764197604662
35353.240683331904
1738.5885751253015
177819.45177560556
45220.70301985411
14887.255293535882
14266.390318932643
22752.346372594347
39151.94868301478
62.37028243521598
60435.8682880647
13113.717556065672
56201.7029965013
39110.950785039015
