10350.341692262855
406202.29684153874
222849.2237134198
151725.5707945831
22778.252994346643
143961.886650729
33024.55457480226
59022.022260241756
191026.33534777566
216157.32507344405
303876.42749844975
99633.15221224645
131664.45779008194
23799.27027323178
50095.40196453384
250347.3812232147
9734.817016668087
86704.82702193437
243262.48987165178
497583.9401435497
419748.5403514682
374314.40877971717
252087.4944794492
262423.9473050991
82013.07619910549
53426.31402531778
84202.88331768908
230760.91977753548
100854.40173225988
404411.1602771769
341877.7262419631
220587.51696182622
39146.239634617144
290474.3651874796
134742.84071596022
30694.096578136512
111786.61464067374
281474.82072199247
31950.72722235436
70285.82598698974
221393.41150363712
206084.04143235492
43644.858997561954
415414.82099680364
99973.16490015724
263750.9017013361
281582.7384096779
136959.86393393006
554043.641694142
6711.002966897734
353637.8596247331
440604.1070220455
130137.11237225702
51602.50253482518
27257.7647862262
54680.959607305194
155498.89469969965
65166.04195064693
111254.64251396198
137598.54642081299
123046.36051609219
26311.9069083405
275587.38964455895
13331.789857248086
433306.8500900918
402056.4817702123
432363.94504180254
9151.308134996747
10377.587883096343
210725.32324559687
22190.265897988967
1317.9492843941325
