117076.42692784892
475208.5113300688
4950.7932326217315
31659.406948169482
6434.612170515009
9389.938546717667
3973.357831911979
247342.9612942913
31886.412554566436
117808.93484299297
14543.66765384779
145060.30975503204
164821.44391491398
158963.42774270018
64233.236466680275
151425.27767376087
289305.6341235015
33358.23036922138
240167.64172576292
232968.56744676505
102047.76578981674
23583.200930313535
27258.70657069647
25793.95876689085
276111.12910775805
50685.040706535605
117321.51585857541
35357.14524469743
208642.03876713474
167125.17754912982
13028.33198592049
31517.055854393133
224873.63571851025
268958.9681491976
71635.61555334677
54801.72951436343
163459.5946566167
38737.65809331158
45805.00451165997
82881.76437269434
42945.33301571106
150321.11951733526
46859.65968992093
10159.910763021273
75245.91669754707
29229.489402435473
5920.866501041091
68309.31445409804
127257.8660594588
97925.28561587079
90352.10257351486
89380.24724953473
19556.222079513285
53729.192114184545
26182.02335048628
69604.02366030317
227564.3934671243
234886.91731683907
55303.383031028665
53029.55583823294
39413.94295558004
628263.8313832411
129600.82053431294
20833.387322737377
73763.48486108425
31368.640963024438
294650.42170568375
28885.287500161725
17076.144815125484
293915.34412362904
51454.343294786704
215656.2304846128
