25614.222808495637
42981.53548892983
92725.68348313752
56406.296618478256
41180.68065534063
25743.051892416777
2549.856151463308
48288.18088336877
133719.34681263252
64755.91631183397
1396.9727946568441
129299.31768926495
50228.9539676108
7349.187003122699
5860.236682607414
76347.71918062477
34699.26167866297
15154.725490322702
19385.091875775244
41912.56948044857
4645.718559877337
22700.40409036068
24302.1948721554
20320.081961083564
32092.936705618176
105336.56323929587
2935.2943934590976
1349.0859988400812
14122.660209669542
8373.62658000366
15119.273236389776
25215.67528106514
28201.687157608383
32431.140139263483
34801.73564870602
1367.3874366887771
53661.98371712322
36161.89940089943
21692.310211034182
774.8113827629882
26982.2412105359
11073.069873306851
6568.492074386627
71131.09180388585
8566.972988061565
41718.27203378286
27038.731969084234
52710.70191287102
10154.677664373841
13020.10739252105
42075.59904971174
39450.99858383032
3986.596809238523
40029.46362284809
22370.99151535621
18396.308190531774
22341.47923546905
10827.651762937025
62555.57280882136
48047.19753677923
41102.90011531392
64656.70319680355
75427.61731297156
73387.80824832992
42739.4927750134
58729.99763878487
30733.14057285696
15288.690662346826
88.73850919610331
83148.22514036723
30373.71324131654
13158.58816201784
