2863.7481167082974
6350.459921437387
21193.409313927383
60437.52009733679
49838.27355997835
38636.3392819451
17860.20842881586
23796.136706476485
16680.51105602382
66052.04790397525
102735.81000943333
58003.01216336781
30657.605813457176
88579.75010400805
5926.015941947072
76742.2101728524
14751.016351482202
60253.47407505504
42081.7221236311
800.8052619827725
13701.814685187916
54468.663749333544
61689.529142421175
809.4712259986737
105737.66303607918
43145.16669957919
66394.57912526364
9840.885366569277
27006.29268051888
9699.40479544751
23399.70720649517
105761.0093303577
109557.4005058309
495.7371959578294
13084.80614926159
26741.70874462543
10469.347305399633
5855.172394830941
9910.073170847096
147715.17802681724
60556.32723211923
11652.939803880905
30031.162562918107
65682.44443650801
18527.222401378556
5171.59613002305
61623.90043462701
1226.0352005744417
5982.787834253369
35059.03785010225
36365.245861878415
37510.275310974976
22795.713945685966
27730.094365614623
75727.21314020961
92030.12974440053
10735.718548876817
1403.6160269572306
13460.18064184049
31158.93055696517
13097.565623241711
2507.346393996293
46324.52156656767
4880.5037328328235
10517.157130938282
14536.985804093028
35992.5795491748
20167.910306134305
39510.58796737786
65734.45032660988
23422.96021543765
20253.46659250034
