152657.1765395783
167185.9859884414
154262.65110026766
678302.613769248
121934.59096310985
57960.48266891718
186632.64895172414
101843.393506954
3772.565336930245
65749.26001734032
661156.3263350934
141.33082370253084
7807.947503501365
54672.95901987915
14867.910972472187
279848.0946558342
139162.1481211666
96840.45096980735
235584.9147064342
174207.58965382134
31598.232463655277
162812.09051756165
51634.85863172283
73221.21635692855
30493.699174305068
9747.344088387501
33754.95793518124
124956.36508836925
99466.75865336087
150775.95613258024
122056.59612525745
393092.39918449003
159000.11214911722
91493.5556804149
16185.24235595991
144995.34692777696
81411.03718758097
120881.83991321169
29466.00762679454
82181.25602842275
27246.476734949596
11344.027372025506
56230.7621684328
255348.60635457622
110386.49322149775
32019.154122189782
577274.1820759504
2668.424866107513
234702.8199532046
37019.807024266476
19861.658869604707
131928.24001950672
51140.11599157173
170843.2761066798
309039.6579479918
5153.830962018099
50463.372633689636
222589.4842930955
72248.50309279117
78333.8406849855
230258.38246076836
184491.8976675999
26016.92062658363
168112.22377326302
4476.971901827259
120250.9947109072
153066.28010444986
38518.54373257778
44175.79857463255
60685.045656493414
81163.08869114748
5647.1253043117695
