116247.17473826742
424469.53491778206
31757.813821824977
92553.38096871875
440329.19713769143
110922.85243047483
51765.56493081738
133599.99804397475
249362.9536653206
371414.4506172705
55493.49598694557
59670.468961924926
13189.451664860715
365704.5341299745
85075.5857045223
104981.2935455881
23700.55456588138
297877.49582843046
119671.64279681235
12732.653001443687
37210.47514642606
29304.38106157006
23873.60421563334
24890.175216698382
84738.78644256282
311140.9975350711
214210.48812871988
3013.4899257695474
4055.5094536503416
219240.80221409508
63782.23510090708
115679.24537652971
4085.08242421571
130600.00476090256
453273.3205023121
235249.68091154436
13694.489983369745
305332.1427506655
128994.92434032394
316792.43447497714
93804.44421892853
126452.46584356624
334557.9193467577
265711.73844196444
371428.7887852856
228424.5241455167
564134.3983746656
239100.41602985168
207432.30012821584
220452.0295300894
658151.7960330734
24314.17954971868
874491.6392659612
100441.41641294956
48391.51751309254
313936.0499283895
104491.48002878114
49879.99101121427
35797.0900096627
394604.59871670936
14601.416989632113
119771.90671914205
85086.6607659814
179030.80103994408
108639.6642084743
113685.50848132401
21551.53530184189
207301.2960037339
134518.22813349703
225690.40424412154
76907.43105507887
127867.65392457164
