7311.80261260058
2986.924665180453
67.61305738249257
17180.906465162603
1489.57638882053
14082.36449161815
18666.357783719814
38.17269342513976
71.43581274066099
18877.28778283787
126.12736921288904
27287.980513600003
6106.155210542982
1883.2136951928985
65.40520745880676
7843.028493002094
73.40263025835092
12.213948872089174
2285.6919041394117
998.9721432546303
59371.291431517544
93.20317400871598
33811.45975415409
5463.9672018981755
872.6074185196478
1718.485161805521
5893.482789975199
32871.94171744805
39.75033761874806
16149.98680269704
10876.93943488842
3.395832669219294
868.4989003960892
109532.49215386159
6150.288818359372
16867.511076052284
1579.1771862381538
39304.95083711248
46.299344593829325
3718.2793562389656
6712.4773827304125
46226.017412462556
1167.7009285622742
8898.937150169526
9736.004427655485
3226.575082122108
64.40329426556826
2543.813660818658
7649.0759879240695
89.3987908389075
5669.559344317715
50.97293901386342
11010.116011428618
7.703187747140044
18829.0521992788
2585.710024926772
20311.084726141533
10536.41084227393
1.8825946384335475
53710.92338736041
9689.790320301612
27568.94344786185
229.31631059629058
18.375886588697107
29.946482238900003
54.45469654159406
24545.789279269393
4.043711835939201
86566.99716245377
5899.096368568153
4197.9820546413375
4635.419601681626
