2949.8371808558613
1468.4373661529446
4084.0596628951585
1695.8198582683135
455.0460941139522
3311.197832505566
7529.6639401253215
4874.915691729232
3818.2195058930215
2318.342726413299
1529.9010600017048
1280.7022162821897
1360.2157132221014
2997.258556431831
2234.3808002526093
1273.9854937741206
4792.497890858915
1112.2806997334358
673.7947456684556
128.04166066725904
4107.129386544544
2658.664591208441
329.68607561157864
220.60134410222994
1451.813273829109
1054.2567345093885
2416.407885284202
2841.2618348416845
92.74564888802163
1147.1902678822173
3214.5375035096367
1237.7957903613033
6196.808006476217
1697.8727795896468
6363.207123910482
402.26880828398066
2315.488421773958
168.01609788657882
1404.2289935767058
1448.910392433248
542.8761983425927
349.87948398636325
1720.690553245712
343.1947013213955
793.3021646925498
4682.811023028642
6519.343394667711
1904.0738470033223
24.525945467250335
7358.857273036008
3492.9596459464833
1218.4522534228033
2230.7070176472835
3270.925999130117
2661.643618449313
542.2646871197162
2734.8930213281365
2084.4354791549963
3134.7589793738475
1636.609362983277
1134.2685280974824
681.2969091459443
396.593778768011
1521.1804031528998
5479.185070344635
1475.6366407170142
422.7440642899269
2630.058936263469
1595.013606325817
1515.677976591996
2251.9191392452017
2385.4802398783154
2919.4309489187094
1103.7593127016432
6311.667855440035
902.7292604582069
314.17598535160965
23.45332545724545
1965.7680540087226
26.371426675863045
2451.511429399807
4587.364609635481
887.4978180733306
2401.4358854531124
1692.9657777946422
2438.75479074982
1868.6046569120804
1311.120310576338
1931.5255082447138
2074.3470583100634
2015.1035964002638
6566.052109375258
1409.5480353719424
2137.347679841984
690.6710152686596
574.4693745706711
1039.6859159532482
1992.001835037265
745.2904680903146
334.50641888444716
535.8555822348827
1009.3130811546499
137.9751227854944
2019.119864099615
3545.4754955836124
612.8973326425895
772.9753665179566
1479.3760618670146
190.38031850429488
431.41363066069766
3071.2092915321487
961.7708157433075
343.9620692176264
1006.4133050028664
1736.110436533249
631.198470201599
895.2345173738994
1007.6935858219953
685.0355458758092
52.139024685268325
4385.340468157993
5665.085535639312
371.0940705650585
511.5198151051653
774.6810197879622
608.2179048899967
1925.3140285448344
863.6518817877002
2534.234879862429
202.83219846046632
5507.037891183965
266.7849525748366
2823.1942316238433
3225.7158097569595
7117.290472899384
2909.8661413186974
1271.3915108671283
7555.674460870487
298.4269764849035
4297.1976024410715
1357.9658762251154
1566.3539965761368
2097.3881892403947
1925.9252030300213
5664.1428653073035
3298.0157934780027
156.41751262793085
1901.8202212847111
302.46529069562587
8358.244870625333
486.2703936309765
2877.6686384790073
1362.8531651813387
2518.257528516482
2012.3025913068661
2467.0092838028454
2791.268754769891
614.4542718256533
1077.8374461968642
526.7095476530375
1430.7725495628913
634.3036000822292
4028.1747653440184
89.54886573738086
1087.7025095983915
1211.1570031140327
5504.047171155933
940.7765276838628
804.3407855173527
4880.969677809955
508.9130188877248
3.280747275885351
655.9053558308277
462.2658650271557
2825.6269853633676
67.47083162107859
1658.412564312795
1290.6476048977502
1183.04244526073
1583.9825826010706
1598.7162261968574
2292.0359137301643
486.9717382652547
1841.5242273668507
2015.8747260342907
3259.7233928079772
1903.3187574674955
1465.310237380916
3758.5199241077767
438.9277876026376
3091.2104448691807
841.9230753106694
1974.2180142986745
225.49560966670688
441.7121189978201
462.3959663748009
1047.1398563941816
326.87386582010237
498.1016881220148
2830.45284291176
5157.427692641772
776.298334355862
2805.6728124740694
3365.0621035016866
1036.1871423967398
1137.385311523611
26.82085457070767
3954.784225715664
3798.473069874591
1152.1564929526187
8194.267245766121
346.80154975881067
4568.968867785144
1798.1372373350437
544.7524590565046
389.1506548978538
528.1768669815201
805.3996075986411
5897.741910512995
1394.4439097061038
1554.1410217365296
155.48057947505774
3838.6217818396754
1856.2037568200833
3028.304463824908
5547.652771920395
784.7780395019806
3230.1558927639653
324.74713252883134
94.70451296174693
4399.76034451267
1634.9422167470384
299.8106831359117
215.8690997532464
2944.26373455654
1324.7557463459414
66.95021717205825
879.8093505888341
883.4417760082038
4081.985400292124
