48631.33293779037
6315.595843641502
21066.016202779458
19641.55169554542
11518.392921077802
20381.71912708721
72547.2183533882
9281.371199361996
1474.696649530317
3199.7712370345866
48408.85784932061
1335.7099527994212
54450.99715521221
27294.155707447648
3043.867219959404
20331.806314209567
29922.524363218807
38415.89219937663
8780.392174090372
12685.895680876101
5195.342002754211
36461.56043009867
7726.202735385829
2593.3079612704946
4940.584451042717
30551.685644911362
6725.459400014014
63039.47307895868
35944.40102778784
51272.76766967085
42717.885907481665
37328.43448239655
32916.982553480426
39472.844743166825
15395.452328346226
12616.337838777416
16117.269126435753
16428.449717321004
96813.0503396324
4327.90623074221
21613.190071619076
16528.87378749029
28819.60476762779
61586.220212382796
13158.229091710937
12580.815915760391
19745.86565536386
112473.06863630115
40440.2598331018
8705.299181515806
9314.406784915296
2667.9699207926333
1380.5468388217776
162.74009459336483
12692.695500110438
516.5803604462644
13833.938487009538
4084.5226297819063
27281.912874031987
237.32109501275434
4003.0690697991563
16233.027005285536
33305.23631421301
19809.471992499628
26810.376187995647
10131.565656370343
34405.0498331137
14028.524203106152
519.2601777609332
45323.109357538706
776.2059943800652
2259.57880874797
