7835.20158373
15033.7526069
195.978174976
118.072396274
267.782637643
37.4359418149
87.492205899
9.84457284419
30.9181633526
52.731393374
125.615557482
38.8624846717
32283.5274425
581.646649992
127.777549655
31.8735907623
47.5549956863
49082.8044741
41.1148898742
81.5263129073
111.409648831
405.787243462
18605.417391
9157.58077145
2688.21929558
20158.2364469
22.2124395698
91.1250897099
82.1695253873
10344.9500233
280.301419304
99.99891521
244.034025655
366.048785888
217.269025631
306.69001018
82.4358008232
84.5415916545
63.6688622568
40.5170028157
10703.1311585
51.1030116608
7.13747918651
246.145758601
651.643737205
8886.15478564
154.179295109
106.023226906
54.7406328295
31063.3192199
61.4471846144
9155.80826161
63.3409850386
9962.54908068
99.3090921738
19.7568225582
253.411798902
4038.49046397
418.323952125
42.2010892698
134.527145079
44.0255530843
160.277248971
1850.77318779
8217.76726532
86.2745145801
4.54275536568
94.5388019072
63.4497108638
26817.0537755
419.231019784
37.1572723115
39571.720637
18566.5220912
94.9563636966
3487.44743449
119.784068654
53.0387561255
13.1966069773
4280.23161176
139.466601504
123.895954723
57.5219852774
396.67780619
23473.901698
623.65288313
28187.6631581
112.909579583
198.230339862
56.8604992092
5341.63174642
5311.49723136
14868.2594045
38.0961423514
139.376184803
47.7779981897
7395.53174502
300.113048689
143.963906096
20206.1068661
85.753083154
97.0351985692
85.2368318412
264.766625888
2936.38283653
139.41086082
310.562354722
24.8877246092
6408.99013731
201.465322521
26279.0264743
1016.87238515
236.497039173
50.5308302396
10999.4765032
32255.6140553
10188.6849666
147.63304469
2137.84570274
298.907813996
873.691029532
21615.9954791
15928.5570938
26.0479086169
61.1292164609
6782.560304
130.925238635
154.636033858
546.904443595
41.7360158739
9169.94538646
16897.3305691
22.0221065612
37.1150787374
208.121100861
3871.39680053
92.7587476584
1.54387359035
39452.0039269
7597.44593121
256.37310986
37.9646765252
13953.2690463
12706.4015338
17982.9706934
38.0793892008
1566.20135422
806.833944197
326.986607107
19300.2462833
112.460671658
312.865327595
3573.50290348
54895.7115949
46.1504193575
104.940943087
150.285781024
34.69812944
327.163849626
304.990381182
4645.50348265
9.31164068464
56.3128545166
114.388769613
53.0252890254
134.52134138
126.582215263
157.773002817
166.129192014
130.035229591
7.84197753757
5195.42540294
1868.51618553
115.8067855
18.8667141777
3403.75633745
30641.5590525
37.6750078249
26.9925275297
102.766443217
10.6328044378
51.1216129212
159.783267546
247.796591466
216.969665759
55.1713486508
124.254107403
370.081777583
106.302188495
421.160836117
58005.3636812
1488.07721242
7445.46500834
5.76001336079
4485.34098848
4412.73662676
62.8528279657
27.8160611755
17808.5492256
204.918761486
24405.1588694
10063.8995111
30.7621333596
8857.93258787
12696.4965974
57.8120831712
29.7444864056
1839.09023501
47.9713808702
28197.2609022
292.163541186
38.9977669724
43.0368827756
250.64486363
7495.13394838
15.517721431
22.6663327035
9762.5826677
24.6445559201
81.4230996091
373.607177022
3163.07130025
230.158087334
103.697289308
333.260539196
6.7077508782
2102.22473986
160.914640409
614.243970508
38.5280498305
12411.8831592
8031.3768377
291.244696019
2420.8772981
8517.30452221
183.921115732
90.9373908616
158.127441339
97.8808944004
78.6721164655
62.8244486708
70673.7834337
252.405683397
19832.2333157
18.0758822679
8556.81224117
255.471275088
28.1196477305
60.6096047758
363.413168281
81.528028422
30122.9438924
325.915191056
354.463517614
3701.81610233
330.863368037
8949.99727809
3496.10550401
96.7351839588
4946.95612084
1292.66406234
49.1464568245
175.833882703
41.72665402
66.022852703
66.6327425217
7760.84067839
178.016357258
38608.8267958
27983.0638058
28.3280721657
127.690003132
30.2429504704
19496.6206627
18342.1630487
17180.4191695
122.451655384
147.529851297
26004.5942402
122.360369363
200.848075219
54.1977193083
199.237597627
465.761346822
39.9523953105
320.405657927
14955.4034537
179.751025033
42.1931758645
215.012075363
10576.8792813
4616.17971944
243.474396552
190.433046675
168.352787522
39.1361715324
6570.11570767
150.327207622
8085.91214538
8932.68373989
83.4044205626
6276.52932576
22112.0689839
1469.13022607
135.667498158
117.541724151
5515.32601872
81.7569539287
41.4749974589
1357.17111721
60.692067816
9223.56279431
19778.5282439
81.1493484277
155.435735926
5359.04535824
9.03243568734
30.1608398027
0.612573544825
70.7327346112
204.327455918
14344.8347269
30.0075515556
7157.58185326
11337.1408196
6906.36683285
84.4539103246
3583.42971424
98.2336207831
153.133169828
5147.15211216
6.08034984193
7514.09719158
17178.316042
5947.3469082
117.037833608
130.447075025
131.600919633
26.6904515972
19.0787630778
1998.15259661
7867.50368642
12.1282235024
21960.7518796
401.525724766
249.729214489
133.476308554
50.0434466927
11773.1601473
160.937478202
128.265376162
108.388427921
113.552452206
338.042329372
16635.686686
0.5146878435
70.3606228034
35407.8157392
16646.4530864
87.0293748686
14391.2442482
50.7730603217
183.264863207
32.1958245645
6089.87141739
36.7264974092
22.6307819597
21216.5595335
83.4517329904
20886.1459445
211.712029399
21734.657086
10849.1689824
5596.15075668
0.973304557976
21442.4104184
219.223175315
139.059482736
19.4287657503
109.563280242
124.989453097
4415.65032317
164.567148124
444.904538454
170.288567841
304.815660725
0.851406735807
8084.38696063
162.905420626
335.809882773
148.373506246
122.19416322
39.1241960059
44.2703263651
3665.19955409
52.932541545
28855.2693302
1562.25919424
363.102524109
237.798911706
536.528973705
11.1682943325
136.696072204
18.9085754024
9883.78586351
310.583336346
78.9047616118
110.454327366
59.3980381628
9150.86894258
70.932213257
22014.0909486
297.478540714
83.7844690208
42.300531165
276.264848561
243.68836094
10.8480311528
143.002882259
41.2637604657
147.426511112
39.0376026023
18296.341305
184.849425289
235.939823026
19.7846159954
25.7833683521
502.951912657
11898.0175876
132.022888063
56.180959372
71.8830412288
184.726436036
80.5715263089
59.6899254326
18708.0074429
7707.98078831
30474.7470622
23.8713905097
28.1972078207
0.481963019505
58.9942960388
71.756699797
62.1729127193
191.411329108
15.7742731034
343.118076268
11268.98829
123.478494586
55.2442379893
3.30710921692
18.6205537137
102.377511299
414.258303263
91.4266824448
8301.79975337
245.963900995
46.7126448375
9971.39661222
112.974045467
15.419786449
100.00881659
24.3289578145
134.076386028
33.7161245223
8.71028131
216.247648598
33831.3591501
35.5332898902
3626.59143159
49.3189221941
28.1493612494
263.78087937
66.8449576311
138.070545364
8311.92560896
127.18723244
12.2860435133
17745.0469143
913.391421809
13209.1106352
137.393859435
19027.9857157
61.4256604611
277.982712594
16907.4319846
34.2479342
49.1871070048
126.907451384
5278.16507213
81.642457591
7847.81812477
26.8444376615
24.7312034555
11825.029815
63.2840969111
64.8788907541
18047.470536
6251.19039216
221.803751687
3433.54694602
3.44300425418
5989.68533147
64.2273203343
208.068514279
68.1226348363
180.613407403
36.425804016
141.124929934
4651.87918394
37.6912341722
4692.54158534
145.200803735
29.7212166253
15623.3298295
192.965133519
31.362413247
2332.8759692
374.536310066
19.8402682548
6.66653324121
20484.4284421
73.804728881
46.9644694571
2363.49217385
131.014200208
123.642548905
193.346995668
30.5102620548
377.586637126
28.1534571516
9028.72310347
62.1015166738
231.932952678
90.7172052326
46.5629081461
160.317999119
127.01201599
4274.0297262
143.656077298
19.784242021
10025.1681201
71.363846712
138.393304214
24735.3892845
41475.986771
85.7478114526
32.8697961866
10.5302879688
86.1706447011
53.8123070905
322.024411262
176.504293485
64.7302500959
136.36226418
22151.4618181
126.60191364
6881.50451815
10808.5524466
6562.65863061
111.454894991
141.053956267
73.0929672647
176.98861269
224.171242069
8682.84562026
258.598163057
85.093948487
104.650687137
18.3321800716
52.0096340293
583.721527548
274.158942214
194.584006009
142.576443261
70.6106390135
28470.5088434
158.075750606
94.7777583502
2531.74705622
185.408760827
84.9084633816
384.576721113
2207.91968636
553.716168345
257.474029516
496.928558037
2910.07534281
184.361057258
6124.56375775
1899.55762931
36.7314595942
8.81892983903
38.4029831479
3649.39799035
40.3343753201
71.9234217095
8938.08187494
3565.11779121
22.4920600301
71.2909802062
280.924671221
15.8340999028
2650.31931873
11182.6133057
13825.4266223
114.559764277
46.3607067519
6649.15098188
106.484693212
267.965273609
20.0713131155
350.642947228
2.43292177053
110.073134458
50.2927863427
851.46121986
21.4640659257
7038.79072384
28.8190164056
133.000156899
270.310234997
43.537409534
319.479889851
68.3521244652
43.5389823154
16095.7602005
11.0697224723
48.6493749495
64.5256911397
11.3892035179
3112.47054147
41.6197373744
356.381249569
34604.6184568
166.103922549
543.137591487
129.347824032
28782.70024
184.963321887
111.475595607
86.5595333737
139.482372726
157.016140217
50.1167240908
810.497298206
33.7516849263
121.909617706
10578.366007
121.315768932
4823.45849872
12.6647199791
28.0969173787
1188.80577895
8058.20727796
506.860354671
56.9791782561
541.562508431
424.277658256
87.3114922769
3996.98081833
48.3262516642
127.818000327
70.7839263374
55.4382552376
32.0177777161
123.734720581
46.3458733951
33.3834229299
3288.27749393
194.733468295
158.358144278
324.949195479
82.1086287379
50.5648809632
21.2035596425
40.5346282715
63.9409540837
256.757648072
589.099978776
238.433554322
45.6702594564
21234.006057
188.573526196
4571.65798551
1347.86607211
239.608004977
15.756935108
8814.18663255
11960.0362441
21.739653876
165.720550809
107.257367118
121.195243617
8760.17924281
103.445778132
2130.17703736
13604.4051474
349.15448967
59.3361760817
104.25869588
8555.33423751
8850.10369205
85.473299103
4680.87534553
29854.3082055
6653.86793686
67.6476639639
196.101271307
137.236665073
120.515500736
1593.19149168
203.828790762
859.052060031
601.213061048
24.2257131611
57900.6730666
341.056683748
6129.11547857
91.5383347787
95.6397947411
19.0124410955
51.8741424103
97.3006840162
96.3214185789
13.7002867765
1731.07053331
1923.09303713
62.786051361
102.366507692
44.9228283197
53.5615166915
164.247168047
9680.03750779
37600.6485374
42.4702249793
5106.46616481
63.6567398252
2680.86083458
87.1210051466
75.3577436156
2.97833685332
15624.4623192
206.912069479
111.270457705
18384.5229528
90.4868706209
149.411665698
10765.0293405
163.592748062
171.13453383
97.8284111898
266.589020381
4636.68893393
90.3894481843
2300.81340903
2.42744102235
146.408661509
36.5880335909
7221.3687867
38672.2527217
12.6316912916
4691.38353945
2.89321247817
159.789822151
90.5314537321
18348.5059258
9147.53370519
13975.6329903
170.348023803
26.7798718431
19344.8653557
309.725925259
18.8145957635
106.91286394
25.5248243399
8117.74126579
186.88070882
220.751416875
66.3319465014
1290.83460247
4179.83087601
151.460637498
7638.52315695
61.7536552907
49.7687918786
2438.24167947
5258.644258
250.027945792
242.608946108
309.454129501
9339.49818596
83.0508310352
150.292565042
11.221545032
64.146151859
56.0651556372
363.215713351
11269.470125
27.123620776
11524.6331378
82.0267311397
87.6918997027
2037.77463087
5349.15057274
44.3775951317
133.219529399
4228.772161
19.4302360633
0.157586832306
173.716768161
64.1137552686
54.7609333421
164.460416623
15.0585951879
14593.231757
27.2507672372
3368.72242151
1340.14175324
1522.42239785
137.673381866
283.191598442
8139.13628766
68.2826806372
279.210427529
6800.18803815
7.25068007735
102.625119281
197.891506971
137.805792213
73.6535174283
914.460915693
299.782256052
30.2279436073
180.219676685
850.867167607
23303.3157846
90.6752131686
5330.85706337
180.773723703
13.7393836789
443.254773856
89.3690328141
387.610399185
7.35434179723
3238.83152789
3941.02335031
24.8047872129
1121.7898672
49.3102215713
31.1823565865
83.8602438376
135.121643744
28387.1291845
12.6745242933
83.3731855443
31993.7978739
30847.327327
112.728507723
29687.1500136
115.135557889
161.761170258
54.0791338427
500.249653819
5087.34525219
96.053209124
5311.83281821
333.053698812
66.4988584826
11.212991941
45.6679266189
14.8600534989
34.6633149124
27191.805743
49.3825992854
66.4046870008
23966.1086526
17529.7936348
104.025821411
50.0579694094
15388.9430004
9049.27897018
81.258941586
150.605394083
332.136918285
51.4160868579
27911.8021664
60.3898732635
66.3115378079
398.400203751
131.706287571
72.8160785223
9456.88582547
27.4042656356
139.76525421
26.2178535694
26.2577793073
104.596473104
28.3377127491
15658.5681765
8544.79602713
77.5954232922
48.2910428502
393.712601178
83.1270475065
8193.07187383
740.008113819
29.4377882843
18.2806374488
9.10282974789
99.4393054233
2399.28047453
1385.54445125
39.630391766
29.7465785364
268.538245436
23.4995822021
17.058776166
202.234682969
38.8182330002
14.7538064044
4.45976288758
34.6128428284
57.9815910365
52.6858085922
10.7451107814
105.871058356
107.610161042
50.7659718963
193.722344873
144.422814377
12.1257681241
46.3343196813
80.4427850986
3830.44447607
246.003967055
188.453104933
51.4161065526
38.9707831741
350.11274747
48.6335533775
254.934326609
178.311912947
261.042672176
114.534346443
26315.0532745
169.345172278
53.4023708735
17.218451511
22056.8610305
5440.64870561
37.826472101
1726.91175864
33.4858959856
117.225122274
97.0164334498
307.760809276
85.8651164637
71.6249461143
6835.43029082
48.7315135317
36216.6598857
67.0264139267
91.1179280733
134.436809268
18228.6532866
16.2263438907
112.45380315
11212.0427369
110.75214143
12730.9209752
20.6797821637
79.8285707814
202.153764553
204.990035761
156.842639581
56.9071655782
9653.08834343
7.62772414148
49.7246762044
132.850657607
3763.12279815
183.162762183
3771.21234404
9134.25463725
16855.8361629
7220.56192852
9228.85476973
46.9808426393
130.889336881
104.81814439
419.846176131
71.5081572723
170.792401116
175.812508193
202.526548817
239.389831987
283.105020757
11469.6854931
9.50869231925
164.448291768
98.1426999723
4623.82755776
13.928208096
32.3729814542
127.482614595
236.88302956
61.8952008147
189.418130393
8702.19254757
29.2609805892
7.27899502861
47.3333436303
58.9769772064
125.642190126
206.126512221
3.88449502671
573.235274297
22.4111060246
1239.05372414
381.586599148
1754.28407269
1.01015805325
25.4779362327
27.0291730966
230.400306748
54.3608350041
22292.71072
6.87269383924
2749.29305319
475.93304866
22390.3620698
0.903686580371
0.768238111431
43.1196529942
68.4559704246
198.499709056
131.088523523
12.536045
65.0293576179
8.5742885858
5.79245532444
31.9847868837
20.1411021235
27557.5845586
3535.65844955
57139.4124878
174.656774824
131.553781596
2.69908365239
37.8094355467
24343.2376092
6714.84003571
1.63643446468
112.264864786
26094.3090246
