523854.82686100644
722939.3008489892
285582.26619084174
1212927.0576800108
1968638.381594062
168261.14605885162
707680.4088275488
433317.5238433074
349221.2403617527
128159.75433758527
193174.3406437066
497981.55722789967
1074406.850421085
184486.11308544065
941700.7400197056
516016.51538130763
636480.4500787075
530031.027098003
418253.45562384045
455961.9592146125
93841.63106954675
66534.54449500823
1152407.541410335
58975.2597971229
580581.7273638841
1206637.1619896234
100240.18824425006
965693.0576339588
875236.4139855911
537548.6886183077
28484.568137341255
74630.07384047806
634999.6838863282
517317.6226771244
15087.464220079324
1385225.264007731
99364.75695629657
551589.072876704
1247215.6707885212
52765.43908133339
13780.848083430486
961614.2164501376
71135.75315230677
311125.1403623158
429370.4659859493
62749.34374197536
151287.8775284407
761821.465426819
1098155.891630958
116130.32910194325
147031.93883150385
52993.601696311
84431.97153590454
663155.4416114506
433123.04705434863
2062630.516307256
42852.31012410274
83429.15569696193
381300.5069349179
641940.3521073608
913797.2190202054
562010.6665380269
106081.9712655005
468783.8366333913
359990.02491856116
4584.045143313819
774380.3810264042
521650.7574387818
313940.820477635
31592.84800957242
302303.2396047778
343755.07343570486
