11.743265823599655
98.97612458621965
121.72564222444859
21.03172973175604
22.147215689357417
47.66013920410171
69.03347916118429
47.78469191791147
105.13949309103789
31.84689810272181
17.007589959999923
2.350962662882894
217.95313373488378
44.50062505015369
132.12603437172842
0.023080048726429984
187.88905737411855
10.096016582728986
124.37722485575107
134.95675716629503
78.47219279558962
293.5666199289216
67.02465472680511
2.630913516057385
11.966869783139868
64.27687292395991
236.35273254413218
65.93746402466873
50.24039700212201
36.514361678768566
40.078924231845775
146.25615796214666
142.1690988499809
80.68668824732053
151.7178528300212
130.13267295103125
195.07551483531608
7.402084166834244
196.38523103172466
25.144869831870082
36.02085494156877
147.4782611469926
217.68403357830778
79.52801217633193
194.9764911086206
8.834679168654795
48.66844038918346
74.11104565110796
73.80404422690603
27.44698528565237
102.5402227497896
36.923779865676586
31.474790432747287
120.10756422203184
52.140676287794314
112.96898862306975
369.8915008870877
309.53159971976584
7.224095110827896
129.04086142663562
12.099512311530866
96.23347150853938
92.85894456460838
84.73111754275524
188.72600322396076
19.097013567343218
202.74896626225112
95.77453773453082
34.52016171790452
128.17124837873754
85.73959769453197
2.4283000724355857
17.04677094459625
174.57310843063948
23.869415420984012
42.69688029212698
43.35549955864085
70.68644335419
339.61091651150673
62.225693915285326
22.75190624381733
142.59834530651378
225.69686094207395
113.27445608761957
71.78487739883728
27.664938408798186
38.00596182603261
74.79399460150947
41.97180690408293
413.069986099828
40.542818060678265
7.968923755868541
5.960200855442571
68.86947302013287
124.8507720352825
57.48179238904991
245.9431695396737
72.34613986955395
128.68444035613047
344.5274531722068
82.56925477985423
65.8382636760697
186.80793204792656
12.67543407199918
106.46142781577502
59.030140670106455
150.7895817899746
21.723866392276754
232.18290955263183
43.87303833588478
3.6348262672072043
177.20478091446515
82.36142577353625
267.7894641519763
270.7628759512141
118.83369059060799
412.61191634313025
57.530715211654496
143.13291668833335
2.8104941545654114
57.775504715414826
315.4471459906127
22.644049675492703
57.82327056560894
33.27906575115189
30.571186889802945
110.91579104288054
100.53894496124357
2.5467896572597235
229.272432185681
222.82181971818167
122.17324840213684
124.34997288137032
229.4220596088467
1.563264364393279
22.673603896328117
67.3327771138028
17.560139158432392
28.720089719669392
9.929820688407235
194.04758857765898
34.209443517321766
133.53572740039826
30.794901771876315
99.59590583067938
15.020174661837139
215.1052987573888
10.215119809423538
272.7395085720654
306.9074353084295
12.543803434500292
47.62015717664703
12.113943926785117
201.3218953920309
44.282392245572105
15.882903803196376
75.66053811079217
12.563281240351015
85.90955195483525
494.26879628039603
196.95015146496857
115.22646029464573
25.329591458661955
99.20310057917546
423.3347096792885
181.96992441839595
79.06222734840685
0.09718673804062333
77.82491361311789
45.0452241093118
20.33175516737326
99.69695902740541
121.35973755421168
95.18897479790901
26.189825913283926
246.53502425979005
51.48824487202743
67.51930894628366
117.86425650046034
57.73054315916078
217.9260007312572
107.62292098750076
2.794278968706965
378.5466949472395
8.25993373962847
128.29688883206558
145.2835314001622
324.54885168305503
16.28342824904484
129.20339441571494
110.9014639442142
73.59756288596218
99.11200600567665
50.493546794495636
213.10505215590194
16.85409170769526
16.781837606847652
22.858923709249623
59.018842534251476
217.50169185362833
60.886816382617155
90.47497110669275
2.3446737926765904
164.8260482208416
30.902608099537222
31.206559914877356
178.2551342034493
22.84357242593274
141.01062193902774
111.45218663194979
204.43158381951986
44.87627103972275
401.5241618727662
136.28342156127877
124.99642872619478
25.425280226920748
47.20819564981197
3.878109944396162
228.33027748398717
86.3948629599026
8.382256397314567
3.767505717398906
74.55008438233612
89.34715955891289
70.67219930480576
131.3943900741141
61.02723875010419
60.10990771993198
100.72773969781359
146.31526278016725
131.79066675705766
89.17332115071369
71.7162660655943
9.512460202173498
483.76895143353846
195.0366887085804
10.538925344707376
29.21707624754352
39.373317413088515
86.53108454821016
30.86649871192162
112.9251632141635
46.96757808004164
183.94853910748475
41.336982698639694
22.59292070996359
38.748529668789395
159.4440641547261
48.422779637634186
137.25590776844916
109.50692501470341
52.33744060714373
383.7475819250157
85.31951419562648
205.48610511948647
106.21033424107877
173.01372945365446
60.137004526219904
20.233734324420055
7.975151244361324
44.98519969967509
46.38269975163247
7.999790678546324
36.44497208210964
54.664185038243126
285.8411859130257
148.58567778512054
68.77277445682537
415.9013850674662
42.82692114024655
302.204333970255
25.19569850321636
125.26146924805246
202.05833240807576
115.03809145125946
46.02278248645911
200.86134004097693
73.70635399631078
16.599511114621468
26.899056171645466
143.50503632705994
252.26932809322275
8.980632275629477
46.06293207662422
56.69794299361055
155.02021975513964
21.69340905478534
89.22897584277263
234.23411893637999
128.73285235332003
274.5558705400058
76.27827010444464
39.05102933739378
25.848080971677852
28.913679476041935
85.04411855765068
16.86653301058898
45.61353349789197
154.0441433488892
166.2269451376236
18.912358583751868
25.612596820603148
27.297187493542772
36.80156104994866
29.919656666261982
65.78932138584302
29.268806939666145
1.7216351433156996
126.28212298704075
111.67425686167019
182.55165703541232
356.9213782994127
28.675348503823006
26.111619747521104
104.83360949596951
246.73728380887053
350.9366352192264
4.719214954290051
125.91619507508524
25.168173285472268
100.82057814845938
95.14949795922455
11.209234475193174
0.9419482253243857
107.51756095902536
405.314444308639
14.04795233116993
317.9625318430616
5.939084475519641
111.67471344071122
2.0945843366666335
84.24370246076536
106.07159450266256
5.38529571149962
67.97278949300033
62.924352280635176
89.943035204716
43.651181848351065
92.38437251600176
429.86151090765037
5.447940901938205
4.218778803326792
40.38561254373613
50.67019116209348
402.11267375077944
48.45106547203536
26.498991555215493
47.37644150488549
218.28693134063002
162.5304114035361
18.759028176766307
156.92623955665442
139.34106808714023
95.42145184696024
121.89452481985496
41.86688427337463
115.19249663666828
21.59025084944901
97.8890546739502
194.06761760173742
41.176816055179934
8.15404997765691
33.20298318149203
5.649367633116036
59.093799721508695
13.416377162588404
52.82944484721997
144.62389345201743
47.122816531992505
96.57169307820753
34.79038898976351
216.62931743086395
149.53149234471076
60.70127987347992
82.99019184706182
40.27453014120873
320.0954148287088
126.55004254132483
32.69625785147514
265.9765032596362
122.44070191217061
164.09533581776833
62.924663268446466
33.47986509532244
33.873704875984814
42.77363261758443
81.41965727064388
75.64841157233593
4.176796211518874
205.59239048610036
6.490486157996947
255.89252595004092
92.35783086058751
584.9308112059018
94.71084892086596
4.628938346195778
72.89805292822462
29.69774000607875
49.00458170288987
50.65416182896125
67.194961994762
161.19921246089217
186.3238775618989
231.45792684403543
26.78843554553636
27.909992650334605
46.23263566902738
1.9401955357883458
160.00860914912028
39.273520937796306
14.258880732777708
34.93951784108217
70.03477909280694
35.20776786670772
201.2017184372256
1.7337578748225524
95.2337630137588
32.02983038172073
138.62272029866298
19.059191672530602
95.46082194072227
5.276887458760067
111.03453448155103
107.80816247177997
3.594882023485509
1.875280268749538
36.553230406214276
9.36270543053442
18.208471025285323
43.93477706449952
0.19162888952915358
250.73062619714733
46.11647335786435
81.64128885411195
167.38413428498023
56.224644445090235
5.404820360567234
38.05618606575035
50.54427440304888
1.5012999567557075
41.20035946952396
50.16884806380041
306.9973502769074
117.8097133696959
72.59216478800593
62.039328833807986
22.256771657732774
79.89377776286095
25.08504165300693
28.784991960997882
162.13119268487645
23.804422654766434
67.64444414212524
25.87443389943676
13.244532828588845
92.28646689902588
11.344091383405257
156.99946080542054
424.16914845531625
162.48255605185315
8.137083716221467
70.01561288205647
1.467798381730143
191.72345961322463
161.00066728892983
101.14247524011438
171.64876250597513
189.81664672451856
17.82761370249995
161.84389599531835
76.41688034041842
71.67913071155473
42.857424402016335
24.116579287431012
277.74541245529645
17.588375796103314
49.187684341157535
33.045586179127966
21.464568148489832
27.388727686847414
91.17863939516421
27.841769811247723
290.4008067478499
12.36153759252007
196.0431799705473
92.25635401475942
165.008036138402
8.299655546578087
66.43286274787192
87.52723821976076
19.532797972735775
308.4497266156902
176.67889082599223
147.15472601977092
274.6652429183608
52.57367709427486
21.847963964105123
108.25986037377746
105.20629141687827
51.02694618468957
34.25088791360081
5.133687522418743
63.86556035175429
45.09016238113109
93.76227325431245
60.19584990397092
142.34034730091088
170.27672720431949
237.3015930318682
36.51592230380909
30.130549282785008
135.25259549545382
57.99439339934023
435.29057910148816
10.434414791362425
34.92173864612845
320.443530844826
43.82407676391293
326.51926945437873
403.8269497655076
8.097988270585224
25.25200041809605
189.9811423057695
13.218213360421267
45.662738506409006
46.17577557415183
130.03979626806643
35.15144781168021
32.778737910476934
82.39820097764105
62.611513990331595
121.99862543576263
56.82097969839411
18.111720726972596
40.214390528222324
20.78503765920095
38.397051107343785
17.83670719445232
9.556750850917588
7.091370668054674
17.624809229152458
15.09184758550224
156.3313319370678
249.14718957659892
93.60047966322597
46.97526441380143
98.56208179090656
57.29063138667013
42.53666993868678
347.03263450428983
60.83433470714293
7.78617395250343
67.31359819886131
25.454758717531384
49.00528036576304
88.09768484645616
62.73818687012508
843.7173512820918
124.36427089258544
7.56502915706665
184.57392005644172
125.56978328199315
52.04721213382701
24.816841001171905
47.75971890830155
64.36808972031609
32.09724122537418
75.80228766591217
23.137940504017305
130.51584091113733
34.66461012257984
2.08286421953365
130.21964986311843
135.10940798730283
86.98461870895295
90.67777957296443
96.10352129599862
9.817450251774702
85.27507906891685
74.15801151622702
114.96952109802744
22.471653133996725
30.626984503980978
35.295067914186895
231.1909505874495
24.24095047134178
293.45688232204134
20.26526535789207
60.05853828362702
25.356316785097587
8.095108113046464
42.17565589556659
22.63648897787065
117.26681148230777
25.519725309181283
87.41194814923107
74.94170583999694
213.9866088191168
107.76366340625142
164.7232891428901
90.51300122078474
42.852519904127256
111.71845678917785
24.937862073969967
15.113754597595237
93.5299163569454
63.2096720549353
72.17131309223669
117.52603469765542
55.49575892802448
10.46565381683864
22.811883611792286
82.12314151366519
8.263663462545198
21.55162413139748
204.275193643362
2.3944754267350365
19.28851417676498
348.3285184382066
760.3291522234546
88.80823617780986
101.99311699161176
23.60261588797909
13.19577731954547
54.27157090906435
348.5670013812542
16.510606187720008
41.463476453188555
257.6670398446593
128.40702917215432
325.15571431595697
461.1823994747795
52.10177309033257
186.90867224498172
54.38262200958988
166.51818260816407
43.9885647319217
244.172747356325
49.41873750605448
182.33056791342983
0.3649620512716179
365.3683597919864
192.1126076952583
84.87740266639736
159.43174438386185
89.79433224442062
114.01671621771295
7.766807812615289
137.36382145368518
83.58302195472868
282.2201787914391
81.09209957425908
9.790499565299626
109.44349802420325
72.43935971134535
24.10433288601677
10.168400832094369
12.291544411743638
80.64886091608717
15.956203031130398
50.37662889774774
39.19111161680145
362.0412360615068
137.05785492289127
55.622473352770434
2.9885166080557437
143.78915266455647
116.4796397327627
104.92869587894738
81.57737679776244
78.99919043776923
50.7279648288069
17.242715730943264
63.48468490071054
45.22076293635546
103.4892338633572
24.835997197050954
7.674963239292073
191.20144484416983
3.8661735814842157
9.605875919191854
119.02063961269106
17.69773027227891
317.3395909047247
64.88541463984586
11.40573884553022
235.86098640150593
22.02579214615273
38.07003237205922
317.0228115142653
121.36874805849901
53.033263289591666
91.0789677630205
139.73323202160623
3.205246234166505
103.24973743882992
7.367373014409001
125.29578617301608
53.127552116870646
14.155273924115429
53.45801396493904
39.45108233340734
0.06855614201341824
208.5390374184524
89.89693878232139
90.51026192676105
8.440857384730288
213.69329624355763
320.35774034812687
19.97143594036327
108.0764569570031
649.5648826015473
80.37462720867556
82.83402475509186
122.93884711270255
77.68943815116465
12.370495002000135
116.19772469950296
0.7873442497211451
222.4214018972724
53.769053703173775
269.89925085616017
413.4556139892361
63.43656150063161
24.75312629538077
98.216787559603
101.09700663856026
78.48085073096088
57.07887659686052
272.1265178740369
229.3118553037941
21.65648255809592
199.67852032420058
226.54821780547536
31.640934729780096
160.41225519656058
68.37056104985432
37.10804802280536
14.143907787024983
74.54811968094452
136.94825167610787
151.2743476825636
46.56654533939019
100.03422943680363
40.555745138645506
12.203154271263047
339.52199700081627
2.584897084306451
5.1962946658718465
106.03778344582766
88.49589814386661
362.283715302368
229.63285869554673
294.52680175907193
36.531027229482795
24.81743167346405
216.62697337108557
59.479555707507096
134.59153258857214
239.27321655044705
75.8500791988864
34.23337692703602
52.67449250438588
206.7832708264755
9.457692269303099
13.58612098062931
262.6919469556231
42.35210691252757
117.81629029388174
49.006552332480496
17.285190861600245
133.44723598037967
160.7892453760689
56.1492237527621
104.05998062252257
37.28978978699312
0.3724738394328371
305.9020467196439
62.546232534760485
15.005430761492978
71.14562964552564
469.1882124836314
41.5001358264142
43.10483625882887
74.79837266407728
263.8170359049445
83.09974361178973
147.00266316261744
18.444627371509345
66.5957325524178
188.95152154231178
101.04168295378018
2.2373435550993532
16.030903672960026
59.17825723558477
254.1470712682226
71.3874483084748
36.72319093825257
163.47221278866914
255.3040214583515
61.968697152395656
244.01168650208632
81.34650706029478
28.036048443115817
284.4379489168217
114.23973303674587
6.964726300623575
91.52703006735082
501.22044715808505
165.88080904426707
31.124274162162227
57.77721517433191
81.46939869582627
427.90997140701967
6.242930681019623
14.874442656391688
178.3375259408793
255.03816737674723
1.0574786872389939
55.976551310035426
187.71575207006717
133.7477190464802
3.179088536836473
233.4386312385536
31.771290702035888
179.22063580058642
113.04766354487279
78.7205131880841
107.7088846226906
20.14328833100255
31.04938932342406
148.49060284702296
58.786858098790645
90.29685320032657
97.95970688884276
3.3015405306499868
58.16684662553584
156.2493203565004
31.852735974860224
53.170922422885624
127.65352933882158
189.18858884414277
9.691289640430856
27.63515654607987
15.277967984522071
44.59425599514726
228.26712842967447
28.83907503144917
12.720978862844671
93.15435754810069
132.77884165672018
89.39920937608943
105.48520312961884
94.33688612299014
75.37545245038739
42.552845877557274
37.00896902377923
105.34170780690185
37.715817270309415
6.002639035992018
3.7997662449280662
316.0730900812769
172.45863007745052
44.97728275262586
10.707160816190648
12.589981159955084
65.19727034733896
201.34580834032832
172.1668331422997
208.8634227991383
40.09681689288352
98.96716139128671
96.16650222441251
61.02867561137495
8.939719326960844
45.25832032319437
4.315221916935148
43.32331847415705
79.33213440051895
74.40364156854555
133.7698884692294
68.44894859131293
94.67515457981824
32.33430507731576
150.03743246856104
107.34635108807159
326.9358420584487
99.12242652461441
13.067012658847595
38.36662174763841
17.644379280997164
37.91704318214776
14.38476317260362
26.705766995698266
347.80785180042744
119.57712206259684
114.4790295323916
123.7404405179392
63.21442922479069
87.54775753156129
170.0476944000333
105.43229482531557
33.93408812064321
44.85255557898262
103.45984886233697
187.81162708588548
177.9837793913105
36.756268820273206
63.35611561577974
18.13456763457691
160.2512105195229
4.919587173980719
89.87096124934152
44.26217471366651
196.2415567800348
36.43652700207427
257.149633499996
97.9536011096696
12.488949569157253
17.436492877086927
5.9576460842506735
106.47080175913135
110.26706503138469
1.75049667153923
152.93230971426394
174.90107004806924
25.73814163300571
131.6082204496363
30.431451863193445
20.849851644693306
339.25720775249476
28.063115490705005
26.473893231350065
20.76307957722571
47.17561457104329
51.74211359288276
308.54158234956503
3.7907006415919775
106.30952449386135
4.2623373056570415
63.84407208731018
90.86141583259871
115.79797962839862
15.230121762283899
255.08932231898532
65.56362854500175
97.84810989094801
60.70395750487288
101.62607546831238
365.0192331821414
31.132762400528815
73.22991706982259
24.60276235571545
149.84429769095252
40.42881866301389
124.26109620904174
186.9927281199519
172.82616439592633
22.374827539306278
0.2918397048386966
352.55567631056965
136.68604291519011
141.9703890705848
110.12492871350621
97.65991039207029
112.4609834834786
210.95226571667564
226.8323364773942
47.62886648622916
217.53157536901372
30.967877360987618
131.2095216643802
49.67715825078865
196.9913622385355
139.95764644096207
83.90995895299514
20.613430950711525
25.085781881372192
9.48392825800421
79.54797153486471
52.37153209655792
79.4102093089168
73.07293069955713
65.61013985702857
11.200237980266866
266.56490127046493
26.401250274430428
67.17016969337985
11.433827238798473
23.581498632370305
34.13126183991267
65.27724875218175
71.34538901263952
68.92047833678713
2.960540896807711
157.05514081271474
10.794267264533538
4.169655741382422
5.915721880350925
128.46137170789018
63.25771531302911
140.39779331147793
50.500953729362905
109.88595539878271
292.2890391577969
340.3883160846556
57.487011466546775
23.46721439011872
45.31293960616016
68.82636581687396
271.25836055184305
255.50775783191244
155.49804313380244
26.48748319349556
86.07712397382282
5.396435998260199
96.13309845137574
65.32461923665281
187.89697865081135
178.8522244581
65.62823975576286
19.94292231039147
59.40459671177687
20.68771974823289
213.9046328915527
78.86572594942865
69.18926080648859
82.17306604950646
28.551262441739883
128.60441575526593
243.56115663390432
161.96339047153964
243.5607301141817
81.53228711172896
184.84642749658866
119.51090504391543
107.86160977334156
127.59237607802497
229.04610720826068
310.73978961863503
58.39247747693406
47.38722105857697
1.5079495974767558
420.2774872051439
124.35785016573436
4.11410751708007
74.92310063236556
134.93078154553444
135.5640911852096
153.97727389954986
187.12999108882025
143.87748775768873
30.767343539670236
238.9247246204741
23.508595391004953
68.15649894895743
