288869.555774
50881.331714
263173.114018
1126519.60824
362258.246796
691990.799602
441505.121539
303576.125662
1575548.04783
1649958.92477
12956.8636732
265367.354941
455297.423258
128707.743008
338945.999098
43857.1118076
197016.511545
374522.545844
14165.141414
22999.1987595
177970.509209
334301.377209
383475.473973
719733.36862
84322.5035767
188284.245031
1413500.04896
26048.7723216
2698518.7036
143445.029108
322028.392136
66079.6388491
149703.935635
377704.396659
151968.807991
628959.367428
63930.3556139
1118371.54903
404728.307966
450442.843869
2086650.14756
195709.451287
675052.874124
1737173.91429
2863800.8633
3788807.05148
1240802.08096
9700.71286142
187674.71861
373195.933155
557438.854717
157564.374636
868982.458154
162337.751825
181178.30719
1796098.71655
252839.54427
1692585.67455
660857.908197
76074.4740148
332213.426207
10785.6547432
3517.56631829
60879.618253
283703.098274
172434.064432
2343720.86184
234042.218877
51919.4376134
558212.721713
2226232.74216
138234.544599
63628.5422735
442110.260134
2095924.69508
408222.135474
18928.2221966
1471415.64971
1489810.42177
106505.586409
19826.6469326
581426.382893
883971.185846
1086181.10597
286125.628329
576351.467931
409340.134204
475416.754894
394531.162315
546366.532619
1037624.61022
165429.716498
818241.898553
1517264.04464
33769.8290191
85095.4131453
948933.903072
224373.0729
515905.099902
423520.082682
880192.844067
1043529.12286
66985.0526098
1000389.07112
241847.375021
579439.727088
1345199.15649
11328.5704942
1159578.70299
374585.265977
254284.400152
678302.016544
527048.836725
252200.589501
1097076.25745
70355.6921535
50068.8686204
2306193.22854
1832819.53059
240519.047584
176205.324442
162477.970014
671450.600969
1002582.15753
1180687.04975
551858.247944
1813943.11393
601594.938418
127791.532426
3568053.68191
622143.108372
551976.926302
707201.463794
327499.184484
221703.77444
30865.7852824
613098.785718
709306.475327
1054269.52672
93455.92239
1697982.1861
24072.6156603
132106.910734
349660.184368
510446.023359
277111.504846
395710.690967
37528.3822992
61586.5387608
1370685.60577
1999878.82781
2691258.06602
1051621.90137
20897.630676
826521.599871
768545.85162
291577.958049
538835.678655
440538.708262
49466.6698531
644205.993384
343631.048285
727114.628923
111249.292401
246967.126963
44443.5322144
268029.843816
850930.10956
149594.793121
156909.428391
1143854.27527
157130.559511
210100.514191
442753.010522
905431.923234
974807.89503
2648395.3765
490038.896047
30527.0424533
1391359.17947
387230.876042
394915.358644
2906890.41774
184662.283735
542379.731694
836446.695369
422730.614207
23637.3136272
1893598.296
1219913.29913
434674.605124
62234.6653403
217734.41147
275797.385191
72578.7807228
1185881.86959
11555.3745722
26061.4139747
48459.9502315
1527455.24135
927761.131179
305108.206015
1121131.69333
718668.545077
104497.302261
226710.544607
181966.856242
160341.852456
288953.104556
382067.244472
383149.599611
3268751.25561
1078004.52702
46490.9645121
3405501.83462
47830.4602165
2058341.81343
172490.167983
280080.082593
468313.798682
1147327.29442
401814.325553
236623.995316
648698.081924
719944.432453
558902.092272
1001197.10992
736202.293528
206185.962156
546795.883167
478903.446123
1122342.63856
54295.5182876
1598868.86335
51560.5305641
598473.112151
376438.428414
494243.982189
1956837.89591
229355.451732
2127713.0412
187905.298521
349791.524469
712839.064148
542221.585377
375927.743086
675417.852753
143156.946598
587570.644865
268585.395995
59550.2143457
481712.320081
353281.156985
255353.662714
652091.19498
265778.244591
624465.921904
894064.522037
314188.923764
861460.660943
882420.084036
404731.093839
851368.489723
177193.952369
285000.89663
113056.116578
30658.0807307
1191805.59296
520639.478487
147251.524383
659027.389496
786320.777275
387229.670651
296901.842964
1232886.40363
60469.4625271
184694.974789
124204.294672
1752110.90742
1215135.51435
332978.312875
1196476.90094
70200.3075632
45271.4862695
1205134.41435
149618.392493
1385449.40353
741801.73009
175255.592448
754480.435915
618704.161029
2140560.99516
229633.939075
725902.295095
2283438.81048
934367.107969
492424.191438
317667.344686
588121.589693
343339.163903
536779.598015
368750.609565
391428.002933
1375554.09595
49968.8302123
483122.180207
265146.335115
204743.690219
113220.778572
1219836.80648
346200.596409
637416.947242
3933778.17273
126158.7637
1411802.20664
934564.754449
993811.643134
1333126.79603
1782252.69057
1177709.3508
563574.708344
566187.011569
203246.442578
266148.353669
95700.5564841
328781.236022
3095978.69171
689246.343427
1104756.76903
2633925.7899
23041.1415828
1607917.14741
132042.927491
316668.277771
71561.2579104
890635.993716
616343.14454
331808.112128
1440640.02794
1372380.46518
348626.873546
512086.285275
173087.19748
1132907.99119
111445.714653
1888863.25992
2042521.35512
698001.959734
543496.686938
126601.309676
67751.0847767
584356.087899
737977.559807
1704121.26588
1877705.60217
2241742.2199
1326367.11055
286822.887953
1172180.29895
277352.792769
31119.383818
494640.233005
573538.234757
142828.785326
544626.439774
155177.668491
76659.5814297
404164.934138
1743712.30492
27569.2098684
108268.589995
612178.782472
33016.5144938
283593.984523
2861086.34009
91760.5915391
1085551.42117
348390.059223
4979455.5799
1812846.59999
893875.464287
214071.532335
44555.261974
229682.59384
1195989.87371
412156.525494
723168.193803
571971.299339
25080.4436088
216018.42134
389584.73725
69356.3872064
804627.113633
173255.823184
261458.611495
106476.817751
590877.42139
1030884.85872
340940.776055
305912.26579
292270.693089
3954916.75459
943486.314982
1028032.69602
271889.768336
603997.408889
394639.786336
247375.213657
36876.3809942
89921.4194254
1089495.21055
79592.5677648
3012869.08567
1043869.83993
767139.724008
427010.388945
85779.8606303
1228627.34261
902578.221416
188816.721518
639887.525614
729523.552151
475833.701486
181339.562633
68716.7204022
588264.966051
234042.746501
537956.778686
676672.988215
1394205.92284
608382.806621
1781014.26503
2778755.63823
2988321.26928
744795.618629
1025113.81075
8202.23227047
3238588.98843
599958.57057
1051228.56464
2965939.031
673097.762462
385341.746824
370763.194779
360469.871986
498654.086206
295944.035779
942494.812087
1402638.0897
33125.7375528
290721.943413
199059.457473
29148.0449409
3475173.8342
624857.822445
475520.644148
1255359.47608
529546.145307
900116.687906
1169021.89037
84167.3162475
556634.981905
4864.02843863
358871.520265
413119.20571
42163.1534499
134735.277146
1541682.04779
730914.563145
550896.031233
69494.6963878
84577.2054919
628618.691328
1283556.16316
1072122.39279
210384.976951
86882.4440972
914724.3989
107688.218089
271717.153032
75693.8520848
116851.350742
68187.7430436
313174.719069
862489.533708
94150.8785708
351114.678543
29398.8276493
857979.128006
125553.929144
865844.870324
804551.404571
583116.482868
14725.0129716
1027384.61856
410671.603582
230810.797672
70487.3346967
659176.445726
184337.402249
331344.77293
352857.652094
352847.027354
915318.38472
83387.9403556
871823.917101
857302.614014
127483.616602
769279.356868
1296068.23538
928150.226554
4363.65767955
907900.559604
342888.43556
76743.1312495
968796.020844
316061.911789
298073.216084
1299707.86908
57386.8305912
900742.848121
1141840.75261
1114345.47225
536276.091605
343836.623411
574604.893936
24959.0633942
657980.481685
50787.7551082
1305720.92739
184182.939889
18307.0578978
48863.7580939
39650.5749588
919401.699217
30150.0563616
8551.15294999
1955413.72692
1376059.07336
1702664.64534
815498.869028
919625.617201
71282.0215381
1088749.68819
1411896.80481
139542.059316
1130364.8126
1507963.06575
198426.922047
339411.13521
100921.878689
1008869.02618
422911.524756
2655892.76231
207704.297183
2220434.94938
1691037.00441
2569112.164
701951.832126
1954450.46444
640901.550558
602407.408141
165621.250379
1683847.6373
489758.931267
50471.9811652
10768.4566621
149421.760004
203739.654049
402179.666246
1439983.77917
686.284312077
1097211.26884
685380.750481
469949.632074
266532.847706
447105.438664
362729.760656
65031.3109828
139158.649343
41321.0533907
121431.39562
441622.15259
1748246.11161
32887.6455324
706228.512049
491276.439607
483399.41346
140688.852382
2968688.21502
367527.820881
1476442.12218
562888.112084
2110805.2268
681381.070814
875721.708199
509132.824063
2034337.49015
84372.5060086
1828945.20032
1299596.21986
305061.085853
4075282.19698
240132.386943
106516.091598
303291.827954
25195.0657689
2985056.5719
635573.413515
1158785.55354
799283.915313
297083.113927
597038.847533
48443.0608895
132018.866067
1018033.80137
468070.97809
65428.1746466
226688.373529
782800.306757
130538.010893
85655.0204321
142001.585856
260197.852841
611063.816839
411043.615229
1076646.84962
956609.006223
71509.386773
159520.195659
644316.029099
1561889.78
1943214.82784
275235.308131
512183.731151
3408809.94528
1155557.80388
913643.389666
238025.900808
265772.529021
299440.648032
9545.17297043
1808745.16944
196975.443159
322675.254641
1986806.73594
785274.61003
312572.929665
1175459.18206
214074.728343
2736593.82576
1312428.10881
91203.5857831
252889.231469
1858914.44014
645495.939297
49386.4976489
501059.241611
1112269.13209
35354.088319
89019.1832247
39170.2305934
163021.439798
78606.3954271
100366.370016
783367.050266
365551.665044
3586.73480343
631164.014831
1254473.22433
549019.058826
143984.712088
93150.1285312
8679.20203826
73921.6387796
128207.938335
341927.997712
1882689.05345
851305.284309
258309.337461
1897316.19109
84447.2844067
533321.632079
233729.838184
1364599.36653
2662866.70991
195542.860826
318265.239671
1352710.68452
1336910.41343
78765.0758686
1425516.74346
468081.34612
815437.257366
259591.637543
2113700.92859
1743780.6861
42778.97168
422819.685983
593835.748454
2100978.78357
698223.943842
2158172.43687
1549331.17302
694734.488943
177610.432996
546952.162976
603554.942866
148992.242573
2293873.56302
321223.460473
932201.699576
900754.944745
1159018.96149
31565.7521659
43749.9720844
501746.783314
950482.869714
1171607.55755
777998.352842
544308.899703
891148.028188
1080386.80679
308911.524054
519303.198228
294169.545537
240639.895647
1149672.82251
24352.1122966
664481.473502
692587.73262
1629513.63361
964949.298913
11976.0864514
213258.809693
768214.0049
3706.76349464
1182384.0097
679455.072395
31590.0285824
186195.801244
599597.206655
27850.042884
396859.139066
68446.1178812
1032681.85229
334072.273585
105272.986342
276134.878608
671700.731062
740266.475833
307734.6488
441543.664354
253621.886842
1337347.50836
702133.880233
63638.523607
256564.067126
254032.315642
1178396.50424
152770.121442
352929.661116
663069.288806
97124.8218684
303963.240668
69241.3780022
81371.9182131
1587465.70003
1251178.54976
1216254.13014
352799.649203
102172.761959
724850.699638
109358.179489
214556.945697
495655.681092
89099.7910878
188622.788415
137087.625113
1269938.39977
1364839.44846
1676259.91242
175401.701107
55989.6868901
677816.389257
1439358.06522
619580.598948
1598805.79911
196781.828337
1340823.89585
65735.8163176
1366659.89231
887634.361592
3160767.52294
1285716.20142
257756.279877
784725.101681
681188.001052
40653.3469867
23743.0276593
