20779.751365149572
6888.12103737547
31529.191355516017
540.402661760457
11611.41682195299
2015.009799691624
7188.83689503758
23208.539971753908
21661.515214848674
6384.250448742538
48126.1465665253
72643.49916672596
9241.086193478866
3491.5055278623004
52637.498970732835
34492.012442705956
6862.240108149752
37820.220168143926
24250.356793122057
43415.887225896644
5197.939184405547
25076.30206992074
8466.437145742782
83378.16162358517
291.64051279473466
16166.178740842055
24792.797172353436
22685.657821818753
21057.019774343793
6679.116408207478
21864.798470084344
4327.797687411136
39343.62392720895
15729.683682605444
17964.410493739706
222.62022416219253
10552.019380913269
29237.305044766545
41336.88751391444
13183.850857865284
42528.43311131402
16910.722601166042
12040.577576160287
20679.0847064163
226678.73689469474
125699.02333366027
43701.836088660195
18496.947644857002
26788.006879094035
16300.785973854343
48054.04081793216
53030.54570830012
23288.295508183666
72195.08724604039
124884.90254908634
17524.380947119884
38778.29306333397
846.1754861827267
2139.912453078009
63337.69925509646
22865.345612167777
37590.62056657867
268.4060497844759
1163.1575282148538
50415.29643300639
76389.93424599398
15673.798125386162
24672.222677219965
21039.72897909347
19565.759301623657
9526.960589170354
26243.134918536874
