273922.2265812871
78672.43213502159
14908.418555635264
36324.60693237482
67595.84820173164
129622.6737357521
154726.68389864487
4400.659724221281
137960.38497050042
19006.407495101317
95115.24857735286
10915.760548928605
321814.48520367057
105622.7633632366
115851.78466987477
9580.780125272864
20477.528436806297
90652.1958190372
100072.33268600117
53379.55663299413
217628.61980649218
71263.31688280265
51882.12434293326
351040.87237982993
182962.51077216063
24039.45755690294
21380.926406616745
41302.97604967551
15882.69977896292
389527.6994955568
8080.410705809814
107308.00966150938
223340.16602597272
53917.74065253201
30522.57889825943
263779.4981808319
40556.960684500846
219311.36466639143
101575.56584906511
235545.45799443117
115267.60457826068
58232.81894421693
41205.31581520133
34527.178727141785
147718.81881010137
46207.37397861714
35409.66837694429
64877.629152928
23799.358412597554
10276.91972537698
236913.31188865262
99311.47423468021
77591.05441510702
5923.53481746599
2223.5719181410705
92588.94672087375
33052.47827133919
167666.57374144197
36012.34655494324
192991.88418643668
115369.75519015713
82300.29038077281
78622.02891537869
25166.38996178122
75980.61334575588
18011.464251091307
147792.34970606855
36034.86460461398
5547.238479204818
123644.12867443499
85347.25463223296
364984.1898091737
